0.614112385093
0.626418687144
0.607938045741
0.637673338541
0.623569911588
0.630990537529
0.622164443516
0.612625304882
0.616449615992
0.622588878994
0.619896201923
0.62378950234
0.617052254455
0.622647019645
0.633852866634
0.620838435304
0.62641729107
0.625042536619
0.62905499774
0.6346924886
0.626046633514
0.619347515891
0.622436445201
0.627364527048
0.620819035697
0.628660112489
0.625563766537
0.62277342248
0.632576855309
0.626019293738
0.620612649474
0.628107994441
0.624598148923
0.638145385947
0.616154869941
0.63300597345
0.626705638451
0.624057548483
0.622601065553
0.626652354973
0.625483288707
0.629997580139
0.633496577002
0.619995235899
0.629591991656
0.626180889264
0.628357571693
0.628833022028
0.628959861137
0.619611722831
0.636884993197
0.623835194668
0.632784317672
0.63104419911
0.627882324951
0.630166388712
0.631377744375
0.625111293247
0.633883347575
0.631254657214
0.629319495529
0.632063478306
0.629131723622
0.623789473256
0.631550101303
0.628994210366
0.627702609553
0.628603135232
0.633983399521
0.628537985128
0.636240879713
0.628560671325
0.622045631831
0.632113533364
0.633270965682
0.630841157648
0.6276371686
0.628151010961
0.631335542232
0.630032714659
0.632952719057
0.631139830156
0.625322536643
0.626116059093
0.629530186312
0.62842321624
0.635892588419
0.630228048632
0.627457336862
0.628832934774
0.63588816752
0.626107769906
0.63725646513
0.627365050576
0.628668488931
0.632730597921
0.634585339947
0.630849010562
0.619849840644
0.627575944953
