0.436177280061
0.459382203781
0.425754833794
0.492437896717
0.467502282726
0.471654929577
0.453014265992
0.434065934066
0.44892520874
0.4648821012
0.44014987182
0.455266555986
0.437420986094
0.457809854763
0.481911715898
0.449888641425
0.474012811157
0.460027039207
0.469403834369
0.480653116762
0.462159253945
0.447880022218
0.454859847106
0.469795221843
0.452847297787
0.470099524016
0.460914985591
0.458856839497
0.47779947364
0.467641275541
0.444977914346
0.471496437055
0.457001102536
0.488168128413
0.443728719978
0.479664570231
0.465447511869
0.458543619322
0.457301260842
0.461188046647
0.460706560923
0.47325631151
0.480121038917
0.448828378253
0.465633546035
0.461064273411
0.467173951513
0.465674334687
0.461725394897
0.451414625328
0.4816617417
0.458919451662
0.473234927974
0.471686481726
0.466466112193
0.471785062169
0.471090553282
0.462745789613
0.483502123489
0.475328666553
0.469315983823
0.475194468453
0.468752754517
0.455624022809
0.472493618519
0.463466322676
0.461495946942
0.46452902171
0.48010834603
0.464376590331
0.482811436351
0.467796011999
0.452830188679
0.472977746379
0.474931712045
0.470473314981
0.464653704865
0.462387345963
0.471474131821
0.466642428649
0.475817675713
0.473684210526
0.457884562276
0.457089377632
0.470700914236
0.461781076067
0.477850916207
0.468360111301
0.460928129901
0.46663088209
0.483275760384
0.464317180617
0.484812589898
0.464253717972
0.462350652959
0.473791213648
0.478977812311
0.468492902992
0.445330296128
0.463458755427
