0.0894126565517
0.0816102637126
0.0796315063979
0.0773790853805
0.0759598759805
0.0748260975655
0.073321845912
0.0726369522213
0.0717271977929
0.0700149866166
0.0693315065307
0.0687897491684
0.0680913235297
0.067398662787
0.0667290989071
0.0659935293427
0.0651448752251
0.0650511833011
0.064441371911
0.0639109908905
0.0635108489236
0.0630118699953
0.0623526499803
0.0621740593143
0.0627371582749
0.0614562288115
0.0614469124897
0.0613330639873
0.0611434754621
0.0608217683342
0.060282647982
0.0602592901261
0.0599022969685
0.0597955308446
0.0591160168021
0.0594950376457
0.0589075706726
0.05967193326
0.0589347447791
0.0594526164609
0.0584874356704
0.0585344194066
0.0584962262899
0.0579442976057
0.0582528322854
0.058362727796
0.0576637753107
0.0572450942846
0.0576901311746
0.0574918183315
0.0570647034055
0.0569777231005
0.0572145101598
0.0573266871997
0.0564701265743
0.0564059557159
0.0568933063734
0.0565284060053
0.056720135567
0.0566300315996
0.0566235709867
0.0558519994566
0.0562498720126
0.0561339221305
0.0556087451479
0.0563649968831
0.0563006387312
0.0556070604437
0.055581545431
0.05577827741
0.0561103701492
0.0556591866311
0.0553831659588
0.055609747365
0.055327780571
0.0546452943694
0.0550226308536
0.0553585355741
0.0549993942755
0.0550038589716
0.0557767941953
0.0552439770395
0.0546320331474
0.0555633254307
0.0551786024522
0.0552334655312
0.0550783435453
0.0546388430252
0.0552232124221
0.0545975648242
0.0546714407048
0.0551197201192
0.0544858465363
0.0545589988468
0.0546668834177
0.0547677253758
0.0543002211682
0.0546203671544
0.0546271073711
0.0568670621306
