0.60181419772
0.621013875227
0.621267378936
0.623409188608
0.625395859595
0.61823583407
0.627663693999
0.619347050533
0.620967717542
0.62736513783
0.632722803176
0.629293173723
0.62534522284
0.620573995685
0.621910765298
0.616009154753
0.620853559435
0.621512680712
0.623302447143
0.62437963431
0.624122640417
0.621677417403
0.627893057268
0.618270997675
0.633143806639
0.627706594179
0.627614278809
0.635011258752
0.63592324387
0.633967984541
0.63277713371
0.635153367417
0.628587749337
0.63206356556
0.629748904518
0.631480879317
0.623735491741
0.632293481441
0.624199773487
0.624647709538
0.631538467355
0.62824248287
0.617898682281
0.636401893541
0.62723099842
0.623747532876
0.628541126294
0.627319300078
0.615277379477
0.630745352093
0.624494839472
0.61997295689
0.625115568723
0.624406886831
0.632404207533
0.629825194127
0.628721801493
0.630051736163
0.629189660678
0.621490023599
0.616507727559
0.63465072273
0.628790616291
0.623410002984
0.619711396673
0.611809357998
0.631189594365
0.625303078866
0.629603014821
0.625854731555
0.625034014753
0.62883601777
0.624122524078
0.625487040655
0.629963521759
0.621267553445
0.62769440762
0.628326683563
0.622547433057
0.616197421103
0.617975291823
0.626533426948
0.620795971397
0.62668257415
0.618117051469
0.616618482736
0.614265865941
0.625387105049
0.621681198436
0.621493048426
0.622731365761
0.61301992837
0.618841293765
0.618036980828
0.628553341939
0.622187536901
0.627173235872
0.621938454093
0.614859546264
0.620469959112
