0.0868932898258
0.0785069443
0.0753443449137
0.0723523481537
0.0704681358105
0.0689013283313
0.068640263643
0.0674635404269
0.0662528271436
0.0652148340646
0.065202255327
0.0640633327173
0.0635080452187
0.0629374400492
0.0626448585516
0.0624955258064
0.0615978243248
0.0617100835983
0.061418224963
0.0610519966699
0.060760329469
0.0605249244144
0.0598761162502
0.059965885049
0.0600258478558
0.0594687679478
0.0593263867798
0.0590671309579
0.0591019618952
0.0592305414348
0.0590203305927
0.0587828784442
0.0584487563306
0.0586494608569
0.0586273428328
0.0587742138237
0.0577502280348
0.0583796591756
0.0581847957449
0.0579875391331
0.0578445429736
0.0584739607239
0.0579904283067
0.0578648923214
0.0580965508022
0.0589730334707
0.0579224292197
0.057534760713
0.0582867646734
0.058076257611
0.0574696390011
0.057319875764
0.0575780427781
0.0574973865689
0.0573469963682
0.0574070337044
0.0578651539955
0.0571854104407
0.0574076507207
0.0566322412309
0.0573412689841
0.0572388782536
0.057739698505
0.0572250201272
0.0565093150081
0.0567849889977
0.0570048700545
0.0570946467646
0.0568376683108
0.0570825501204
0.0563951135907
0.0567803258256
0.0568750954196
0.0566972346136
0.0566243046359
0.056184215751
0.0566411085098
0.0564174700809
0.0568085634179
0.0565824370601
0.0564237824156
0.0567128905164
0.0566393110172
0.0565266291802
0.0566853469278
0.0568721297929
0.0563609038875
0.0562251043977
0.0569368444008
0.0571772245576
0.0557957744923
0.0563597546053
0.0564098199777
0.05654947516
0.056163954812
0.056140235249
0.0564613534134
0.0561710655549
0.0561036640342
0.0559207649481
