0.225166862976
0.318607527832
0.349110901125
0.362071846282
0.325161518718
0.350701920593
0.260492876396
0.389436278469
0.139031705227
0.322546419098
0.33826311264
0.325956090652
0.300224719101
0.452714474876
0.319802764815
0.408351953155
0.358844399392
0.370659578003
0.322466960352
0.345197886897
0.267301285102
0.378843788438
0.377887655021
0.39294947121
0.309240954022
0.320987654321
0.409119010819
0.295105784073
0.360739108323
0.325614662494
0.244541484716
0.36822925294
0.414806915988
0.341041452552
0.422335942203
0.375203915171
0.287846678338
0.369309716934
0.324091189156
0.374075899458
0.398969394129
0.411166718799
0.313466178179
0.308658836384
0.399874154475
0.372392182733
0.422539444027
0.411197797155
0.306345338027
0.352560830356
0.260795130302
0.373497942387
0.389054806683
0.362817840767
0.345885159312
0.413856812933
0.362932413097
0.25566064775
0.357774223419
0.4005051701
0.276140416745
0.420294251479
0.364346886173
0.344978165939
0.35164647671
0.26649026649
0.36150669925
0.341818805177
0.365103378719
0.413662836455
0.239554861382
0.394195888755
0.407628315806
0.414551607445
0.385591485878
0.288617886179
0.35198510116
0.385776037844
0.30867823765
0.295091009377
0.338632612284
0.410931330804
0.363940178795
0.391514760445
0.374483556437
0.33336231632
0.395541401274
0.325254654022
0.426922206293
0.404971680302
0.409281095474
0.389482994291
0.423482949799
0.364878373875
0.428571428571
0.407997500781
0.31975088968
0.375203915171
0.349927169908
0.355211698691
0.345955975373
0.458822692007
0.399334969519
0.324448367167
0.356132075472
0.443432934439
0.37643020595
0.354377104377
0.32197435447
0.440838005311
0.404369008329
0.354434722937
0.378993937408
0.384426229508
0.341784200052
0.397820593809
0.292282127031
0.390586358197
0.414546589668
0.354014284485
0.299087376886
0.448764272294
0.416971015619
0.426328409003
0.414373088685
0.349311015301
0.399904252773
0.401650400698
0.351066563865
0.358236895848
0.375765601722
0.306085703997
0.371677018634
0.405908698044
0.420774115513
0.33897713388
0.335332464146
0.368777712708
0.397883937159
0.420636128443
0.305004977826
0.341539528433
0.247001934236
0.313179953629
0.411607423718
0.403700189753
0.288102893891
0.376900198282
0.415889303483
0.303309820944
0.387232663642
0.417616261164
0.373754836585
0.406121154456
0.227219397732
0.447041636231
0.436002686768
0.348928206873
0.29895585272
0.361417586092
0.415264096797
0.416854194149
0.434776119403
0.409688902647
0.430741464882
0.392988634545
0.352850933265
