0.0660306993657
0.0616252443732
0.0602369592091
0.0595840890614
0.0588964732384
0.0585017151953
0.0580796574805
0.0576829094705
0.0573906732701
0.0573653516742
0.056903775881
0.0567749196007
0.0566442839813
0.0564338018826
0.0561131378969
0.0559795002198
0.0558846353465
0.0556947529671
0.0555172033653
0.0552689823596
0.0554838773415
0.0550857662807
0.0550061192174
0.0549142216402
0.054932696449
0.0548459071873
0.0546219743622
0.0545488418654
0.0545733200612
0.0544200296038
0.0544135757606
0.0545837035028
0.0543412353287
0.054387037279
0.0541388932394
0.0542324127991
0.0540983637021
0.0539865905879
0.0539327200548
0.0539167159415
0.0538191611477
0.0538135387816
0.0536687781712
0.0537127674715
0.0536237247668
0.0537594161919
0.0535774143597
0.0535884524669
0.0536332726301
0.0535567780548
0.053463035818
0.0533563801091
0.0535399333881
0.0535094827764
0.0533924269091
0.0533334024438
0.0532263204714
0.0532757188714
0.0533162223284
0.0531792193757
0.0531797548342
0.0530428605236
0.0531758992891
0.0530643589453
0.0530429511222
0.0530242970954
0.0530553067073
0.0529222244311
0.0531537233757
0.052953436934
0.0529876595336
0.053026118131
0.0528788199524
0.052816416874
0.0528370479491
0.0528246490768
0.0529242957356
0.0528969736513
0.0527704482835
0.0528014772237
0.0528116817866
0.0527446602597
0.0526984241896
0.0526023511317
0.0528178391946
0.0527033692757
0.0527308079269
0.0526461966893
0.0528668770909
0.0526889688911
0.052642682013
0.0526786003732
0.0527220549262
0.0525578827283
0.0526051470947
0.0526312440859
0.0525468362733
0.0526200869066
0.0525227732817
0.0524909535691
0.0526143289378
0.0525226621551
0.0525226832321
0.0526489728085
0.0525973944756
0.0524212752388
0.0526061552169
0.0524899063352
0.0525834802599
0.0523721568731
0.0525588828782
0.0525469597278
0.0523598106073
0.0523986125947
0.0522694349373
0.0522714491164
0.0522667423341
0.0523386254382
0.0524188761077
0.0524279392014
0.0523129990158
0.0523783431368
0.0523917887957
0.0522707594993
0.0523091746289
0.0522119596059
0.0523243598985
0.0522629560367
0.0522147722309
0.052325163049
0.0522892805214
0.0522785265286
0.0523751157348
0.0522322528457
0.0522663168218
0.0523449547941
0.0522202133229
0.0522374151998
0.0523216676154
0.0522326588962
0.0523115691209
0.0521139828544
0.0522311069896
0.0523274482836
0.0520883055838
0.0521847541788
0.0522388749295
0.0520890642269
0.0521019436722
0.0522672588533
0.0521929731179
0.0521024604639
0.0521500189718
0.0522216888497
0.0520508222284
0.0521152657729
0.0520813973749
0.0518849493387
0.052317309542
0.0520750046793
0.0520956430416
0.052079376793
0.0520743464675
0.0521244460428
0.0520696654284
0.0523304511125
0.0519178433528
