0.551571848447
0.576391958353
0.587136954153
0.589436603139
0.579936636931
0.588362310608
0.56387416563
0.598910259651
0.532559863279
0.578472570133
0.581738129419
0.580375921417
0.570308807323
0.615287566298
0.57640033632
0.602557938541
0.589496232733
0.593087956816
0.577835933801
0.586442203391
0.564955128996
0.595467971205
0.593181516489
0.59629430472
0.576241460045
0.577247213678
0.603429418463
0.569610189807
0.591012726954
0.581847834846
0.558107930724
0.591335974546
0.604613834634
0.582510554627
0.607287564625
0.592695717835
0.568725289369
0.591806950644
0.578483525935
0.593175829481
0.599177744402
0.606270968312
0.575778104331
0.576642608328
0.600770624151
0.592872446995
0.607174976273
0.603135589738
0.574023657348
0.587366528949
0.561789573973
0.59317067381
0.598618477426
0.589500630822
0.584136946242
0.605581146975
0.591059885582
0.560254390442
0.58839055368
0.601640815155
0.566512224132
0.607177667232
0.589888776803
0.587682495525
0.587330326123
0.563241282928
0.590499634777
0.583036535983
0.591972724001
0.608570312208
0.556980340066
0.60123215961
0.604794656793
0.605847682178
0.598845056172
0.569569588892
0.586264716649
0.598385680336
0.572737382381
0.571780833875
0.583618924639
0.604714935848
0.590433560593
0.599852211847
0.594304177722
0.581094517161
0.600150969998
0.578665297644
0.610330219952
0.603644396948
0.601244483174
0.598276845614
0.609226587399
0.590470407877
0.608224134903
0.604309389475
0.578134918198
0.592695717835
0.587143398743
0.588629377146
0.582520108388
0.621822054568
0.601427351834
0.579122095645
0.587626506438
0.616421635826
0.593658405841
0.586601724125
0.577051795208
0.615498486063
0.603148818286
0.589633536773
0.595411677029
0.598401904933
0.584567321425
0.600202639838
0.571184380245
0.597711326014
0.60788962642
0.589918874408
0.570677619535
0.61758273835
0.608663985004
0.613340120995
0.604896594433
0.584655080967
0.602872729323
0.60303440968
0.587701071712
0.590328287535
0.59523839641
0.573443315192
0.593154562336
0.603999562399
0.607010718079
0.584546054279
0.582033891521
0.59318701153
0.602420555658
0.607842772882
0.573841241181
0.58473878179
0.558584706953
0.575284459046
0.607311330764
0.603659977087
0.56832156325
0.595565737002
0.608105667576
0.57287533088
0.598168881597
0.607751033462
0.593346000928
0.605411959357
0.551727084215
0.617932216793
0.61417430114
0.585460599829
0.57299189911
0.589171356854
0.607437339632
0.608403894391
0.613441301052
0.603953466443
0.612099602614
0.599520891378
0.58780194668
