0.455945388157
0.439202148063
0.49095150004
0.480716138208
0.437723125744
0.480965009838
0.460010930953
0.473444059135
0.470307106824
0.463403995464
0.465020206556
0.485692188708
0.45866861741
0.469280588132
0.461538461538
0.48275862069
0.466660635122
0.463066875172
0.474421158598
0.478305432183
0.457261332579
0.467143226251
0.472532302013
0.459571267394
0.434135498212
0.452663538504
0.455712812822
0.485930918281
0.433846761453
0.443381491605
0.457137667999
0.473430782459
0.459162351231
0.44523364486
0.48564231738
0.442179462755
0.470598701183
0.437512147716
0.486540545045
0.449823017316
0.454579650179
0.456607023251
0.444856891667
0.463382851186
0.465053763441
0.414190418435
0.458557389208
0.47171500179
0.4282967311
0.455608569557
0.430443548387
0.4612605761
0.459031235853
0.432364584339
0.475028526288
0.464458370636
0.421504497138
0.471592889509
0.459496071525
0.44327276151
0.433041788144
0.447744466237
0.456507993858
0.453764801591
0.444314070597
0.426545884206
0.457731958763
0.460951689066
0.428853754941
0.438806260329
0.43242720325
0.439930354034
0.44792140453
0.443682104059
0.451514282985
0.466625077979
0.445062586926
0.461203770848
0.449745083758
0.462426702751
0.456188389923
0.438761011651
0.436107628508
0.455930263274
0.455736828029
0.446862996159
0.444362155156
0.435266999616
0.429813421901
0.434187365539
0.451277287506
0.456018940084
0.444401729938
0.444277673546
0.431384189176
0.448433919022
0.413807315817
0.442804428044
0.449173034143
0.4535717612
