0.611216811984
0.616921808823
0.63829453315
0.633584675067
0.618926599682
0.635324939053
0.625870495554
0.634758394911
0.630480854304
0.624704919473
0.628058782845
0.638900836306
0.625299472342
0.62895151378
0.626725154397
0.637594024107
0.629699227564
0.628610929977
0.635590105793
0.6333626121
0.626767676474
0.626253165161
0.631473433591
0.628043920477
0.614488161586
0.621907653218
0.625361045008
0.637754659832
0.616220718082
0.621011403013
0.623747183858
0.630469045848
0.625107773978
0.618469938171
0.637325367182
0.618190345336
0.631055803973
0.617048415253
0.637463258541
0.623306955297
0.624904994279
0.627534353592
0.621965735699
0.624356104652
0.627909286624
0.606708337526
0.626315261354
0.632247818199
0.615117150939
0.625146398683
0.616029281482
0.62994118458
0.624747470634
0.613311533255
0.633060129474
0.627445528405
0.612047301302
0.630197073248
0.62485092551
0.617868288594
0.614315746489
0.620010650879
0.622900116165
0.62115627474
0.621716623805
0.611571705542
0.623091669105
0.62624222925
0.613288759804
0.617864769325
0.61352617958
0.618125340657
0.617867939576
0.619160005747
0.624249770375
0.628537781534
0.617676502975
0.626265206296
0.619128884939
0.626694411692
0.623540274107
0.615561102363
0.615511454494
0.620400969806
0.621309435655
0.6176457021
0.617090093869
0.614622242827
0.612817235925
0.615572910819
0.621811934917
0.623237471548
0.620329042928
0.618186360709
0.614925307151
0.622295121828
0.608356547905
0.620217996902
0.623793806901
0.623490655323
