0.074879233376
0.0628197059307
0.0590918172756
0.0573821945298
0.0555137591686
0.0542901761857
0.0528705906776
0.052028516896
0.0517267623764
0.0511801781006
0.0506549956776
0.0502887874256
0.0496464234362
0.0494595308369
0.0495195802521
0.0488023824805
0.0487062893873
0.0484928524008
0.0485527630604
0.0477019592888
0.0477389900933
0.0471841052557
0.0474570394875
0.0473112936232
0.047527833536
0.0469633753963
0.0472245833002
0.046668656833
0.0470051148046
0.046722418549
0.0463651986609
0.0465003373957
0.0466074785241
0.0461553512554
0.0457984162085
0.0461782742459
0.0457801435498
0.0460679535233
0.0459909184733
0.0453172526411
0.0461215107678
0.0459951131787
0.0454159590427
0.0453439629152
0.0453958946335
0.0457192440743
0.0450765750634
0.0445626935831
0.0452824307692
0.045286925659
0.0454043113085
0.0452104669469
0.0452145658382
0.0454233417364
0.044931456429
0.0453011860293
0.0446659705997
0.045082242852
0.0449663340062
0.0445386155251
0.0446326329748
0.0443951623992
0.044653754626
0.0447448944715
0.0445072564964
0.0441550246258
0.0442999152881
0.0446561570833
0.04451290137
0.044658279576
0.044684438085
0.0443944185848
0.044762528662
0.0444846223666
0.0441581725312
0.0439989784478
0.0443629945407
0.0438915076888
0.0442556566398
0.0441416322118
0.0440996435243
0.044047450475
0.0444155992674
0.0442896320427
0.0439724276717
0.0440565707633
0.0439816168074
0.0440813691521
0.0437390449736
0.0438515450533
0.0440168891513
0.0441511584499
0.0437427218666
0.0441592279468
0.0436112615975
0.0439822737257
0.0436888350564
0.0438339581263
0.0439214635828
0.043413245358
