0.0709294880256
0.066914831475
0.0644713884406
0.0625516233885
0.0611740313793
0.0598268028227
0.0589337243819
0.0578677868097
0.0569794003489
0.0565110522813
0.0556160722265
0.0549303419184
0.0544543022159
0.0540821466
0.0536740217786
0.0533325217558
0.0528679304818
0.0527083356227
0.0522984570799
0.0520654655832
0.0520450822412
0.0517981815064
0.0515934680734
0.0513855901202
0.0513005611045
0.0511470308297
0.0509879500833
0.0509700079173
0.0510318713913
0.0507661285386
0.0506460021447
0.0504819106879
0.0504916581826
0.0501464439192
0.0501928221426
0.0501808676868
0.0500277986473
0.0500587259428
0.0501889456059
0.0499692621477
0.049958131756
0.0497591388836
0.0498473891383
0.0496546152339
0.0497136683895
0.0495618091122
0.0495480852513
0.049512540007
0.0494070516827
0.0496109098199
0.0494612025918
0.0492848855896
0.0492755394275
0.0492549789181
0.0491552988679
0.049173576736
0.0491981604416
0.0490144148657
0.0491524937927
0.0490845540938
0.0489552801265
0.0488453235591
0.0489923653039
0.0489809099997
0.0488637372175
0.0489785716567
0.0486958360651
0.048774852627
0.0488768152333
0.0487396279853
0.0485951990959
0.0487035602449
0.0488128044132
0.0485723114105
0.0486922877293
0.0485227712808
0.0486965327207
0.0484903413561
0.0486450409986
0.0485727306332
0.0485383704685
0.048660504261
0.0485575201192
0.0483719150779
0.0483618595155
0.0484796533226
0.0484181147156
0.0483847536975
0.0484534307966
0.0485331482005
0.0484038775928
0.0485525658729
0.0484889491941
0.0482183588109
0.0484079250666
0.0484150004145
0.0484117908523
0.048364724604
0.048612738475
0.0482921862598
