0.917171717172
0.927021696252
0.931506849315
0.928853754941
0.9296875
0.939096267191
0.93542074364
0.938613861386
0.927875243665
0.937743190661
0.928571428571
0.935166994106
0.94094488189
0.937254901961
0.932270916335
0.935922330097
0.9453125
0.945525291829
0.938369781312
0.938369781312
0.937007874016
0.936507936508
0.942574257426
0.939096267191
0.934653465347
0.942574257426
0.938856015779
0.94695481336
0.943025540275
0.940476190476
0.942574257426
0.934653465347
0.934653465347
0.934911242604
0.934911242604
0.940711462451
0.940711462451
0.936507936508
0.940711462451
0.938613861386
0.938613861386
0.938613861386
0.940476190476
0.940476190476
0.94094488189
0.939096267191
0.936758893281
0.934653465347
0.938613861386
0.938613861386
