0.913390722143
0.919320899091
0.922764227642
0.921759923482
0.920325203252
0.932042085127
0.927164036346
0.93299856528
0.917886178862
0.928646580583
0.922238163558
0.927642276423
0.934481109517
0.929603060736
0.927116212339
0.926207556193
0.937924438068
0.937446197991
0.933476805356
0.933476805356
0.930081300813
0.931037780966
0.937398373984
0.932042085127
0.928598756576
0.937398373984
0.932520325203
0.940841702535
0.936441893831
0.93543758967
0.937398373984
0.928598756576
0.928598756576
0.928120516499
0.928120516499
0.934959349593
0.934959349593
0.931037780966
0.934959349593
0.93299856528
0.93299856528
0.93299856528
0.93543758967
0.93543758967
0.934481109517
0.932042085127
0.93055954089
0.928598756576
0.93299856528
0.93299856528
