6.728622913360595703e-01
4.780045151710510254e-01
3.713307976722717285e-01
2.282833456993103027e-01
1.259669661521911621e-01
7.710690796375274658e-02
7.243089377880096436e-02
8.706357330083847046e-02
4.251025021076202393e-01
3.942898511886596680e-01
3.898228108882904053e-01
5.154523849487304688e-01
5.993045568466186523e-01
2.485775649547576904e-01
3.758072257041931152e-01
1.538267284631729126e-01
4.961492419242858887e-01
4.668968617916107178e-01
8.483424782752990723e-02
4.952906370162963867e-01
1.014993041753768921e-01
1.104776486754417419e-01
1.249144896864891052e-01
4.132100045680999756e-01
1.317630559206008911e-01
1.277288496494293213e-01
2.993756234645843506e-01
3.813232481479644775e-01
9.438979625701904297e-02
5.380851775407791138e-02
1.054815873503684998e-01
5.017367377877235413e-02
1.606745421886444092e-01
6.773940473794937134e-02
1.288473606109619141e-01
9.080194681882858276e-02
1.673512309789657593e-01
1.726895868778228760e-01
6.660258769989013672e-02
1.177514195442199707e-01
1.120325103402137756e-01
1.276357769966125488e-01
1.311228722333908081e-01
1.402788460254669189e-01
1.104745119810104370e-01
1.071988493204116821e-01
1.601382493972778320e-01
1.078934967517852783e-01
3.251982033252716064e-01
1.674392968416213989e-01
9.206335991621017456e-02
7.639852166175842285e-02
1.317309588193893433e-01
2.986712753772735596e-01
2.172439545392990112e-01
4.604347646236419678e-01
8.451509475708007812e-02
6.188376247882843018e-02
7.148624062538146973e-01
8.174560070037841797e-01
1.586190164089202881e-01
5.001085996627807617e-01
9.270624816417694092e-02
5.372839570045471191e-01
7.000306844711303711e-01
3.206421732902526855e-01
2.182348966598510742e-01
8.258175849914550781e-02
4.862337410449981689e-01
4.526710808277130127e-01
4.732743203639984131e-01
7.524378895759582520e-01
7.358927130699157715e-01
8.857708573341369629e-01
7.306534647941589355e-01
8.850928544998168945e-01
5.615953803062438965e-01
5.999829769134521484e-01
6.116922497749328613e-01
9.748405814170837402e-01
4.212551712989807129e-01
1.268027126789093018e-01
7.582128047943115234e-02
1.075700819492340088e-01
6.657529622316360474e-02
8.840320706367492676e-01
6.787289381027221680e-01
6.591067910194396973e-01
6.522313952445983887e-01
5.052905678749084473e-01
3.964618146419525146e-01
4.835909903049468994e-01
7.677124142646789551e-01
6.534277200698852539e-01
9.785732626914978027e-01
9.334788322448730469e-01
5.030048489570617676e-01
4.838534295558929443e-01
4.688963890075683594e-01
6.005122065544128418e-01
5.898939967155456543e-01
4.573937654495239258e-01
2.784999907016754150e-01
4.309639632701873779e-01
8.580340147018432617e-01
3.143472373485565186e-01
5.049691200256347656e-01
7.412368059158325195e-01
4.318583905696868896e-01
8.392317295074462891e-01
1.703422367572784424e-01
7.450940012931823730e-01
9.311875700950622559e-01
5.374026298522949219e-01
6.214637756347656250e-01
7.049675583839416504e-01
7.503024935722351074e-01
5.525979399681091309e-01
9.024477601051330566e-01
5.943210721015930176e-01
5.202088952064514160e-01
4.694831669330596924e-01
5.971473455429077148e-01
6.732418537139892578e-01
7.983288168907165527e-01
6.889121532440185547e-01
9.614242315292358398e-01
3.965615034103393555e-01
9.495850801467895508e-01
7.308084964752197266e-01
5.441377162933349609e-01
4.992201030254364014e-01
8.540202379226684570e-01
8.789832592010498047e-01
6.490479707717895508e-01
7.764965891838073730e-01
4.003513157367706299e-01
7.042543888092041016e-01
9.223418235778808594e-01
3.057958483695983887e-01
6.811238527297973633e-01
1.437967568635940552e-01
5.736540555953979492e-01
9.864811301231384277e-01
1.767265647649765015e-01
8.322269320487976074e-01
8.268048167228698730e-01
8.348536491394042969e-01
1.042717576026916504e+00
4.623547792434692383e-01
1.756005585193634033e-01
5.988134145736694336e-01
5.478179454803466797e-01
9.834743142127990723e-01
8.536256551742553711e-01
3.664358556270599365e-01
7.332349419593811035e-01
9.448026418685913086e-01
8.113398551940917969e-01
2.417718470096588135e-01
1.967309415340423584e-01
3.927369117736816406e-01
6.411127448081970215e-01
9.855214357376098633e-01
7.995163202285766602e-01
5.332533121109008789e-01
1.605394631624221802e-01
4.018527865409851074e-01
3.864155113697052002e-01
2.581304311752319336e-01
2.246914356946945190e-01
9.116964936256408691e-01
9.304710030555725098e-01
5.151705145835876465e-01
7.131528854370117188e-01
9.080804586410522461e-01
5.123777389526367188e-01
9.241231679916381836e-01
6.264395266771316528e-02
5.669417604804039001e-02
1.367905586957931519e-01
3.173045441508293152e-02
8.671136200428009033e-02
1.675426065921783447e-01
2.572827227413654327e-02
1.603889018297195435e-01
8.716515451669692993e-02
6.106590852141380310e-02
6.501612812280654907e-02
6.320448964834213257e-02
7.147278636693954468e-02
7.453861180692911148e-03
1.045502722263336182e-01
1.163681000471115112e-01
1.103007346391677856e-01
5.880110859870910645e-01
6.740797162055969238e-01
4.520812630653381348e-01
3.178474605083465576e-01
3.974708318710327148e-01
1.871930807828903198e-01
4.713326692581176758e-01
9.123716950416564941e-01
8.602934479713439941e-01
2.865311205387115479e-01
5.669113993644714355e-01
8.544546961784362793e-01
8.474881201982498169e-02
4.236595928668975830e-01
4.067136049270629883e-01
1.255091875791549683e-01
9.011799842119216919e-02
1.056629121303558350e-01
9.172243624925613403e-02
8.110981434583663940e-02
1.296402662992477417e-01
1.861778795719146729e-01
4.070962071418762207e-01
9.487564116716384888e-02
7.302377372980117798e-02
1.288173496723175049e-01
1.030222848057746887e-01
1.476521641016006470e-01
9.509668499231338501e-02
1.693322956562042236e-01
6.554898619651794434e-01
5.500867366790771484e-01
2.507045865058898926e-01
5.257713198661804199e-01
1.201934143900871277e-01
7.832920551300048828e-02
1.015700846910476685e-01
1.425117999315261841e-01
1.271991729736328125e-01
1.188093051314353943e-01
1.157238185405731201e-01
8.122665882110595703e-01
4.581674039363861084e-01
1.530607491731643677e-01
1.385235935449600220e-01
7.083924859762191772e-02
1.916645765304565430e-01
1.477638632059097290e-01
4.831424057483673096e-01
8.589607477188110352e-02
1.129672974348068237e-01
6.833404898643493652e-01
1.071672067046165466e-01
1.358558535575866699e-01
6.539787650108337402e-01
7.573285102844238281e-01
1.265283375978469849e-01
9.601318091154098511e-02
6.164013743400573730e-01
4.871272742748260498e-01
5.632767081260681152e-01
2.146344035863876343e-01
1.282398402690887451e-01
5.915212258696556091e-02
8.816673606634140015e-02
1.836662590503692627e-01
1.632223129272460938e-01
1.852460801601409912e-01
1.115073487162590027e-01
1.646025776863098145e-01
4.332639873027801514e-01
2.467843890190124512e-01
1.071706190705299377e-01
4.514558911323547363e-01
1.436935216188430786e-01
4.230984449386596680e-01
5.607376098632812500e-01
5.864437818527221680e-01
1.958834528923034668e-01
4.609806463122367859e-02
1.930944472551345825e-01
1.900191456079483032e-01
1.427081078290939331e-01
1.546287238597869873e-01
7.828264832496643066e-01
2.493954598903656006e-01
2.931190431118011475e-01
4.516957998275756836e-01
2.169258743524551392e-01
8.227484673261642456e-02
5.431976914405822754e-01
3.968952000141143799e-01
4.966412186622619629e-01
1.314882338047027588e-01
1.904136091470718384e-01
9.370605647563934326e-02
3.806996047496795654e-01
1.853613406419754028e-01
1.265805810689926147e-01
3.750237226486206055e-01
1.397627145051956177e-01
1.673187613487243652e-01
1.908469945192337036e-01
1.418177783489227295e-01
1.615426838397979736e-01
5.747524499893188477e-01
6.650874018669128418e-02
4.767717793583869934e-02
1.075472906231880188e-01
7.983957976102828979e-02
1.606495529413223267e-01
7.257115095853805542e-02
6.879615783691406250e-01
9.861040115356445312e-02
1.961324363946914673e-01
1.771189123392105103e-01
1.638804972171783447e-01
2.362613976001739502e-01
1.707064807415008545e-01
3.793566823005676270e-01
6.353420764207839966e-02
1.803612858057022095e-01
5.022004246711730957e-01
6.066665649414062500e-01
4.252088665962219238e-01
5.657909512519836426e-01
5.771436691284179688e-01
7.130528092384338379e-01
2.929292619228363037e-01
5.455371737480163574e-01
3.197196722030639648e-01
1.167878434062004089e-01
7.497528195381164551e-01
5.418760776519775391e-01
4.949344694614410400e-01
4.861352741718292236e-01
4.587450921535491943e-01
7.807437181472778320e-01
4.907620549201965332e-01
2.045469582080841064e-01
1.945970356464385986e-01
2.396840900182723999e-01
1.849459111690521240e-01
5.606429278850555420e-02
5.745631456375122070e-02
1.516233384609222412e-01
3.478894531726837158e-01
6.282833218574523926e-01
1.686749160289764404e-01
9.761448204517364502e-02
1.265309453010559082e-01
1.003886833786964417e-01
3.384146988391876221e-01
3.270711898803710938e-01
1.089737415313720703e-01
7.735501974821090698e-02
3.937317728996276855e-01
3.194074332714080811e-01
6.144389510154724121e-01
2.948956489562988281e-01
9.470938891172409058e-02
3.352758288383483887e-01
1.559920608997344971e-01
8.281068205833435059e-01
4.852311909198760986e-01
5.073469281196594238e-01
2.846984565258026123e-01
1.084963455796241760e-01
1.005699932575225830e-01
7.929442077875137329e-02
2.099309563636779785e-01
6.649958342313766479e-02
1.885320991277694702e-01
5.951620265841484070e-02
1.114863231778144836e-01
5.275140702724456787e-02
2.208975702524185181e-01
1.249732524156570435e-01
1.101927831768989563e-01
1.389290690422058105e-01
2.411603778600692749e-01
1.468380689620971680e-01
4.958523809909820557e-02
2.927999012172222137e-02
6.204427778720855713e-02
4.775366559624671936e-02
1.732880324125289917e-01
1.548342555761337280e-01
1.390527486801147461e-01
1.375696361064910889e-01
6.153333932161331177e-02
5.942998453974723816e-02
8.069012314081192017e-02
1.100054383277893066e-01
1.527045760303735733e-02
5.762176215648651123e-02
1.145422756671905518e-01
8.526163548231124878e-02
9.346839785575866699e-02
7.645159959793090820e-02
7.122540473937988281e-02
9.687434881925582886e-02
5.875475332140922546e-02
6.341359019279479980e-02
1.958612799644470215e-01
1.774194091558456421e-01
3.851114809513092041e-01
1.849487125873565674e-01
1.172418370842933655e-01
1.936785280704498291e-01
1.335010975599288940e-01
4.877957105636596680e-01
1.921058446168899536e-01
2.344847917556762695e-01
2.442056983709335327e-01
2.870004177093505859e-01
1.510996967554092407e-01
1.892671883106231689e-01
2.042914479970932007e-01
2.285239547491073608e-01
6.222318857908248901e-02
1.568392813205718994e-01
3.697143197059631348e-01
1.597138345241546631e-01
1.132287159562110901e-01
7.927584648132324219e-02
1.075038835406303406e-01
4.295741766691207886e-02
3.082273602485656738e-01
1.611031293869018555e-01
1.545404344797134399e-01
1.311737746000289917e-01
1.426093578338623047e-01
1.526834219694137573e-01
2.282386422157287598e-01
2.308194041252136230e-01
4.387284815311431885e-01
3.064172267913818359e-01
2.199187874794006348e-01
2.197600305080413818e-01
2.484195083379745483e-01
2.225002944469451904e-01
9.359381347894668579e-02
3.635169267654418945e-01
3.996981978416442871e-01
6.360962986946105957e-01
2.413659840822219849e-01
2.171902656555175781e-01
4.551958441734313965e-01
3.789631128311157227e-01
1.630881130695343018e-01
2.870012223720550537e-01
4.211930632591247559e-01
2.384348362684249878e-01
4.635829031467437744e-01
3.101750910282135010e-01
4.881333708763122559e-01
2.514816820621490479e-01
2.322677820920944214e-01
7.802022695541381836e-01
6.808436512947082520e-01
2.402479797601699829e-01
3.024130761623382568e-01
1.016914620995521545e-01
1.369666159152984619e-01
5.544268339872360229e-02
9.244019538164138794e-02
3.091070987284183502e-02
6.329681724309921265e-02
1.229051724076271057e-01
1.217596456408500671e-01
5.991621315479278564e-02
8.898188173770904541e-02
7.252360135316848755e-02
4.855468124151229858e-02
4.479525610804557800e-02
1.133995279669761658e-01
1.700886785984039307e-01
1.480023860931396484e-01
9.170044213533401489e-02
1.511309202760457993e-02
2.751886844635009766e-01
4.360028207302093506e-01
1.941847056150436401e-01
3.945453837513923645e-02
4.426790401339530945e-02
5.987817794084548950e-02
9.370873868465423584e-02
2.132804691791534424e-01
2.207322120666503906e-01
3.610457479953765869e-01
7.249723374843597412e-02
3.834199532866477966e-02
1.102279946208000183e-01
4.890710487961769104e-02
7.769238203763961792e-02
1.892866194248199463e-01
9.275592863559722900e-02
1.507962644100189209e-01
8.856444805860519409e-02
1.460154056549072266e-01
1.478996276855468750e-01
3.379470109939575195e-01
4.144550859928131104e-02
1.545498073101043701e-01
5.034206509590148926e-01
2.111759483814239502e-01
2.060799598693847656e-01
2.545552253723144531e-01
3.145262300968170166e-01
2.194044440984725952e-01
1.931044310331344604e-01
1.917722672224044800e-01
1.041984930634498596e-01
9.519758820533752441e-02
1.711253970861434937e-01
1.217967942357063293e-01
1.207388117909431458e-01
1.084691360592842102e-01
5.493571236729621887e-02
8.232558518648147583e-02
7.020168006420135498e-02
1.543702483177185059e-01
6.049609184265136719e-02
1.777997314929962158e-01
2.002402096986770630e-01
1.057222262024879456e-01
2.372797578573226929e-01
7.333968579769134521e-02
1.245287433266639709e-01
7.876837998628616333e-02
1.050815954804420471e-01
1.067910566926002502e-01
2.701645530760288239e-02
5.918096005916595459e-02
4.672165960073471069e-02
1.388089805841445923e-01
8.669470250606536865e-02
8.267193287611007690e-02
9.561842679977416992e-02
1.218746900558471680e-01
7.876988500356674194e-02
1.052261292934417725e-01
1.442135572433471680e-01
1.213883906602859497e-01
2.453684806823730469e-02
1.014506220817565918e-01
2.633566036820411682e-03
1.340194344520568848e-01
1.110034510493278503e-01
1.234223395586013794e-01
1.413681358098983765e-02
4.155932739377021790e-02
1.126348823308944702e-01
1.405257582664489746e-01
9.450722485780715942e-02
8.807185292243957520e-02
8.158067613840103149e-02
2.097696959972381592e-01
3.315036296844482422e-01
2.070194929838180542e-01
9.883743524551391602e-02
8.010383695363998413e-02
3.143393993377685547e-01
3.524873852729797363e-01
1.689057648181915283e-01
8.154986053705215454e-02
3.048873543739318848e-01
4.065505266189575195e-01
1.211011335253715515e-01
5.749066546559333801e-02
6.405347585678100586e-02
7.365940511226654053e-02
8.372895419597625732e-02
3.658628165721893311e-01
2.957213222980499268e-01
5.751197934150695801e-01
3.753535449504852295e-01
3.759303987026214600e-01
4.165123105049133301e-01
2.026542574167251587e-01
1.785333454608917236e-01
2.581354379653930664e-01
2.481076270341873169e-01
2.236095070838928223e-01
1.309854835271835327e-01
1.572609245777130127e-01
2.201596200466156006e-01
1.285581588745117188e-01
1.287199854850769043e-01
2.462832629680633545e-01
1.365311741828918457e-01
3.520415127277374268e-01
1.403931826353073120e-01
1.332783848047256470e-01
1.139422282576560974e-01
4.367751479148864746e-01
2.239903509616851807e-01
2.910981178283691406e-01
3.480153083801269531e-01
2.762353420257568359e-01
5.095003247261047363e-01
2.309645116329193115e-01
2.772575318813323975e-01
5.632031559944152832e-01
3.925659060478210449e-01
1.283776760101318359e-01
2.385073751211166382e-01
4.741707742214202881e-01
2.348574995994567871e-01
1.151857823133468628e-01
3.008428215980529785e-01
4.272232055664062500e-01
3.597953617572784424e-01
1.179044172167778015e-01
3.214165270328521729e-01
1.560664623975753784e-01
2.142710387706756592e-01
6.090280413627624512e-01
6.958860754966735840e-01
2.176576107740402222e-01
1.355429142713546753e-01
2.159977853298187256e-01
1.151829585433006287e-01
4.118975102901458740e-01
2.557352185249328613e-01
3.440593481063842773e-01
4.487636387348175049e-01
5.235072374343872070e-01
2.568819820880889893e-01
5.071749687194824219e-01
1.890627890825271606e-01
2.847686409950256348e-01
1.727375388145446777e-01
3.491392731666564941e-01
1.037561818957328796e-01
1.121058315038681030e-01
6.298203766345977783e-02
9.592481702566146851e-02
1.535848826169967651e-01
1.507380157709121704e-01
1.591034531593322754e-01
1.030830740928649902e-01
5.669473484158515930e-02
1.188356876373291016e-01
4.409036412835121155e-02
2.891737408936023712e-02
8.638221025466918945e-02
5.484512075781822205e-02
5.065178871154785156e-02
1.233125180006027222e-01
7.809659093618392944e-02
8.703888207674026489e-02
3.027458190917968750e-01
9.012620151042938232e-02
3.972251340746879578e-02
3.476986289024353027e-01
1.774869859218597412e-01
5.226383730769157410e-02
4.901082441210746765e-02
1.478306055068969727e-01
1.108755916357040405e-01
8.554112166166305542e-02
1.230922937393188477e-01
3.701753318309783936e-01
1.367880403995513916e-01
4.787253215909004211e-02
5.362223088741302490e-02
2.432723343372344971e-01
1.038234233856201172e-01
9.865114837884902954e-02
2.776855528354644775e-01
3.863769769668579102e-01
1.800730824470520020e-01
4.460906237363815308e-02
4.557839035987854004e-02
4.739148542284965515e-02
7.605697214603424072e-02
2.005437016487121582e-01
4.165799543261528015e-02
2.898908555507659912e-01
1.310963779687881470e-01
2.032930850982666016e-01
5.916865170001983643e-02
5.282079800963401794e-02
9.920997172594070435e-02
2.661793529987335205e-01
6.916853040456771851e-02
2.951444089412689209e-01
4.490549266338348389e-01
3.649501800537109375e-01
1.042494103312492371e-01
2.595877945423126221e-01
1.059802547097206116e-01
1.349899768829345703e-01
2.203047424554824829e-01
1.735670715570449829e-01
2.912063896656036377e-01
9.817839413881301880e-02
4.597218036651611328e-01
9.168241918087005615e-02
2.378827780485153198e-01
2.621720731258392334e-01
1.011059209704399109e-01
1.286524534225463867e-01
8.159518241882324219e-02
1.363657563924789429e-01
9.334032237529754639e-02
6.356728821992874146e-02
4.249709472060203552e-02
1.627967320382595062e-02
1.682689934968948364e-01
5.039576068520545959e-02
4.278048872947692871e-01
7.351118922233581543e-01
1.753059625625610352e-01
2.980109453201293945e-01
9.214553236961364746e-01
1.035976290702819824e+00
8.358271121978759766e-01
8.141751885414123535e-01
8.920179009437561035e-01
8.815165162086486816e-01
7.885804772377014160e-01
8.966631889343261719e-01
9.041229486465454102e-01
9.501941204071044922e-01
7.315032482147216797e-01
6.528677344322204590e-01
8.355738520622253418e-01
6.102543473243713379e-01
8.148556351661682129e-01
1.233969628810882568e-01
4.688583612442016602e-01
1.083976328372955322e-01
1.531646102666854858e-01
1.186584159731864929e-01
2.196933925151824951e-01
1.464977413415908813e-01
2.157632112503051758e-01
2.589835524559020996e-01
3.734600245952606201e-01
1.248543485999107361e-01
1.342626810073852539e-01
2.630692720413208008e-01
1.932217776775360107e-01
1.128085851669311523e-01
1.078212335705757141e-01
7.785502821207046509e-02
1.347075700759887695e-01
8.040474355220794678e-02
1.253312230110168457e-01
1.189277917146682739e-01
1.261882334947586060e-01
1.079414784908294678e-01
1.051575168967247009e-01
6.891736388206481934e-01
9.537432789802551270e-01
7.991683483123779297e-01
3.903772234916687012e-01
5.771531462669372559e-01
5.792983174324035645e-01
5.913985371589660645e-01
9.219303131103515625e-01
7.980863451957702637e-01
8.070022463798522949e-01
2.828859090805053711e-01
8.405985832214355469e-01
7.441693544387817383e-01
3.683225512504577637e-01
6.045100688934326172e-01
8.801680207252502441e-01
6.284577846527099609e-01
9.352269172668457031e-01
8.585888743400573730e-01
5.852199792861938477e-01
2.530074417591094971e-01
1.019691586494445801e+00
7.796363234519958496e-01
2.335477620363235474e-01
6.672330498695373535e-01
9.560529589653015137e-01
8.331513404846191406e-01
7.661393284797668457e-01
9.205905795097351074e-01
9.266629815101623535e-01
9.431892037391662598e-01
9.623534679412841797e-01
4.377524256706237793e-01
8.997207880020141602e-01
9.911653995513916016e-01
8.795155882835388184e-01
7.285317182540893555e-01
4.093810021877288818e-01
6.989600062370300293e-01
3.052453398704528809e-01
1.058602571487426758e+00
8.871067762374877930e-01
6.192858815193176270e-01
7.015650868415832520e-01
7.214632034301757812e-01
9.779216647148132324e-01
9.237766861915588379e-01
9.823111891746520996e-01
5.003607869148254395e-01
6.842836141586303711e-01
7.249466776847839355e-01
9.090705513954162598e-01
9.672886133193969727e-01
9.921223521232604980e-01
9.230537414550781250e-01
1.008375167846679688e+00
8.437435030937194824e-01
8.426372408866882324e-01
4.868085682392120361e-01
2.107711732387542725e-01
9.272795915603637695e-01
9.152556061744689941e-01
7.932173013687133789e-01
9.024888277053833008e-01
6.156625151634216309e-01
7.377537488937377930e-01
7.046284079551696777e-01
7.904502153396606445e-01
9.925925731658935547e-01
8.655580282211303711e-01
3.649257421493530273e-01
6.828266382217407227e-01
5.375053882598876953e-01
5.817856788635253906e-01
9.014948606491088867e-01
9.817957878112792969e-01
9.802946448326110840e-01
1.046975612640380859e+00
5.558726191520690918e-01
7.323203086853027344e-01
7.023521661758422852e-01
7.109616398811340332e-01
9.055218100547790527e-01
8.900846242904663086e-01
2.790615260601043701e-01
1.093007326126098633e+00
8.628922700881958008e-01
1.016193270683288574e+00
8.238330483436584473e-01
8.728197813034057617e-01
8.417029976844787598e-01
9.107617139816284180e-01
6.406999826431274414e-01
9.171361327171325684e-01
6.149376034736633301e-01
8.412934541702270508e-01
7.803879380226135254e-01
4.002828299999237061e-01
1.079368829727172852e+00
7.952068448066711426e-01
6.728755235671997070e-01
2.147693186998367310e-01
7.812803983688354492e-01
9.303536415100097656e-01
1.020213603973388672e+00
1.110942244529724121e+00
1.046255469322204590e+00
1.073014736175537109e+00
8.481664061546325684e-01
8.597856163978576660e-01
8.592810034751892090e-01
9.624977707862854004e-01
6.367678046226501465e-01
5.631085634231567383e-01
3.287020027637481689e-01
7.869988083839416504e-01
5.817496180534362793e-01
1.986939162015914917e-01
8.696138262748718262e-01
8.776701688766479492e-01
9.382047653198242188e-01
1.043492674827575684e+00
8.379269242286682129e-01
6.142059564590454102e-01
2.104019671678543091e-01
8.869107961654663086e-01
1.240617275238037109e+00
1.002035379409790039e+00
7.181403040885925293e-01
8.548787236213684082e-01
5.985180139541625977e-01
5.287516713142395020e-01
1.002778768539428711e+00
4.865001440048217773e-01
2.581062614917755127e-01
3.235921859741210938e-01
6.657670736312866211e-01
6.166694164276123047e-01
6.440526843070983887e-01
9.141283631324768066e-01
6.173622012138366699e-01
5.109355449676513672e-01
8.755195140838623047e-01
7.473673820495605469e-01
6.763973832130432129e-01
6.232780218124389648e-01
9.258190393447875977e-01
7.282266020774841309e-01
8.895691633224487305e-01
9.893879294395446777e-01
9.482481330633163452e-02
1.807010471820831299e-01
1.784614622592926025e-01
1.151617020368576050e-01
1.243800371885299683e-01
8.211591094732284546e-02
6.970697641372680664e-02
1.351105719804763794e-01
1.566171050071716309e-01
1.126211211085319519e-01
1.001038104295730591e-01
6.124100461602210999e-02
9.150715917348861694e-02
8.688823133707046509e-02
8.677308261394500732e-02
1.759345233440399170e-01
1.244336366653442383e-01
1.073280051350593567e-01
7.942718267440795898e-02
8.666834235191345215e-02
1.029827445745468140e-01
2.186816781759262085e-01
3.782163560390472412e-01
4.459993541240692139e-01
2.000708431005477905e-01
3.000085651874542236e-01
6.455521583557128906e-01
2.875286340713500977e-01
2.498015314340591431e-01
1.375409960746765137e-01
4.559839963912963867e-01
7.001476287841796875e-01
1.002112746238708496e+00
1.287219971418380737e-01
5.891848728060722351e-02
1.007667407393455505e-01
1.265555024147033691e-01
1.306809037923812866e-01
9.080592542886734009e-02
1.240556538105010986e-01
1.520890742540359497e-01
1.865032017230987549e-01
5.167698264122009277e-01
1.889457702636718750e-01
1.171369180083274841e-01
1.633985340595245361e-01
1.631031781435012817e-01
2.374330908060073853e-01
1.583968102931976318e-01
1.674720942974090576e-01
3.325026929378509521e-01
6.332921385765075684e-01
2.667794525623321533e-01
6.300462484359741211e-01
3.073803484439849854e-01
1.752186268568038940e-01
3.914083242416381836e-01
5.861713886260986328e-01
2.155566662549972534e-01
1.031810045242309570e-01
2.681239247322082520e-01
8.517674207687377930e-01
1.424193978309631348e-01
1.940659880638122559e-01
4.722890555858612061e-01
5.352717041969299316e-01
3.860418796539306641e-01
6.024386882781982422e-01
3.416087329387664795e-01
3.882389664649963379e-01
4.504279792308807373e-01
7.189513444900512695e-01
1.570117175579071045e-01
3.307800292968750000e-01
4.349209666252136230e-01
7.706720232963562012e-01
2.404825687408447266e-01
6.699514985084533691e-01
9.398692846298217773e-01
2.836064696311950684e-01
4.928954243659973145e-01
7.391874790191650391e-01
5.934056639671325684e-01
2.445217669010162354e-01
9.229570031166076660e-01
9.074684977531433105e-01
7.632453441619873047e-01
4.986102581024169922e-01
7.319008111953735352e-01
5.567256808280944824e-01
4.237523078918457031e-01
7.604238390922546387e-01
3.650755882263183594e-01
2.707191705703735352e-01
1.044619321823120117e+00
3.289220929145812988e-01
1.982027590274810791e-01
2.022554278373718262e-01
7.990260720252990723e-01
4.545362889766693115e-01
4.479179084300994873e-01
5.110269784927368164e-01
5.757972002029418945e-01
2.219206392765045166e-01
1.093130469322204590e+00
7.833126187324523926e-01
6.192780733108520508e-01
3.636578321456909180e-01
6.270506381988525391e-01
4.303306043148040771e-01
9.957019686698913574e-01
4.153463542461395264e-01
9.357655048370361328e-01
2.042564153671264648e-01
9.243398904800415039e-01
7.883805632591247559e-01
9.655029177665710449e-01
3.197432160377502441e-01
7.604510188102722168e-01
9.195413589477539062e-01
4.213353991508483887e-01
1.959255486726760864e-01
5.962708592414855957e-01
5.064948797225952148e-01
2.679793834686279297e-01
6.060124635696411133e-01
2.107213884592056274e-01
1.079195812344551086e-01
7.812178879976272583e-02
1.096843481063842773e-01
1.015069112181663513e-01
1.018200814723968506e-01
6.313184648752212524e-02
2.746740281581878662e-01
5.822589397430419922e-01
3.316062390804290771e-01
2.516092360019683838e-01
6.821763515472412109e-02
9.959816932678222656e-03
3.107801675796508789e-01
7.250202447175979614e-02
2.838831245899200439e-01
7.498271465301513672e-01
8.949486166238784790e-02
4.655475169420242310e-02
3.052273094654083252e-01
1.789432168006896973e-01
2.444165349006652832e-01
4.599939584732055664e-01
9.042997658252716064e-02
1.871425211429595947e-01
1.462184190750122070e-01
6.283923983573913574e-02
5.484952032566070557e-02
1.534357815980911255e-01
1.102469041943550110e-01
1.369296610355377197e-01
8.131266385316848755e-02
1.143882125616073608e-01
7.370283454656600952e-02
1.700754016637802124e-01
1.095286011695861816e-01
1.010464876890182495e-01
8.881540596485137939e-02
1.181960254907608032e-01
9.539438039064407349e-02
9.509505331516265869e-02
1.449397206306457520e-01
6.730610877275466919e-02
1.387082785367965698e-01
1.239735260605812073e-01
8.624207973480224609e-01
5.560061335563659668e-01
4.242581129074096680e-01
3.136060237884521484e-01
4.574729204177856445e-01
2.693765461444854736e-01
3.900938332080841064e-01
5.513417124748229980e-01
9.248587489128112793e-02
5.919262170791625977e-01
4.777511954307556152e-01
1.240973770618438721e-01
6.444228887557983398e-01
6.750362515449523926e-01
3.576194941997528076e-01
3.832059800624847412e-01
9.266132116317749023e-02
2.447690963745117188e-01
9.254057407379150391e-01
7.803949713706970215e-01
4.827118217945098877e-01
6.177216172218322754e-01
4.577547609806060791e-01
6.078652739524841309e-01
3.377109467983245850e-01
3.491930067539215088e-01
9.346100091934204102e-01
9.888712167739868164e-01
1.675293892621994019e-01
7.171134948730468750e-01
9.146769046783447266e-01
5.304244756698608398e-01
6.073609590530395508e-01
8.006172180175781250e-01
2.219271510839462280e-01
7.835005521774291992e-01
4.405006170272827148e-01
5.445773005485534668e-01
7.559441924095153809e-01
8.526385426521301270e-01
8.594972491264343262e-01
5.236532688140869141e-01
5.988281369209289551e-01
9.405379295349121094e-01
6.662837266921997070e-01
9.459854960441589355e-01
6.487798094749450684e-01
3.526632189750671387e-01
5.523781180381774902e-01
4.257411360740661621e-01
8.020169138908386230e-01
9.612250924110412598e-01
1.107820391654968262e+00
1.378002017736434937e-01
4.425437152385711670e-01
2.763274908065795898e-01
4.565348327159881592e-01
6.885015964508056641e-01
3.176491260528564453e-01
9.679545164108276367e-01
2.064007967710494995e-01
8.658889532089233398e-01
8.894651532173156738e-01
7.780830860137939453e-01
9.165614247322082520e-01
4.508146345615386963e-01
6.501198410987854004e-01
5.931764841079711914e-01
6.165826320648193359e-01
5.156379938125610352e-01
4.620602130889892578e-01
6.842113137245178223e-01
8.180148601531982422e-01
7.650556564331054688e-01
5.935406684875488281e-01
7.544851899147033691e-01
1.719512939453125000e-01
7.684688568115234375e-01
1.024073481559753418e+00
9.811667799949645996e-01
9.693198800086975098e-01
4.523064494132995605e-01
4.052657186985015869e-01
5.681723952293395996e-01
8.758174777030944824e-01
5.933056473731994629e-01
5.775182843208312988e-01
2.149071246385574341e-01
4.498993754386901855e-01
5.284311771392822266e-01
8.390355706214904785e-01
6.834219694137573242e-01
3.259110450744628906e-01
4.609203636646270752e-01
6.306095719337463379e-01
1.791911572217941284e-01
6.481956243515014648e-01
9.821993112564086914e-02
1.218933239579200745e-01
1.553189009428024292e-01
4.849546030163764954e-02
1.893307119607925415e-01
5.755290389060974121e-02
4.170553386211395264e-02
3.744429349899291992e-02
1.333553045988082886e-01
1.499872505664825439e-01
5.481547117233276367e-01
5.153248906135559082e-01
1.861671805381774902e-01
1.314188987016677856e-01
6.842254102230072021e-02
7.105799764394760132e-02
7.263243943452835083e-02
9.678810089826583862e-02
8.693719655275344849e-02
2.264953218400478363e-02
7.037034630775451660e-02
7.009063661098480225e-02
7.649981975555419922e-02
6.287780404090881348e-02
2.031068503856658936e-01
9.111577272415161133e-02
1.357952207326889038e-01
1.167051568627357483e-01
4.561276361346244812e-02
8.659920841455459595e-02
4.628202319145202637e-01
1.232606023550033569e-01
1.548976749181747437e-01
2.742704749107360840e-01
2.469997480511665344e-02
5.993694067001342773e-01
3.294661045074462891e-01
5.333340167999267578e-01
4.169439673423767090e-01
4.740415215492248535e-01
4.325520694255828857e-01
6.310217827558517456e-02
1.518018692731857300e-01
3.242453634738922119e-01
1.144934669137001038e-01
1.662932187318801880e-01
3.356904089450836182e-01
9.451165050268173218e-02
1.401464939117431641e-01
1.980043053627014160e-01
2.144921869039535522e-01
2.244383543729782104e-01
4.702638685703277588e-01
2.863763272762298584e-01
2.686180472373962402e-01
4.220155179500579834e-01
1.249902546405792236e-01
1.967993378639221191e-01
6.240671873092651367e-01
8.407384157180786133e-01
9.478548169136047363e-02
6.187839433550834656e-02
7.826144993305206299e-02
1.065781414508819580e-01
1.715956442058086395e-02
5.951237678527832031e-02
5.833866447210311890e-02
1.101583242416381836e-01
4.456878900527954102e-01
3.837326467037200928e-01
1.039935648441314697e-01
1.811298429965972900e-01
5.214850306510925293e-01
1.438652276992797852e-01
6.524832546710968018e-02
9.194205701351165771e-02
1.037851050496101379e-01
5.946855619549751282e-02
1.213769018650054932e-01
8.718645572662353516e-02
1.510928273200988770e-01
4.331674277782440186e-01
8.411773294210433960e-02
1.804848164319992065e-01
6.867110133171081543e-01
5.565100312232971191e-01
7.485409379005432129e-01
2.770984470844268799e-01
1.457462459802627563e-01
4.360682964324951172e-01
1.101055592298507690e-01
8.113604784011840820e-02
1.774754971265792847e-01
4.552713036537170410e-01
4.688850343227386475e-01
4.109195172786712646e-01
7.379431724548339844e-01
6.057687997817993164e-01
8.052150607109069824e-01
2.138430625200271606e-01
5.033543109893798828e-01
4.007899165153503418e-01
2.569260299205780029e-01
5.633087754249572754e-01
9.054119586944580078e-01
1.485201418399810791e-01
4.765561223030090332e-01
1.495336294174194336e-01
7.962179780006408691e-01
7.126854062080383301e-01
7.343834042549133301e-01
1.036283969879150391e+00
5.070743560791015625e-01
3.829348385334014893e-01
1.882716566324234009e-01
6.241560578346252441e-01
1.687439978122711182e-01
7.600275427103042603e-02
3.425126373767852783e-01
2.439898103475570679e-01
1.325760334730148315e-01
2.651472389698028564e-02
1.073379144072532654e-01
1.396070718765258789e-01
7.119929790496826172e-02
8.389482647180557251e-02
5.513297766447067261e-02
5.463804304599761963e-02
1.316605955362319946e-01
3.672838583588600159e-02
4.767554998397827148e-02
1.785684525966644287e-01
8.693727850914001465e-02
5.460933595895767212e-02
2.388738840818405151e-01
3.883293271064758301e-01
8.245092630386352539e-02
1.289447098970413208e-01
9.105543792247772217e-02
5.877371504902839661e-02
7.197143137454986572e-02
7.957375794649124146e-02
6.878335028886795044e-02
3.351587355136871338e-01
1.066736802458763123e-01
1.049329861998558044e-01
7.945813238620758057e-02
8.740664273500442505e-02
1.524543613195419312e-01
6.736361980438232422e-02
1.406833380460739136e-01
4.960554838180541992e-01
1.193817853927612305e-01
8.034944534301757812e-02
4.387163743376731873e-02
9.505373239517211914e-02
1.343297958374023438e-01
7.131602615118026733e-02
4.528144598007202148e-01
3.169582486152648926e-01
2.996970713138580322e-01
1.075562611222267151e-01
3.976818919181823730e-01
6.098501756787300110e-02
1.270632743835449219e-01
2.612590193748474121e-01
3.157612383365631104e-01
9.078808128833770752e-02
5.283905863761901855e-01
2.179461121559143066e-01
2.351122349500656128e-01
1.771308630704879761e-01
2.363007962703704834e-01
1.233636587858200073e-01
1.897927224636077881e-01
3.194508254528045654e-01
1.227147504687309265e-01
1.837854087352752686e-01
3.519044220447540283e-01
7.077813893556594849e-02
6.040197014808654785e-01
2.206858545541763306e-01
1.883210688829421997e-01
4.018895924091339111e-01
1.721753925085067749e-01
1.070855855941772461e-01
7.542387396097183228e-02
2.033756226301193237e-01
1.154082566499710083e-01
8.092253655195236206e-02
7.455599308013916016e-02
2.365479171276092529e-01
8.232034742832183838e-02
9.068558365106582642e-02
1.503307521343231201e-01
9.029299020767211914e-02
9.994757920503616333e-02
6.668892502784729004e-02
7.217306643724441528e-02
1.899193376302719116e-01
1.422969102859497070e-01
1.260763257741928101e-01
1.339954137802124023e-01
6.264740973711013794e-02
8.040268719196319580e-02
1.050604060292243958e-01
1.435082852840423584e-01
9.303536266088485718e-02
9.489987045526504517e-02
8.425008505582809448e-02
1.174855232238769531e-01
4.165614545345306396e-01
2.198300063610076904e-01
5.128218531608581543e-01
5.884300470352172852e-01
2.664873301982879639e-01
2.661086916923522949e-01
6.229302287101745605e-01
4.523516893386840820e-01
1.977823525667190552e-01
4.446318745613098145e-01
4.276597499847412109e-01
4.085637331008911133e-01
1.163183972239494324e-01
3.996742963790893555e-01
6.715776324272155762e-01
3.193478286266326904e-01
3.196783661842346191e-01
7.803038954734802246e-01
6.799963712692260742e-01
1.476549357175827026e-01
5.154116749763488770e-01
1.781452000141143799e-01
6.161102056503295898e-01
2.964769303798675537e-01
1.914973855018615723e-01
6.136821508407592773e-01
4.468369483947753906e-02
3.517123758792877197e-01
2.110916674137115479e-01
6.909220814704895020e-01
1.591637283563613892e-01
8.372486382722854614e-02
7.499379515647888184e-01
2.476626038551330566e-01
9.387121796607971191e-01
7.566633224487304688e-01
8.684957623481750488e-01
5.814420580863952637e-01
6.966969966888427734e-01
7.523006796836853027e-01
9.566804170608520508e-01
6.063416004180908203e-01
4.528923630714416504e-01
4.956548213958740234e-01
3.737666010856628418e-01
3.168050050735473633e-01
1.051405191421508789e+00
6.756805181503295898e-01
5.971931219100952148e-01
9.386774301528930664e-01
1.577828675508499146e-01
7.967463135719299316e-01
5.834446549415588379e-01
1.025028586387634277e+00
5.702865719795227051e-01
8.196950554847717285e-01
5.689555406570434570e-01
8.256434798240661621e-01
6.931757330894470215e-01
5.008910894393920898e-01
6.995126605033874512e-01
3.956553041934967041e-01
4.824806451797485352e-01
2.706119418144226074e-01
9.139045476913452148e-01
9.633628129959106445e-01
9.043597579002380371e-01
1.711433231830596924e-01
8.010717630386352539e-01
1.448577344417572021e-01
1.586313545703887939e-01
2.695170938968658447e-01
4.510799348354339600e-01
1.530009657144546509e-01
8.452351093292236328e-01
7.221797704696655273e-01
3.177450597286224365e-01
5.795162916183471680e-01
9.370374679565429688e-01
6.265794634819030762e-01
9.394384026527404785e-01
8.852608799934387207e-01
2.502259016036987305e-01
1.525225639343261719e-01
8.919227123260498047e-01
8.803408741950988770e-01
6.779663562774658203e-01
5.357270240783691406e-01
8.804791569709777832e-01
8.779428005218505859e-01
8.631911277770996094e-01
5.617694258689880371e-01
4.864565730094909668e-01
6.360757946968078613e-01
5.589301586151123047e-01
9.141934514045715332e-01
3.894405364990234375e-01
3.652154281735420227e-02
1.635369807481765747e-01
7.633788883686065674e-02
1.059775352478027344e-01
1.568036377429962158e-01
1.049236059188842773e-01
1.246001645922660828e-01
8.558914810419082642e-02
9.089951962232589722e-02
1.263623535633087158e-01
6.176901981234550476e-02
5.664595589041709900e-02
1.223809868097305298e-01
6.658513098955154419e-02
7.537003606557846069e-02
8.163789659738540649e-02
1.482576727867126465e-01
3.974559009075164795e-01
1.573111116886138916e-01
1.878367811441421509e-01
4.277034401893615723e-01
8.643377572298049927e-02
6.524737924337387085e-02
3.252148628234863281e-01
2.828618884086608887e-01
2.290674597024917603e-01
6.477071046829223633e-01
7.107048481702804565e-02
1.198297291994094849e-01
1.732009053230285645e-01
6.145979762077331543e-01
9.930004179477691650e-02
6.196253001689910889e-02
1.927012950181961060e-01
9.165047854185104370e-02
5.005500838160514832e-02
7.331583648920059204e-02
1.034821718931198120e-01
1.052669286727905273e-01
2.769010365009307861e-01
8.276663720607757568e-02
1.072359308600425720e-01
1.297125667333602905e-01
9.211508184671401978e-02
8.659393340349197388e-02
9.953436255455017090e-02
1.552663296461105347e-01
1.172662302851676941e-01
1.135415211319923401e-01
1.253981292247772217e-01
4.637290239334106445e-01
1.172720789909362793e-01
9.228496998548507690e-02
7.717215269804000854e-02
1.430160999298095703e-01
4.780570864677429199e-01
1.891968548297882080e-01
1.885791569948196411e-01
2.025128006935119629e-01
2.995749115943908691e-01
2.302358746528625488e-01
7.395057082176208496e-01
1.007795557379722595e-01
1.131259202957153320e-01
2.593890130519866943e-01
1.976598352193832397e-01
3.347476720809936523e-01
2.855694591999053955e-01
4.424774944782257080e-01
7.976791262626647949e-02
4.648798704147338867e-01
3.429898023605346680e-01
3.581498563289642334e-01
2.274233847856521606e-01
9.810821712017059326e-02
4.280222356319427490e-01
7.190899252891540527e-01
4.647814333438873291e-01
7.302601337432861328e-01
3.136029243469238281e-01
4.769381284713745117e-01
1.753515750169754028e-01
4.405601322650909424e-02
3.620264232158660889e-01
2.389124333858489990e-01
1.577352881431579590e-01
1.063316315412521362e-01
2.862879037857055664e-01
5.457732453942298889e-02
7.402049005031585693e-02
5.260310769081115723e-01
3.942234218120574951e-01
2.653762698173522949e-01
2.078584879636764526e-01
1.831906288862228394e-01
5.045745372772216797e-01
4.777424037456512451e-01
7.201183438301086426e-01
8.304316550493240356e-02
2.546563148498535156e-01
1.139092817902565002e-01
4.849154651165008545e-01
9.272075444459915161e-02
2.215418666601181030e-01
3.299711048603057861e-01
3.910827338695526123e-01
7.289097309112548828e-01
4.440870881080627441e-01
6.731916069984436035e-01
7.630704343318939209e-02
8.885194361209869385e-02
1.099466457962989807e-01
9.577686339616775513e-02
9.007112681865692139e-02
8.661212772130966187e-02
6.294530630111694336e-02
5.869466438889503479e-02
1.804349273443222046e-01
6.081170588731765747e-02
5.680927634239196777e-01
1.084013953804969788e-01
2.209285795688629150e-01
1.086340695619583130e-01
6.729966998100280762e-01
3.017416894435882568e-01
1.301072537899017334e-01
9.114960581064224243e-02
2.623159587383270264e-01
1.193560734391212463e-01
7.848248630762100220e-02
6.464573740959167480e-02
6.043064594268798828e-02
1.461221277713775635e-01
1.802305877208709717e-01
7.054347544908523560e-02
7.869417220354080200e-02
8.410239219665527344e-02
3.668392598628997803e-01
6.875750422477722168e-02
2.694775462150573730e-01
1.136583015322685242e-01
6.644700467586517334e-02
9.720806777477264404e-02
1.507813632488250732e-01
1.149977520108222961e-01
9.159418195486068726e-02
3.407582342624664307e-01
1.900569796562194824e-01
6.952846050262451172e-02
1.084612607955932617e-01
9.902112931013107300e-02
4.710193350911140442e-02
7.369713485240936279e-02
7.451590895652770996e-01
1.213949173688888550e-01
2.708879709243774414e-01
7.784030586481094360e-02
6.109132766723632812e-01
3.962427079677581787e-01
6.884883642196655273e-01
1.925836056470870972e-01
1.665368527173995972e-01
7.714530825614929199e-01
1.203025877475738525e-01
6.222034096717834473e-01
7.566930055618286133e-01
8.061542361974716187e-02
4.404108226299285889e-01
2.916002571582794189e-01
5.101342201232910156e-01
5.863868594169616699e-01
8.436452150344848633e-01
5.914444327354431152e-01
6.558009982109069824e-01
2.930384874343872070e-01
1.582877486944198608e-01
8.475917577743530273e-02
1.078582331538200378e-01
1.740994304418563843e-01
4.278752803802490234e-01
3.242882192134857178e-01
5.796915888786315918e-01
4.782488569617271423e-02
5.288264527916908264e-02
8.966267108917236328e-02
3.186509311199188232e-01
6.854459643363952637e-01
1.198096573352813721e-01
3.142862617969512939e-01
2.412316948175430298e-01
2.360184788703918457e-01
2.673209905624389648e-01
1.358847320079803467e-01
2.425370365381240845e-01
9.187920093536376953e-01
9.690089821815490723e-01
7.115985155105590820e-01
3.585509955883026123e-01
7.340609431266784668e-01
9.814349412918090820e-01
7.576721310615539551e-01
7.329799532890319824e-01
5.207069516181945801e-01
7.819183468818664551e-01
8.829337954521179199e-01
3.087229132652282715e-01
3.165456652641296387e-01
9.677442312240600586e-01
3.089230358600616455e-01
1.808855533599853516e-01
1.534424126148223877e-01
1.469367891550064087e-01
5.189183950424194336e-01
4.227864742279052734e-01
7.945801615715026855e-01
3.148009777069091797e-01
3.809227347373962402e-01
5.156368017196655273e-01
6.891188025474548340e-01
5.959115028381347656e-01
1.020644307136535645e+00
9.118955731391906738e-01
7.209127545356750488e-01
1.316669732332229614e-01
7.347179651260375977e-01
8.647293448448181152e-01
8.157508969306945801e-01
6.369752287864685059e-01
5.743825435638427734e-01
6.323688626289367676e-01
6.856927871704101562e-01
9.465032815933227539e-01
8.698653578758239746e-01
5.932346582412719727e-01
6.082745790481567383e-01
1.867056787014007568e-01
5.556758642196655273e-01
1.538642793893814087e-01
8.480715155601501465e-01
7.703086733818054199e-01
4.942108094692230225e-01
1.744985878467559814e-01
8.699150681495666504e-01
4.254847466945648193e-01
2.058524191379547119e-01
8.427910208702087402e-01
1.622628867626190186e-01
7.815970182418823242e-01
8.235960006713867188e-01
8.980279564857482910e-01
6.351672410964965820e-01
5.946561098098754883e-01
7.026223540306091309e-01
8.597406744956970215e-01
2.080351114273071289e-01
2.793199121952056885e-01
1.772314459085464478e-01
8.441893458366394043e-01
6.094013452529907227e-01
1.626529544591903687e-01
4.482189714908599854e-01
7.060136795043945312e-01
8.938304185867309570e-01
9.162963032722473145e-01
8.040968179702758789e-01
8.727411031723022461e-01
1.487180292606353760e-01
1.409044265747070312e-01
7.081726193428039551e-01
5.385913848876953125e-01
9.216783046722412109e-01
6.029112935066223145e-01
2.205787003040313721e-01
9.415812790393829346e-02
2.235114872455596924e-01
6.107754260301589966e-02
7.449889928102493286e-02
1.026368439197540283e-01
1.332893222570419312e-01
1.317880898714065552e-01
5.384321510791778564e-02
9.637238085269927979e-02
6.037922203540802002e-02
9.164838492870330811e-02
7.903607934713363647e-02
4.936976730823516846e-02
7.012253254652023315e-02
1.687216162681579590e-01
1.301746070384979248e-01
8.952754735946655273e-02
3.241465091705322266e-01
1.366321593523025513e-01
1.321907192468643188e-01
7.361760735511779785e-01
3.501463532447814941e-01
3.780583143234252930e-01
1.058355197310447693e-01
1.091216132044792175e-01
5.447003841400146484e-01
5.282093286514282227e-01
2.780948877334594727e-01
5.187611579895019531e-01
6.469916105270385742e-01
8.326232433319091797e-01
6.175959482789039612e-02
1.074233129620552063e-01
5.318443477153778076e-02
8.091466128826141357e-02
7.850275188684463501e-02
1.426227092742919922e-01
1.007201224565505981e-01
1.260287910699844360e-01
1.046509370207786560e-01
1.919814348220825195e-01
1.854276508092880249e-01
6.725869327783584595e-02
1.673687994480133057e-01
1.419571936130523682e-01
4.871813356876373291e-01
1.353661119937896729e-01
2.830911576747894287e-01
1.232789158821105957e-01
1.262456327676773071e-01
9.468661248683929443e-02
1.355943530797958374e-01
1.074206009507179260e-01
1.529138982295989990e-01
1.763423979282379150e-01
2.138568758964538574e-01
2.379514276981353760e-01
1.411756128072738647e-01
5.764312744140625000e-01
1.154287382960319519e-01
4.091368019580841064e-01
1.026233211159706116e-01
9.125986695289611816e-02
1.659316122531890869e-01
1.239512115716934204e-01
8.733610063791275024e-02
1.283597648143768311e-01
2.789656519889831543e-01
4.638484120368957520e-01
8.828672766685485840e-02
2.942736446857452393e-01
1.330398321151733398e-01
5.252463221549987793e-01
1.928066909313201904e-01
3.150965273380279541e-01
5.683660507202148438e-01
6.924798339605331421e-02
3.508597910404205322e-01
5.658096075057983398e-02
1.288879066705703735e-01
1.901468485593795776e-01
4.242806434631347656e-01
9.625497460365295410e-02
1.854377537965774536e-01
7.847099304199218750e-01
4.204853177070617676e-01
5.339478254318237305e-01
4.918757975101470947e-01
1.382893919944763184e-01
8.269922733306884766e-01
2.847212255001068115e-01
9.997496753931045532e-02
1.107002794742584229e-01
6.188966631889343262e-01
3.007490932941436768e-01
5.522685647010803223e-01
4.940865933895111084e-02
8.858759999275207520e-01
1.455167531967163086e-01
7.268953919410705566e-01
7.092723250389099121e-01
1.243098229169845581e-01
1.318913996219635010e-01
2.689841091632843018e-01
7.076187729835510254e-01
1.447512656450271606e-01
9.435291588306427002e-02
5.542365908622741699e-01
7.194208502769470215e-01
4.021719992160797119e-01
1.653589904308319092e-01
1.671003699302673340e-01
9.228642284870147705e-02
5.007744207978248596e-02
4.232638701796531677e-02
1.143894046545028687e-01
8.272920548915863037e-02
7.638859748840332031e-02
9.137223660945892334e-02
9.214143455028533936e-02
3.612208664417266846e-01
1.827572882175445557e-01
2.216165065765380859e-01
3.768443167209625244e-01
2.914782762527465820e-01
3.124555945396423340e-01
8.940546959638595581e-02
2.351685315370559692e-01
7.351952791213989258e-01
4.405889213085174561e-01
3.411575555801391602e-01
4.071575775742530823e-02
1.858564913272857666e-01
7.484717667102813721e-02
2.020058631896972656e-01
9.921711683273315430e-02
3.266687691211700439e-01
2.078974694013595581e-01
2.807259261608123779e-01
4.151219725608825684e-01
2.389478534460067749e-01
1.626250445842742920e-01
1.986774355173110962e-01
1.000800579786300659e-01
2.431737631559371948e-01
7.573678344488143921e-02
1.153022274374961853e-01
7.855144888162612915e-02
9.583168476819992065e-02
9.788204729557037354e-02
1.435981541872024536e-01
8.246529102325439453e-02
9.051735699176788330e-02
1.162170916795730591e-01
1.058759912848472595e-01
2.716654837131500244e-01
1.395349353551864624e-01
1.338561326265335083e-01
1.553325355052947998e-01
1.144978404045104980e-01
6.085609793663024902e-01
8.638216257095336914e-01
3.737465739250183105e-01
5.446070432662963867e-01
2.750280797481536865e-01
4.242780506610870361e-01
4.665892720222473145e-01
3.735806345939636230e-01
7.087940573692321777e-01
1.356857866048812866e-01
4.110421538352966309e-01
5.036829710006713867e-01
4.418955743312835693e-01
7.126572728157043457e-01
6.043179631233215332e-01
6.914293169975280762e-01
5.374347567558288574e-01
8.619641661643981934e-01
3.627782166004180908e-01
8.607028126716613770e-01
9.253616631031036377e-02
5.442678332328796387e-01
2.487029433250427246e-01
5.920350179076194763e-02
1.015901088714599609e+00
7.568975687026977539e-01
1.003513336181640625e+00
9.359754920005798340e-01
5.751266479492187500e-01
7.933310866355895996e-01
2.866466343402862549e-01
3.344880640506744385e-01
2.778576910495758057e-01
4.721571505069732666e-01
1.574037224054336548e-01
5.415412783622741699e-01
6.033109426498413086e-01
6.037635207176208496e-01
2.174049466848373413e-01
6.203202605247497559e-01
8.090192675590515137e-01
2.004572898149490356e-01
3.176126778125762939e-01
5.297632813453674316e-01
3.088224828243255615e-01
4.361541569232940674e-01
3.428625166416168213e-01
8.722246289253234863e-01
5.850268006324768066e-01
5.693507194519042969e-01
5.315298438072204590e-01
6.712903380393981934e-01
9.542679786682128906e-01
7.017762064933776855e-01
1.629169285297393799e-01
6.379314661026000977e-01
4.070748090744018555e-01
3.235486745834350586e-01
3.672773838043212891e-01
7.329422235488891602e-01
6.614676713943481445e-01
9.633665084838867188e-01
7.992225289344787598e-01
7.198513150215148926e-01
4.087569415569305420e-01
9.580633640289306641e-01
5.521184802055358887e-01
9.842558503150939941e-01
2.049823701381683350e-01
1.451200693845748901e-01
6.060010194778442383e-01
5.144442915916442871e-01
6.005634665489196777e-01
3.197293281555175781e-01
9.468930959701538086e-01
7.273315191268920898e-01
6.084236502647399902e-01
4.682263731956481934e-01
1.942440271377563477e-01
4.474636018276214600e-01
1.553496271371841431e-01
5.868771672248840332e-01
5.371069908142089844e-01
1.739468872547149658e-01
6.602154970169067383e-01
7.934828996658325195e-01
8.335257172584533691e-01
8.696717023849487305e-01
8.459163904190063477e-01
5.770195126533508301e-01
8.755772709846496582e-01
7.720503211021423340e-01
5.076807141304016113e-01
7.821296453475952148e-01
8.535989522933959961e-01
7.744611501693725586e-01
6.694923639297485352e-01
1.893193572759628296e-01
4.851952493190765381e-01
7.949159145355224609e-01
6.801365017890930176e-01
8.624863028526306152e-01
8.903385400772094727e-01
6.485999822616577148e-01
7.894382476806640625e-01
4.147265851497650146e-01
5.760279893875122070e-01
1.581962853670120239e-01
7.235546708106994629e-01
9.212436079978942871e-01
5.176876187324523926e-01
7.450323104858398438e-01
7.543830275535583496e-01
8.108287453651428223e-01
5.593387484550476074e-01
4.837426841259002686e-01
1.380682587623596191e-01
4.452057182788848877e-01
7.323876619338989258e-01
5.166810154914855957e-01
9.602637290954589844e-01
1.016413688659667969e+00
7.660808563232421875e-01
6.138515472412109375e-01
2.493009716272354126e-01
1.036955833435058594e+00
3.492820560932159424e-01
3.926895856857299805e-01
6.218313574790954590e-01
4.141544401645660400e-01
4.894421100616455078e-01
1.518425643444061279e-01
9.227244853973388672e-01
9.448335766792297363e-01
7.925038337707519531e-01
9.805226922035217285e-01
4.868281781673431396e-01
1.377371549606323242e-01
6.656357049942016602e-01
7.116432785987854004e-01
8.104889392852783203e-01
1.449907124042510986e-01
5.007740855216979980e-01
6.594133973121643066e-01
1.070447206497192383e+00
7.991937994956970215e-01
4.893440008163452148e-01
9.606763124465942383e-01
2.244692891836166382e-01
3.149700164794921875e-01
1.916547715663909912e-01
2.516659796237945557e-01
1.620425283908843994e-01
1.522270441055297852e-01
9.054432809352874756e-02
6.266380101442337036e-02
8.669420331716537476e-02
1.009146422147750854e-01
5.596088618040084839e-02
1.254931688308715820e-01
1.410143524408340454e-01
1.155308634042739868e-01
8.940639346837997437e-02
1.181474477052688599e-01
8.368171006441116333e-02
4.919482767581939697e-02
6.333503872156143188e-02
7.534620165824890137e-02
1.927002519369125366e-01
1.266230940818786621e-01
1.091718450188636780e-01
1.369677782058715820e-01
1.536686718463897705e-01
3.638330996036529541e-01
1.544994413852691650e-01
9.297705441713333130e-02
2.359193563461303711e-01
2.544885277748107910e-01
6.471966505050659180e-01
1.548605859279632568e-01
7.875667810440063477e-01
2.630064189434051514e-01
1.289068758487701416e-01
2.933638691902160645e-01
7.056810855865478516e-01
1.507067084312438965e-01
1.619919538497924805e-01
1.052083969116210938e-01
7.135152071714401245e-02
3.576591312885284424e-01
1.947385668754577637e-01
3.504998087882995605e-01
4.250649511814117432e-01
4.390015602111816406e-01
1.795158535242080688e-01
1.685672849416732788e-01
3.350265324115753174e-01
2.375048249959945679e-01
1.011319532990455627e-01
1.263481676578521729e-01
3.680657446384429932e-01
6.774112582206726074e-02
3.486771285533905029e-01
1.946385800838470459e-01
2.737291455268859863e-01
4.151419997215270996e-01
2.425195425748825073e-01
1.974026560783386230e-01
3.493969142436981201e-01
9.660930931568145752e-02
4.206659495830535889e-01
3.842440843582153320e-01
7.326105237007141113e-02
1.043642163276672363e-01
2.541050910949707031e-01
1.756443232297897339e-01
7.480455040931701660e-01
1.227674037218093872e-01
7.514969259500503540e-02
2.034330666065216064e-01
1.604347229003906250e-01
2.799675464630126953e-01
4.050457477569580078e-01
7.677900791168212891e-01
6.907708644866943359e-01
7.172428965568542480e-01
1.191482990980148315e-01
1.520421802997589111e-01
5.239233374595642090e-01
1.053062006831169128e-01
3.612138628959655762e-01
1.439541876316070557e-01
7.970090955495834351e-02
1.304209232330322266e-01
5.500277876853942871e-01
7.160111665725708008e-01
5.687727332115173340e-01
2.944115996360778809e-01
4.231517016887664795e-01
7.191046476364135742e-01
7.212246209383010864e-02
3.326063156127929688e-01
8.681116700172424316e-01
2.852230668067932129e-01
2.939247190952301025e-01
4.980504214763641357e-01
6.119996905326843262e-01
2.020743489265441895e-01
5.543292164802551270e-01
1.853968352079391479e-01
3.061850965023040771e-01
4.695356488227844238e-01
8.314303308725357056e-02
6.423484683036804199e-01
2.254262566566467285e-01
7.317721843719482422e-02
1.650880128145217896e-01
9.276338666677474976e-02
6.627934426069259644e-02
6.644216924905776978e-02
7.525265961885452271e-02
4.365349560976028442e-02
5.166774988174438477e-02
1.130385026335716248e-01
4.545114338397979736e-01
9.119799733161926270e-02
6.940361857414245605e-02
2.528327107429504395e-01
6.819835305213928223e-01
2.663448452949523926e-01
3.932757079601287842e-01
4.373788535594940186e-01
1.902386993169784546e-01
2.818570137023925781e-01
3.750956058502197266e-01
6.359398365020751953e-02
1.250241994857788086e-01
2.689036428928375244e-01
1.753125786781311035e-01
8.015669137239456177e-02
2.012854218482971191e-01
7.475476711988449097e-02
5.908834189176559448e-02
4.281005263328552246e-01
2.008633315563201904e-01
1.072590574622154236e-01
6.940509378910064697e-02
8.282180130481719971e-02
8.855778723955154419e-02
8.860418945550918579e-02
9.290454983711242676e-01
5.561535954475402832e-01
8.021502941846847534e-02
5.666475892066955566e-01
5.883857011795043945e-01
9.194851517677307129e-01
7.214182615280151367e-01
7.399988770484924316e-01
5.492764115333557129e-01
9.149610400199890137e-01
5.276428461074829102e-01
6.005917191505432129e-01
1.021663770079612732e-01
1.030596569180488586e-01
1.117983818054199219e+00
9.221994280815124512e-01
5.815893411636352539e-01
7.276130914688110352e-01
7.683088779449462891e-01
1.090521067380905151e-01
8.045286536216735840e-01
2.001544386148452759e-01
5.578866600990295410e-01
4.479448795318603516e-01
6.648981571197509766e-01
1.867566406726837158e-01
7.614463567733764648e-01
7.772781252861022949e-01
2.519652545452117920e-01
5.851272344589233398e-01
4.057326614856719971e-01
8.367741703987121582e-01
8.871966004371643066e-01
5.315081477165222168e-01
5.414521098136901855e-01
2.925481498241424561e-01
8.129113316535949707e-01
6.974145770072937012e-01
3.911558389663696289e-01
7.605600953102111816e-01
6.021155714988708496e-01
6.666712760925292969e-01
1.012363076210021973e+00
8.562143445014953613e-01
3.634063899517059326e-01
5.866566300392150879e-01
6.828826665878295898e-01
6.245128512382507324e-01
1.012088656425476074e+00
8.120867013931274414e-01
5.495527386665344238e-01
6.723665595054626465e-01
2.648850381374359131e-01
1.883477419614791870e-01
6.542642712593078613e-01
1.482644826173782349e-01
1.483752727508544922e-01
2.324818521738052368e-01
1.608755886554718018e-01
2.344347834587097168e-01
1.005481183528900146e-01
1.305366009473800659e-01
9.930355846881866455e-02
8.377005159854888916e-02
9.896492958068847656e-02
1.666397601366043091e-01
9.804256260395050049e-02
3.837863728404045105e-02
3.510908782482147217e-01
4.340177476406097412e-01
2.362098246812820435e-01
1.097260341048240662e-01
4.347767829895019531e-01
5.999900102615356445e-01
5.355752110481262207e-01
6.814940273761749268e-02
1.295669227838516235e-01
4.759277999401092529e-01
1.372982561588287354e-01
9.730001538991928101e-02
8.395251631736755371e-02
1.137369945645332336e-01
4.000380635261535645e-01
4.343332350254058838e-01
5.455452203750610352e-01
6.342148780822753906e-01
8.051685988903045654e-02
2.924628853797912598e-01
1.478897780179977417e-01
1.585636585950851440e-01
8.724017441272735596e-02
6.457057595252990723e-01
7.049776613712310791e-02
1.357429623603820801e-01
7.076028734445571899e-02
3.852388858795166016e-01
1.650992631912231445e-01
2.871098220348358154e-01
2.152286618947982788e-01
1.865338981151580811e-01
1.203433796763420105e-01
1.797224134206771851e-01
8.272796273231506348e-01
1.368552446365356445e-01
1.604657620191574097e-01
6.455613672733306885e-02
7.101097702980041504e-02
4.224001616239547729e-02
4.833655059337615967e-02
2.001734226942062378e-01
1.355981677770614624e-01
9.960351884365081787e-02
1.986697316169738770e-01
9.708134829998016357e-02
1.149555966258049011e-01
3.177757263183593750e-01
7.257208973169326782e-02
2.460400611162185669e-01
1.136261075735092163e-01
4.066655933856964111e-01
3.880582451820373535e-01
9.206531941890716553e-02
1.041417419910430908e-01
7.277605682611465454e-02
1.188124045729637146e-01
9.855873882770538330e-02
2.316730171442031860e-01
2.233635783195495605e-01
1.394219249486923218e-01
8.764466643333435059e-02
1.260924488306045532e-01
8.098009824752807617e-01
3.150406777858734131e-01
4.066219329833984375e-01
7.669637352228164673e-02
4.032596647739410400e-01
7.778639793395996094e-01
2.263520807027816772e-01
1.132015958428382874e-01
6.393090486526489258e-01
2.659421563148498535e-01
3.336611390113830566e-01
4.476589262485504150e-01
1.540607959032058716e-01
5.677597522735595703e-01
2.610137462615966797e-01
4.682918190956115723e-01
1.294603645801544189e-01
1.213069036602973938e-01
3.732833564281463623e-01
5.066879391670227051e-01
1.107926666736602783e-01
2.688317894935607910e-01
1.286166012287139893e-01
2.508745491504669189e-01
9.201747775077819824e-01
8.300876617431640625e-01
2.307614982128143311e-01
8.408337235450744629e-01
1.008569002151489258e+00
6.135576367378234863e-01
3.322223722934722900e-01
5.638779997825622559e-01
1.888883113861083984e-01
3.872234821319580078e-01
6.216518878936767578e-01
9.658434987068176270e-01
1.620468497276306152e-01
6.265523433685302734e-01
1.880553960800170898e-01
8.198688030242919922e-01
8.409069180488586426e-01
7.573075890541076660e-01
4.231641888618469238e-01
9.119349718093872070e-01
5.250900983810424805e-01
5.342901945114135742e-01
8.172863125801086426e-01
4.906984269618988037e-01
5.972642898559570312e-01
6.103036999702453613e-01
5.240437984466552734e-01
4.882032871246337891e-01
4.134494960308074951e-01
4.278297126293182373e-01
4.796864986419677734e-01
2.990908622741699219e-01
7.108079195022583008e-01
1.694156825542449951e-01
6.080797314643859863e-01
1.744458526372909546e-01
3.489220738410949707e-01
5.756193399429321289e-01
6.740384697914123535e-01
8.279475569725036621e-01
5.531013607978820801e-01
7.145494967699050903e-02
3.374793380498886108e-02
5.652411654591560364e-02
7.693658024072647095e-02
5.220453441143035889e-02
5.407208576798439026e-02
3.423669189214706421e-02
1.051632091403007507e-01
5.389057472348213196e-02
1.494045406579971313e-01
9.575395286083221436e-02
8.477040529251098633e-01
7.535992562770843506e-02
8.462269604206085205e-02
3.108116984367370605e-02
3.482043370604515076e-02
7.670132815837860107e-02
2.366554550826549530e-02
8.215007185935974121e-02
5.400248244404792786e-02
3.361448943614959717e-01
6.476859748363494873e-02
1.236871927976608276e-01
9.050530940294265747e-02
2.276452779769897461e-01
5.718852952122688293e-02
2.051782459020614624e-01
2.397063821554183960e-01
7.784136384725570679e-02
4.914245009422302246e-01
5.141122937202453613e-01
3.687601387500762939e-01
6.247305274009704590e-01
1.587301641702651978e-01
4.682474434375762939e-01
2.563009262084960938e-01
2.692034542560577393e-01
8.645451813936233521e-02
1.297515034675598145e-01
4.312373399734497070e-01
8.855802938342094421e-03
3.446983098983764648e-01
1.087722703814506531e-01
2.347487062215805054e-01
1.466573625802993774e-01
7.277355194091796875e-01
5.463139414787292480e-01
3.746405243873596191e-02
5.674543976783752441e-01
3.885290920734405518e-01
5.234231352806091309e-01
6.719568967819213867e-01
7.497245669364929199e-01
9.993769973516464233e-02
3.127544224262237549e-01
6.351426243782043457e-01
8.011929690837860107e-02
3.053033649921417236e-01
1.839083246886730194e-02
4.724533557891845703e-01
7.998307049274444580e-02
9.007953107357025146e-02
1.061197295784950256e-01
3.512810915708541870e-02
1.863708049058914185e-01
1.163475885987281799e-01
1.628225594758987427e-01
1.184893101453781128e-01
9.660483151674270630e-02
1.684781908988952637e-01
2.893410250544548035e-02
8.497668802738189697e-02
1.213160306215286255e-01
3.719916567206382751e-02
7.832843065261840820e-02
8.385463058948516846e-02
7.729684561491012573e-02
8.345805108547210693e-02
1.101858466863632202e-01
1.724666208028793335e-01
2.596867680549621582e-01
1.772217303514480591e-01
5.000007748603820801e-01
7.448706775903701782e-02
2.254033982753753662e-01
2.278949022293090820e-01
4.853907823562622070e-01
5.535280704498291016e-01
2.368407398462295532e-01
6.020243167877197266e-01
3.682808876037597656e-01
9.208014607429504395e-02
2.474536150693893433e-01
2.198927253484725952e-01
4.740527272224426270e-01
1.332781761884689331e-01
2.142942696809768677e-01
1.997431814670562744e-01
1.570172980427742004e-02
1.083500385284423828e-01
8.417613059282302856e-02
9.531126171350479126e-02
1.031946986913681030e-01
6.722003966569900513e-02
6.411677598953247070e-02
5.070722475647926331e-02
1.216611936688423157e-01
1.146314889192581177e-01
8.301579207181930542e-02
3.750830143690109253e-02
6.727562099695205688e-02
1.164096593856811523e-01
1.465195119380950928e-01
1.194068938493728638e-01
2.349398881196975708e-01
1.785925179719924927e-01
5.383502691984176636e-02
1.634931117296218872e-01
8.184458315372467041e-02
1.606802791357040405e-01
6.849262118339538574e-02
5.616013333201408386e-02
5.858543142676353455e-02
1.966895312070846558e-01
4.866228625178337097e-02
1.608721464872360229e-01
3.361834958195686340e-02
1.570660620927810669e-01
5.476962402462959290e-02
3.592931479215621948e-02
1.127354279160499573e-01
1.087685078382492065e-01
3.000979125499725342e-01
5.783469974994659424e-02
2.933099567890167236e-01
1.163860559463500977e-01
1.041664257645606995e-01
8.752867579460144043e-02
1.276983916759490967e-01
1.219358816742897034e-01
1.605571806430816650e-01
1.144509389996528625e-01
2.842020690441131592e-01
1.470985710620880127e-01
1.068043187260627747e-01
9.335719794034957886e-02
7.793486714363098145e-01
5.624284148216247559e-01
6.825730204582214355e-01
2.449107766151428223e-01
1.037149056792259216e-01
5.206097364425659180e-01
4.496941864490509033e-01
1.027546077966690063e-01
5.061161145567893982e-02
1.132433265447616577e-01
8.419325947761535645e-01
9.447228908538818359e-01
2.752984762191772461e-01
7.930555343627929688e-01
2.652786970138549805e-01
2.177115082740783691e-01
1.852956265211105347e-01
1.207717284560203552e-01
1.682417690753936768e-01
7.789192795753479004e-01
9.133149385452270508e-01
1.699121296405792236e-01
4.466014206409454346e-01
2.894132733345031738e-01
4.398185908794403076e-01
4.799997508525848389e-01
2.672122418880462646e-01
5.115724205970764160e-01
6.706594824790954590e-01
6.092805862426757812e-01
4.089904427528381348e-01
4.027105867862701416e-01
4.255674183368682861e-01
1.606194823980331421e-01
4.156697392463684082e-01
3.976866900920867920e-01
2.521523535251617432e-01
4.306802153587341309e-01
5.737143158912658691e-01
6.090649962425231934e-01
4.872035980224609375e-01
5.483277440071105957e-01
1.023290991783142090e+00
7.382192015647888184e-01
6.602998375892639160e-01
6.782020330429077148e-01
4.159983992576599121e-01
9.047262370586395264e-02
9.727518260478973389e-02
8.314367383718490601e-02
6.854528188705444336e-02
2.131771892309188843e-01
2.178987413644790649e-01
7.283318787813186646e-02
2.825570702552795410e-01
4.576044082641601562e-01
6.378257870674133301e-01
1.492360532283782959e-01
1.519521176815032959e-01
6.492670625448226929e-02
6.523349881172180176e-02
4.286522865295410156e-01
4.291653037071228027e-01
3.974266350269317627e-02
4.638600349426269531e-02
2.748760879039764404e-01
4.096576943993568420e-02
3.608448803424835205e-01
1.798358112573623657e-01
3.500641137361526489e-02
1.025762930512428284e-01
9.905719012022018433e-02
1.142531260848045349e-01
7.410760968923568726e-02
1.541213244199752808e-01
1.104502081871032715e-01
3.653580248355865479e-01
6.982877105474472046e-02
8.574228733777999878e-02
1.003059595823287964e-01
1.396043598651885986e-01
6.952555477619171143e-02
2.623650729656219482e-01
7.672512531280517578e-02
2.051759511232376099e-01
9.202858805656433105e-02
1.894712597131729126e-01
5.734217539429664612e-02
2.189930826425552368e-01
2.526619732379913330e-01
3.501974344253540039e-01
2.177369892597198486e-01
2.286134809255599976e-01
1.650133877992630005e-01
3.793724775314331055e-01
7.480235397815704346e-02
9.188532829284667969e-02
1.936053931713104248e-01
1.206898689270019531e-01
8.377505838871002197e-02
1.721724420785903931e-01
1.692562848329544067e-01
1.437828838825225830e-01
1.004657298326492310e-01
7.895375043153762817e-02
4.816126823425292969e-01
4.397065043449401855e-01
2.122366577386856079e-01
2.192218899726867676e-01
2.077209204435348511e-01
7.033588737249374390e-02
1.603985279798507690e-01
1.517567187547683716e-01
2.682231962680816650e-01
9.266187250614166260e-02
8.000960201025009155e-02
2.063151597976684570e-01
1.200173795223236084e-01
1.466516852378845215e-01
6.765729933977127075e-02
1.732485592365264893e-01
6.064455956220626831e-02
7.934607565402984619e-02
8.271218836307525635e-02
4.930871725082397461e-02
1.200971230864524841e-01
2.376809418201446533e-01
1.167090535163879395e-01
1.716672629117965698e-01
1.600811630487442017e-01
7.213799357414245605e-01
4.614749252796173096e-01
9.806342422962188721e-02
6.515267491340637207e-01
2.363211214542388916e-01
6.280644536018371582e-01
4.658261537551879883e-01
4.025216996669769287e-01
4.668638706207275391e-01
9.360829740762710571e-02
2.965174615383148193e-01
6.765414476394653320e-01
2.282300442457199097e-01
1.996738165616989136e-01
4.278995692729949951e-01
8.425835520029067993e-02
1.694612950086593628e-01
1.136254891753196716e-01
8.907298743724822998e-02
1.156512647867202759e-01
7.458882033824920654e-02
8.111824840307235718e-02
2.767664492130279541e-01
2.685559689998626709e-01
8.769139647483825684e-01
6.386889219284057617e-01
1.477096825838088989e-01
4.476392269134521484e-01
2.082856744527816772e-01
6.172374486923217773e-01
6.116365790367126465e-01
2.274077981710433960e-01
6.684167981147766113e-01
8.435170650482177734e-01
7.281402945518493652e-01
8.099515438079833984e-01
6.031559109687805176e-01
2.793126106262207031e-01
9.545897245407104492e-01
6.946238875389099121e-01
6.908816099166870117e-01
6.992489695549011230e-01
1.826677769422531128e-01
5.796193480491638184e-01
2.175661176443099976e-01
3.544214665889739990e-01
5.470702648162841797e-01
1.564477682113647461e-01
6.063991189002990723e-01
6.572741866111755371e-01
6.713733673095703125e-01
9.076353907585144043e-01
1.597969084978103638e-01
5.913625955581665039e-01
3.704249858856201172e-01
8.043163418769836426e-01
1.321426182985305786e-01
7.376372814178466797e-01
9.605170786380767822e-02
4.978679120540618896e-01
9.514586925506591797e-01
2.044278532266616821e-01
6.180760860443115234e-01
4.201363921165466309e-01
2.535292506217956543e-01
7.102035880088806152e-01
8.287428021430969238e-01
9.265717267990112305e-01
7.192778587341308594e-01
7.883530259132385254e-01
1.131416797637939453e+00
9.151973128318786621e-01
8.737893700599670410e-01
1.984751522541046143e-01
7.421801090240478516e-01
9.904689192771911621e-01
3.766604363918304443e-01
2.337406426668167114e-01
5.574775338172912598e-01
6.842076778411865234e-01
4.268371760845184326e-01
1.251084357500076294e-01
1.033283844590187073e-01
1.091353744268417358e-01
1.003257334232330322e-01
1.200655847787857056e-01
1.211330443620681763e-01
1.114298626780509949e-01
9.971910715103149414e-02
1.448938697576522827e-01
8.230664581060409546e-02
1.243173480033874512e-01
9.891509264707565308e-02
1.246223822236061096e-01
1.290217489004135132e-01
1.221857666969299316e-01
7.937183231115341187e-02
8.901657164096832275e-02
7.193855941295623779e-02
8.796893060207366943e-02
1.180893704295158386e-01
1.152192354202270508e-01
5.481963604688644409e-02
7.719222456216812134e-02
8.878793567419052124e-02
1.023128777742385864e-01
7.457665354013442993e-02
1.126197353005409241e-01
5.525726452469825745e-02
6.034169718623161316e-02
6.767114251852035522e-02
9.974931180477142334e-02
5.463526025414466858e-02
1.343420147895812988e-01
1.558403074741363525e-01
2.190734297037124634e-01
7.127753645181655884e-02
2.134407162666320801e-01
6.884803622961044312e-02
9.755606949329376221e-02
8.620358258485794067e-02
6.363204717636108398e-01
2.937121391296386719e-01
2.261731326580047607e-01
1.900376230478286743e-01
1.202994585037231445e-01
6.454289704561233521e-02
3.878242373466491699e-01
9.819912910461425781e-02
8.873042464256286621e-02
9.438969194889068604e-02
3.222013823688030243e-03
1.060192584991455078e-01
8.365070074796676636e-02
4.248933494091033936e-02
8.662218600511550903e-02
1.452932208776473999e-01
1.470597684383392334e-01
1.115002259612083435e-01
9.812010079622268677e-02
8.301617950201034546e-02
8.971669524908065796e-02
1.601956635713577271e-01
2.371930181980133057e-01
1.532953977584838867e-01
7.295460253953933716e-02
1.120794415473937988e-01
2.285658270120620728e-01
1.851213127374649048e-01
1.236742660403251648e-01
1.146556809544563293e-01
1.569306254386901855e-01
5.315375700592994690e-02
8.938343077898025513e-02
1.173439994454383850e-01
1.489644646644592285e-01
1.210071891546249390e-01
5.760285630822181702e-02
8.601781725883483887e-02
1.258153319358825684e-01
4.853716790676116943e-01
1.496483683586120605e-01
4.462867081165313721e-01
1.195490136742591858e-01
3.905690610408782959e-01
9.895540028810501099e-02
1.042193695902824402e-01
1.329172402620315552e-01
2.906237840652465820e-01
5.138003826141357422e-01
7.539531588554382324e-01
1.773997098207473755e-01
9.914352744817733765e-02
4.330801665782928467e-01
2.388596683740615845e-01
1.846368908882141113e-01
1.807758957147598267e-01
5.399612188339233398e-01
1.186736524105072021e-01
1.101649552583694458e-01
2.018459290266036987e-01
9.150066375732421875e-01
1.972999572753906250e-01
1.894189417362213135e-01
1.698810011148452759e-01
1.034645885229110718e-01
1.587689965963363647e-01
4.096441566944122314e-01
6.932110786437988281e-01
1.451721787452697754e-01
6.866070628166198730e-02
2.607861161231994629e-01
1.338783204555511475e-01
2.594245374202728271e-01
3.547862768173217773e-01
3.002592325210571289e-01
1.021291390061378479e-01
1.687650233507156372e-01
2.919720709323883057e-01
3.526162505149841309e-01
5.885726809501647949e-01
1.567768901586532593e-01
4.459304809570312500e-01
4.325026571750640869e-01
1.633310765027999878e-01
2.426857501268386841e-01
4.952456951141357422e-01
1.052292883396148682e-01
5.155628919601440430e-01
4.025877118110656738e-01
3.390926122665405273e-01
9.675166755914688110e-02
8.855167031288146973e-01
9.179202318191528320e-01
2.493170797824859619e-01
1.716708540916442871e-01
1.505738198757171631e-01
1.464708596467971802e-01
1.999458670616149902e-01
1.211178004741668701e-01
2.610009014606475830e-01
1.173526868224143982e-01
8.400937914848327637e-02
5.157994106411933899e-02
1.039478853344917297e-01
9.473312646150588989e-02
7.508702576160430908e-02
8.951346576213836670e-02
1.000430732965469360e-01
1.639025062322616577e-01
2.849399447441101074e-01
1.894119083881378174e-01
1.456047147512435913e-01
8.247590810060501099e-02
1.252835392951965332e-01
1.230094432830810547e-01
4.297002851963043213e-01
1.398450136184692383e-01
1.750705093145370483e-01
1.513779759407043457e-01
1.128675788640975952e-01
1.018100678920745850e-01
3.056669235229492188e-01
2.282359302043914795e-01
2.168952524662017822e-01
1.838859915733337402e-01
1.431726217269897461e-01
1.174041330814361572e-01
3.133451640605926514e-01
1.890066266059875488e-01
4.408809170126914978e-02
3.293068706989288330e-02
1.170801073312759399e-01
1.652231514453887939e-01
1.640105098485946655e-01
6.975673884153366089e-02
3.867747187614440918e-01
3.597959280014038086e-01
6.978280842304229736e-02
5.293603986501693726e-02
1.304176449775695801e-01
7.437007129192352295e-02
3.218711614608764648e-01
1.870310008525848389e-01
2.397354543209075928e-01
9.696535766124725342e-02
1.174889802932739258e-01
4.626953303813934326e-01
4.790911078453063965e-01
2.911556065082550049e-01
1.067355647683143616e-01
1.387021690607070923e-01
7.269125431776046753e-02
4.219125211238861084e-02
4.029855504631996155e-02
1.327745467424392700e-01
6.176783144474029541e-02
4.229928553104400635e-01
6.132429242134094238e-01
1.519138216972351074e-01
4.966741800308227539e-01
8.371023535728454590e-01
3.486489355564117432e-01
1.142414584755897522e-01
7.350656986236572266e-01
3.267441391944885254e-01
8.746173381805419922e-01
2.110061049461364746e-01
4.326469302177429199e-01
1.583772450685501099e-01
9.020615369081497192e-02
4.213791787624359131e-01
8.592239618301391602e-01
1.000907897949218750e+00
5.385997295379638672e-01
4.502131044864654541e-01
5.020757913589477539e-01
8.005236387252807617e-01
7.674164772033691406e-01
7.839803099632263184e-01
7.106454968452453613e-01
8.967986702919006348e-01
4.453653991222381592e-01
1.310804933309555054e-01
1.550375819206237793e-01
4.654446840286254883e-01
7.800568342208862305e-01
9.822012186050415039e-01
6.259739995002746582e-01
6.847465634346008301e-01
4.358808100223541260e-01
8.809320926666259766e-01
4.177376031875610352e-01
2.280261218547821045e-01
4.899160563945770264e-01
4.752517640590667725e-01
2.668129801750183105e-01
5.189695954322814941e-01
3.140126168727874756e-01
3.659183084964752197e-01
5.381107330322265625e-01
6.578998565673828125e-01
5.892432928085327148e-01
5.666862130165100098e-01
7.156118154525756836e-01
7.148423194885253906e-01
6.858819127082824707e-01
6.373242735862731934e-01
8.236280083656311035e-01
6.776754856109619141e-01
2.154459804296493530e-01
6.967177987098693848e-01
6.170166730880737305e-01
6.036700606346130371e-01
1.907980442047119141e-01
3.264705240726470947e-01
6.919619441032409668e-01
4.497348666191101074e-01
1.799610257148742676e-01
8.205232024192810059e-01
6.254442334175109863e-01
1.374070346355438232e-01
1.286897063255310059e-01
2.569149136543273926e-01
1.132184714078903198e-01
5.646039247512817383e-01
9.176801443099975586e-01
2.702288925647735596e-01
7.223664522171020508e-01
2.811271846294403076e-01
8.142996430397033691e-01
9.846938848495483398e-01
9.603952169418334961e-01
1.476124525070190430e-01
8.205371499061584473e-01
7.506952881813049316e-01
8.663075566291809082e-01
6.865454912185668945e-01
1.667708605527877808e-01
6.739387512207031250e-01
7.641189098358154297e-01
9.247309565544128418e-01
9.149451851844787598e-01
9.547530412673950195e-01
9.900758862495422363e-01
4.995683729648590088e-01
8.821001648902893066e-01
7.603993415832519531e-01
9.217569231986999512e-01
4.870482087135314941e-01
9.479199051856994629e-01
4.206196069717407227e-01
2.853262126445770264e-01
7.414676547050476074e-01
2.210877239704132080e-01
5.005644559860229492e-01
6.847186088562011719e-01
8.475171327590942383e-01
1.182340607047080994e-01
6.181774139404296875e-01
6.099174618721008301e-01
5.333333611488342285e-01
8.018500804901123047e-01
2.190928310155868530e-01
8.472265005111694336e-01
1.017818808555603027e+00
7.742144465446472168e-01
3.036898076534271240e-01
7.215971350669860840e-01
6.974728107452392578e-01
7.224559783935546875e-01
6.784382462501525879e-01
8.924574255943298340e-01
7.408311963081359863e-01
6.851997971534729004e-01
6.214126348495483398e-01
3.993063569068908691e-01
4.779449701309204102e-01
5.337933897972106934e-01
5.041331648826599121e-01
7.600533962249755859e-01
3.901649117469787598e-01
6.729316115379333496e-01
5.706117153167724609e-01
4.345982074737548828e-01
7.447040677070617676e-01
4.860031306743621826e-01
8.947448730468750000e-01
9.279119372367858887e-01
1.940897703170776367e-01
2.752416431903839111e-01
8.018721342086791992e-01
8.099270462989807129e-01
5.605275630950927734e-01
2.046661376953125000e-01
7.533832192420959473e-01
7.773647308349609375e-01
3.961604833602905273e-01
3.800123035907745361e-01
6.315317153930664062e-01
7.671185135841369629e-01
5.050411820411682129e-01
6.496515870094299316e-01
5.899260565638542175e-02
1.566362828016281128e-01
7.688125222921371460e-02
5.674628913402557373e-02
1.473443955183029175e-01
4.510311782360076904e-02
9.107335656881332397e-02
5.622427538037300110e-02
5.640337243676185608e-02
4.132875427603721619e-02
1.291491389274597168e-01
8.270872384309768677e-02
5.755203589797019958e-02
9.912522882223129272e-02
5.708336085081100464e-02
5.751157999038696289e-01
5.606343150138854980e-01
9.786219149827957153e-02
2.015380114316940308e-01
2.210024148225784302e-01
4.189056158065795898e-01
4.688480496406555176e-01
3.860909044742584229e-01
1.575823575258255005e-01
9.022294729948043823e-02
2.095986902713775635e-01
5.711484551429748535e-01
3.874019682407379150e-01
8.624099195003509521e-02
1.024288013577461243e-01
6.975771486759185791e-02
6.610313802957534790e-02
3.856934607028961182e-02
9.358830004930496216e-02
4.430972784757614136e-02
1.367168426513671875e-01
1.254338175058364868e-01
1.118304654955863953e-01
1.173038855195045471e-01
8.445264399051666260e-02
3.954581022262573242e-01
7.587946951389312744e-02
1.895210146903991699e-01
1.259511858224868774e-01
1.853781640529632568e-01
1.300231367349624634e-01
9.253040701150894165e-02
6.766373664140701294e-02
4.699261859059333801e-02
7.384152710437774658e-02
1.194162666797637939e-01
2.427583187818527222e-01
1.256975382566452026e-01
3.083507716655731201e-01
1.301675885915756226e-01
4.967935755848884583e-02
4.066544771194458008e-01
7.001182436943054199e-01
3.194867968559265137e-01
2.417099177837371826e-01
6.407753825187683105e-01
6.001730635762214661e-02
7.265507429838180542e-02
9.348873049020767212e-02
8.375974744558334351e-02
1.207321733236312866e-01
4.232657253742218018e-01
1.461675316095352173e-01
5.043525099754333496e-01
1.809025108814239502e-01
1.541059315204620361e-01
6.233863532543182373e-02
4.427218437194824219e-01
1.066018790006637573e-01
8.151987791061401367e-01
9.317950159311294556e-02
1.451973617076873779e-01
2.065861821174621582e-01
9.547021985054016113e-02
7.174878567457199097e-02
1.604262441396713257e-01
8.711043745279312134e-02
1.467889994382858276e-01
1.604443043470382690e-01
6.533528864383697510e-02
2.063468545675277710e-01
2.379669696092605591e-01
8.507221937179565430e-02
7.994778752326965332e-01
5.273068547248840332e-01
8.670999854803085327e-02
7.379118353128433228e-02
1.221296787261962891e-01
2.585014104843139648e-01
5.560505986213684082e-01
7.242510318756103516e-01
1.438794285058975220e-01
2.254701405763626099e-01
5.744948983192443848e-01
6.097396016120910645e-01
4.407543540000915527e-01
1.145524829626083374e-01
1.681950688362121582e-01
7.444708049297332764e-02
9.552627801895141602e-02
1.289953291416168213e-01
3.602995723485946655e-02
5.766027048230171204e-02
4.635987430810928345e-02
8.760444074869155884e-02
3.390651196241378784e-02
1.224877908825874329e-01
1.960665881633758545e-01
2.646992206573486328e-01
1.492553502321243286e-01
1.604713946580886841e-01
1.108536869287490845e-01
1.574254035949707031e-01
1.191922649741172791e-01
2.110440284013748169e-01
2.789183147251605988e-02
1.002507582306861877e-01
3.544388711452484131e-02
7.098506391048431396e-02
1.492807418107986450e-01
1.058381274342536926e-01
2.692546248435974121e-01
8.075746893882751465e-02
6.765528023242950439e-02
7.037501037120819092e-02
3.878341242671012878e-02
1.815729737281799316e-01
7.152020931243896484e-01
6.172578930854797363e-01
7.382919192314147949e-01
5.137538909912109375e-01
2.939773499965667725e-01
4.586330354213714600e-01
9.800680726766586304e-02
2.600373625755310059e-01
1.060048192739486694e-01
7.122853994369506836e-01
6.168398857116699219e-01
1.731949150562286377e-01
5.974872708320617676e-01
2.846828103065490723e-01
3.964170515537261963e-01
4.092245101928710938e-01
1.874753385782241821e-01
6.280634999275207520e-01
1.025597453117370605e-01
5.562353134155273438e-01
9.453965425491333008e-01
1.048410907387733459e-01
4.998065158724784851e-02
3.888375684618949890e-02
3.257144242525100708e-02
9.321755170822143555e-01
8.158162832260131836e-01
4.412349760532379150e-01
2.625187635421752930e-01
1.767300963401794434e-01
8.433190584182739258e-01
4.942381680011749268e-01
6.696968078613281250e-01
4.482502937316894531e-01
8.682442307472229004e-01
5.007945895195007324e-01
4.301699697971343994e-01
4.545391798019409180e-01
7.458967566490173340e-01
7.748659253120422363e-01
1.416760534048080444e-01
6.680034995079040527e-01
4.082736670970916748e-01
6.042739748954772949e-01
6.341603994369506836e-01
3.787198662757873535e-01
1.075235247611999512e+00
8.383147120475769043e-01
8.766876459121704102e-01
8.847429156303405762e-01
3.565627932548522949e-01
5.342810153961181641e-01
9.238163232803344727e-01
5.266073346138000488e-01
5.956081151962280273e-01
6.650463938713073730e-01
4.444141685962677002e-01
2.014220654964447021e-01
7.018353343009948730e-01
7.430354356765747070e-01
4.803997576236724854e-01
4.850464463233947754e-01
5.277974009513854980e-01
9.713305234909057617e-01
6.178081631660461426e-01
9.095280766487121582e-01
1.521988213062286377e-01
1.190999075770378113e-01
1.839965432882308960e-01
4.061726331710815430e-01
1.574906408786773682e-01
1.962386816740036011e-01
6.141219735145568848e-01
5.634043216705322266e-01
1.036118492484092712e-01
6.893663108348846436e-02
5.904606357216835022e-02
6.824916601181030273e-02
6.651750206947326660e-02
1.040814816951751709e-02
3.979486227035522461e-02
7.552686333656311035e-02
5.932123959064483643e-02
6.039917096495628357e-02
6.321509927511215210e-02
5.895688757300376892e-02
7.874864339828491211e-02
1.099357530474662781e-01
1.333687007427215576e-01
8.938241750001907349e-02
8.189647644758224487e-02
7.487854361534118652e-02
1.821137368679046631e-01
4.880132898688316345e-02
1.212419196963310242e-01
4.183621108531951904e-01
1.682680547237396240e-01
5.412966012954711914e-01
4.458143711090087891e-01
8.657570928335189819e-02
7.797323912382125854e-02
6.994575262069702148e-02
6.576425582170486450e-02
1.328717470169067383e-01
2.082812972366809845e-02
1.259603053331375122e-01
7.122936844825744629e-02
3.172107934951782227e-01
1.229407489299774170e-01
8.365105092525482178e-02
1.093890368938446045e-01
4.497735798358917236e-01
1.388143897056579590e-01
5.039344429969787598e-01
3.824243843555450439e-01
1.449778527021408081e-01
1.021003201603889465e-01
1.488595455884933472e-01
1.234184429049491882e-01
1.523438692092895508e-01
1.141917705535888672e-01
9.831028431653976440e-02
2.103924602270126343e-01
9.016755968332290649e-02
9.355595707893371582e-02
3.551856577396392822e-01
3.477341532707214355e-01
3.885745704174041748e-01
7.264268398284912109e-02
1.333521753549575806e-01
1.894173473119735718e-01
3.966189324855804443e-01
5.085899829864501953e-01
1.449790894985198975e-01
5.513945221900939941e-02
9.701147675514221191e-02
9.865208715200424194e-02
1.306038945913314819e-01
1.725724339485168457e-01
4.116001725196838379e-01
6.948059201240539551e-01
2.273024618625640869e-01
2.240452170372009277e-01
4.504290223121643066e-02
7.189708352088928223e-01
2.894172370433807373e-01
1.673171520233154297e-01
1.583602726459503174e-01
1.122538521885871887e-01
9.880232065916061401e-02
6.048908829689025879e-01
4.918098747730255127e-01
5.988841876387596130e-02
1.922976076602935791e-01
8.568443655967712402e-01
8.418094366788864136e-02
6.422278285026550293e-02
5.516124516725540161e-02
1.323465108871459961e-01
1.782830953598022461e-01
1.165723651647567749e-01
3.584589064121246338e-01
1.500806063413619995e-01
6.628757715225219727e-02
5.157739520072937012e-01
5.646541118621826172e-01
1.560649722814559937e-01
7.672077417373657227e-02
8.792930096387863159e-02
1.248823627829551697e-01
1.142585426568984985e-01
1.036619842052459717e-01
9.764816612005233765e-02
1.871641725301742554e-01
1.337291896343231201e-01
1.093638539314270020e-01
1.113151311874389648e-01
6.937559694051742554e-02
5.716137588024139404e-02
1.081562340259552002e-01
8.371225744485855103e-02
1.207298859953880310e-01
1.795991212129592896e-01
1.943844407796859741e-01
7.545059174299240112e-02
7.740242779254913330e-02
3.943753242492675781e-02
5.686753392219543457e-01
5.315352678298950195e-01
3.690151572227478027e-01
2.288957536220550537e-01
3.220958113670349121e-01
1.446730047464370728e-01
1.203189864754676819e-01
3.790430128574371338e-01
5.222415924072265625e-01
3.616808056831359863e-01
2.681597769260406494e-01
2.622019946575164795e-01
9.054709970951080322e-02
2.145509272813796997e-01
2.886272668838500977e-01
6.597440242767333984e-01
2.784534096717834473e-01
1.024812981486320496e-01
3.361536264419555664e-01
7.138672471046447754e-01
5.060134530067443848e-01
4.280212521553039551e-01
2.312468588352203369e-01
3.439714014530181885e-01
7.869139313697814941e-02
8.704788088798522949e-01
9.934465885162353516e-01
9.450334906578063965e-01
7.632164955139160156e-01
7.954587340354919434e-01
1.008910894393920898e+00
4.901397228240966797e-01
1.579546779394149780e-01
1.965116262435913086e-01
4.730685055255889893e-01
7.516145706176757812e-01
7.996580600738525391e-01
7.940398454666137695e-01
6.811166405677795410e-01
6.223834156990051270e-01
5.059646368026733398e-01
8.358750939369201660e-01
4.647373259067535400e-01
5.154557824134826660e-01
7.130536437034606934e-01
2.607867121696472168e-01
5.196454524993896484e-01
5.151549577713012695e-01
1.005872488021850586e-01
1.053834319114685059e+00
6.263734698295593262e-01
2.154620736837387085e-01
6.289716362953186035e-01
9.818214178085327148e-01
1.990524083375930786e-01
9.107468128204345703e-01
6.405832171440124512e-01
6.773203611373901367e-01
5.171717405319213867e-01
8.858348727226257324e-01
6.234443783760070801e-01
2.421556115150451660e-01
5.201571583747863770e-01
5.896593928337097168e-01
3.305564820766448975e-01
4.872318804264068604e-01
6.722223758697509766e-01
7.033188939094543457e-01
8.274399042129516602e-01
9.783918261528015137e-01
7.819164991378784180e-01
4.918579757213592529e-01
9.686563014984130859e-01
6.437348127365112305e-01
6.553093791007995605e-01
8.745831847190856934e-01
6.255444884300231934e-01
5.893883705139160156e-01
2.061387002468109131e-01
7.200377583503723145e-01
6.508003473281860352e-01
5.398744344711303711e-01
7.467246651649475098e-01
2.436303645372390747e-01
5.527122020721435547e-01
6.718081235885620117e-01
6.534144282341003418e-01
7.760160565376281738e-01
4.117071032524108887e-01
9.417930245399475098e-01
6.583472490310668945e-01
2.522391974925994873e-01
3.135854601860046387e-01
4.650797545909881592e-01
9.021937251091003418e-01
2.719915807247161865e-01
1.286729276180267334e-01
1.263341903686523438e-01
1.178850978612899780e-01
1.159096434712409973e-01
1.230084151029586792e-01
2.892240583896636963e-01
1.466565281152725220e-01
5.127170681953430176e-02
8.781920373439788818e-02
7.102056592702865601e-02
7.011064887046813965e-02
9.742753207683563232e-02
7.603186368942260742e-02
7.579991221427917480e-02
6.307540833950042725e-02
6.638704240322113037e-02
4.179491102695465088e-01
4.507983103394508362e-02
4.089036583900451660e-01
9.826411306858062744e-02
4.237442612648010254e-01
2.968269884586334229e-01
4.770116508007049561e-01
5.733444690704345703e-01
1.157512739300727844e-01
6.968351453542709351e-02
1.658410876989364624e-01
8.706467598676681519e-02
8.468306809663772583e-02
1.185314655303955078e-01
7.990793883800506592e-02
1.176288798451423645e-01
1.067650914192199707e-01
1.245110705494880676e-01
4.490864872932434082e-01
8.100254088640213013e-02
8.750872313976287842e-02
9.861749410629272461e-02
1.116697266697883606e-01
3.885961472988128662e-01
7.367847859859466553e-02
8.591207861900329590e-02
1.407507210969924927e-01
3.582461178302764893e-02
1.011249795556068420e-01
1.246666908264160156e-01
2.230973690748214722e-01
2.245049178600311279e-01
7.430905848741531372e-02
3.389169871807098389e-01
2.419935613870620728e-01
1.184779778122901917e-01
1.024549305438995361e-01
1.413655579090118408e-01
3.191636502742767334e-01
1.698067486286163330e-01
1.294169127941131592e-01
2.079717218875885010e-01
1.323902457952499390e-01
1.074872240424156189e-01
1.941362619400024414e-01
1.631688326597213745e-01
9.076347351074218750e-01
4.510371685028076172e-01
7.473830878734588623e-02
3.458461165428161621e-01
7.504758834838867188e-01
2.909593284130096436e-01
8.287697285413742065e-02
4.106267392635345459e-01
2.264731079339981079e-01
8.029637485742568970e-02
1.922752708196640015e-01
3.662507236003875732e-01
1.673294752836227417e-01
1.421324610710144043e-01
1.546170860528945923e-01
1.111169159412384033e-01
7.143109291791915894e-02
1.400719583034515381e-01
1.783229708671569824e-01
1.363446861505508423e-01
3.629216924309730530e-02
1.012068241834640503e-01
7.571347057819366455e-02
1.970853209495544434e-01
5.355253070592880249e-02
1.378120929002761841e-01
8.628025650978088379e-02
1.996228545904159546e-01
1.794730126857757568e-01
8.467016369104385376e-02
2.162818610668182373e-01
7.362585514783859253e-02
1.962418854236602783e-01
8.784451335668563843e-02
1.068417280912399292e-01
2.141795903444290161e-01
1.082278490066528320e-01
5.537562072277069092e-02
7.961821556091308594e-02
7.365385293960571289e-01
2.040808945894241333e-01
1.149180084466934204e-01
1.000024825334548950e-01
1.394708305597305298e-01
7.039670944213867188e-01
8.423828482627868652e-01
8.204296231269836426e-01
7.040575742721557617e-01
7.383565902709960938e-01
3.878973424434661865e-01
1.263568252325057983e-01
8.528518080711364746e-01
7.583158016204833984e-01
9.288318753242492676e-01
8.227438926696777344e-01
1.580227613449096680e-01
4.734233617782592773e-01
9.114927053451538086e-01
9.365692734718322754e-01
2.094960063695907593e-01
8.809986710548400879e-01
8.063906431198120117e-01
6.054673790931701660e-01
6.812633872032165527e-01
8.712834715843200684e-01
7.581978440284729004e-01
9.447441995143890381e-02
8.245597779750823975e-02
6.303845345973968506e-02
1.888235807418823242e-01
1.382547020912170410e-01
1.138599961996078491e-01
7.181546688079833984e-01
1.223606467247009277e-01
6.070380210876464844e-01
1.133761927485466003e-01
6.528056412935256958e-02
1.842124313116073608e-01
7.986640185117721558e-02
1.425203084945678711e-01
1.023328155279159546e-01
7.486631721258163452e-02
6.816374510526657104e-02
1.561955660581588745e-01
1.724120676517486572e-01
8.801291137933731079e-02
1.185384094715118408e-01
1.216836273670196533e-01
1.100763678550720215e-01
1.710457205772399902e-01
3.012628257274627686e-01
9.721943140029907227e-01
8.096672594547271729e-02
3.157489001750946045e-01
3.339950367808341980e-02
2.224648594856262207e-01
8.082703948020935059e-01
2.955674231052398682e-01
9.695785492658615112e-02
2.875927984714508057e-01
1.394133716821670532e-01
2.946807444095611572e-01
1.892939656972885132e-01
4.324570298194885254e-01
1.021092236042022705e-01
2.078481763601303101e-01
2.967677414417266846e-01
1.999623030424118042e-01
6.776201725006103516e-01
4.959976375102996826e-01
1.019239947199821472e-01
2.726501524448394775e-01
2.249308377504348755e-01
1.394099891185760498e-01
1.234500780701637268e-01
1.036988422274589539e-01
3.755877539515495300e-02
9.267634153366088867e-02
1.311185508966445923e-01
2.102367132902145386e-01
1.135192885994911194e-01
1.087577193975448608e-01
1.480702310800552368e-01
1.582725197076797485e-01
1.977066695690155029e-01
5.419563651084899902e-01
1.003593578934669495e-01
2.292117178440093994e-01
1.390589028596878052e-01
2.027506530284881592e-01
2.684538364410400391e-01
4.239885210990905762e-01
1.988079994916915894e-01
8.875422179698944092e-02
1.497942060232162476e-01
1.056065559387207031e-01
5.064377561211585999e-02
9.359089136123657227e-01
6.532100439071655273e-01
4.924850463867187500e-01
2.145122438669204712e-01
2.414309978485107422e-01
4.536779820919036865e-01
3.406844735145568848e-01
2.323437333106994629e-01
3.501351773738861084e-01
6.996897459030151367e-01
5.675654411315917969e-01
3.289856016635894775e-01
9.982606172561645508e-01
5.539327859878540039e-01
4.304757118225097656e-01
4.030731320381164551e-01
4.623956084251403809e-01
7.275797128677368164e-01
3.114610314369201660e-01
3.659112751483917236e-01
6.213709115982055664e-01
6.264152526855468750e-01
1.006313562393188477e+00
9.892381727695465088e-02
9.311873465776443481e-02
1.288109272718429565e-01
1.021837353706359863e+00
9.967489242553710938e-01
1.093032836914062500e+00
1.167478322982788086e+00
7.597289085388183594e-01
8.320788145065307617e-01
4.760185778141021729e-01
8.134768605232238770e-01
3.162370026111602783e-01
7.657892107963562012e-01
8.482188582420349121e-01
8.261940479278564453e-01
8.700143098831176758e-01
8.467346429824829102e-01
9.795807003974914551e-01
8.901966214179992676e-01
8.392004966735839844e-01
9.054487347602844238e-01
8.762639760971069336e-01
8.505612611770629883e-01
5.476812720298767090e-01
3.203262090682983398e-01
8.294414877891540527e-01
2.253235429525375366e-01
9.571079015731811523e-01
4.872587323188781738e-01
8.212187290191650391e-01
8.101576566696166992e-01
1.084503889083862305e+00
9.043532609939575195e-01
7.704237103462219238e-01
6.486504673957824707e-01
8.342904448509216309e-01
6.774510741233825684e-01
6.895310282707214355e-01
8.012552857398986816e-01
9.087403416633605957e-01
8.997345566749572754e-01
6.411439180374145508e-01
8.490385413169860840e-01
2.408472150564193726e-01
8.703345656394958496e-01
1.131482243537902832e+00
2.198738306760787964e-01
1.048783183097839355e+00
8.870888948440551758e-01
7.619863152503967285e-01
1.001998782157897949e+00
2.397260367870330811e-01
6.072411537170410156e-01
7.118094563484191895e-01
9.221298098564147949e-01
6.913872957229614258e-01
7.433243393898010254e-01
8.092933893203735352e-01
8.677459359169006348e-01
9.786300063133239746e-01
6.796869635581970215e-01
4.704756438732147217e-01
9.710153937339782715e-01
1.097083687782287598e+00
9.157853722572326660e-01
7.846364974975585938e-01
7.642822861671447754e-01
7.878127694129943848e-01
4.344508349895477295e-01
7.334610819816589355e-01
7.351804375648498535e-01
6.105542778968811035e-01
7.980349659919738770e-01
7.126733064651489258e-01
7.711500525474548340e-01
1.744980365037918091e-01
6.597707271575927734e-01
7.265372276306152344e-01
7.484054565429687500e-01
6.779109239578247070e-01
2.619421780109405518e-01
9.658437967300415039e-01
9.519705176353454590e-01
9.721822142601013184e-01
9.333526492118835449e-01
9.350408911705017090e-01
6.862315535545349121e-01
6.927878856658935547e-01
1.035662531852722168e+00
7.464617490768432617e-01
6.813874840736389160e-01
8.212797641754150391e-01
5.445782542228698730e-01
1.562183201313018799e-01
1.112957715988159180e+00
8.643352985382080078e-01
9.449985027313232422e-01
2.526920139789581299e-01
9.982949495315551758e-01
6.726234555244445801e-01
2.221095114946365356e-01
9.164872765541076660e-01
8.792833685874938965e-01
7.852069139480590820e-01
9.692953824996948242e-01
9.938461780548095703e-01
2.296157777309417725e-01
1.906709074974060059e-01
1.404119879007339478e-01
3.183301389217376709e-01
3.318715691566467285e-01
2.896661460399627686e-01
2.903645932674407959e-01
3.774628341197967529e-01
1.398197859525680542e-01
7.333221286535263062e-02
1.285641044378280640e-01
1.027903631329536438e-01
6.004515662789344788e-02
8.569212257862091064e-02
1.161476597189903259e-01
6.502319872379302979e-02
6.165248155593872070e-02
4.748818278312683105e-02
1.217699721455574036e-01
1.577461510896682739e-01
1.515519917011260986e-01
1.407348960638046265e-01
7.295673489570617676e-01
3.775536417961120605e-01
4.468676745891571045e-01
8.266731500625610352e-01
2.948047518730163574e-01
8.603152036666870117e-01
6.801866888999938965e-01
1.620341837406158447e-01
7.028278708457946777e-01
3.981748223304748535e-01
8.088223636150360107e-02
1.749677062034606934e-01
1.142092719674110413e-01
1.430688351392745972e-01
8.931624889373779297e-02
3.280770480632781982e-01
9.804234653711318970e-02
1.513751149177551270e-01
1.151693761348724365e-01
2.602638304233551025e-01
2.651429474353790283e-01
1.112276688218116760e-01
1.159279644489288330e-01
1.190862059593200684e-01
9.211720526218414307e-02
3.182345330715179443e-01
1.642342060804367065e-01
1.389017552137374878e-01
1.757953613996505737e-01
1.719003915786743164e-01
7.476651668548583984e-01
2.557307183742523193e-01
1.181020289659500122e-01
3.606663048267364502e-01
1.174442693591117859e-01
1.458266675472259521e-01
1.492149233818054199e-01
3.483726382255554199e-01
6.193823814392089844e-01
3.819043934345245361e-01
1.547044068574905396e-01
3.886777758598327637e-01
3.826013207435607910e-01
9.151523709297180176e-01
2.029159367084503174e-01
7.659815251827239990e-02
4.330864250659942627e-01
2.670870423316955566e-01
5.875229239463806152e-01
9.745390713214874268e-02
8.042978048324584961e-01
7.929501533508300781e-01
1.847557723522186279e-01
1.014787077903747559e+00
6.101537346839904785e-01
3.239065110683441162e-01
4.654709100723266602e-01
9.121522903442382812e-01
6.691115498542785645e-01
8.169836401939392090e-01
2.919211387634277344e-01
3.924455046653747559e-01
7.577972412109375000e-01
2.301552742719650269e-01
6.367064714431762695e-01
4.008368253707885742e-01
5.401083230972290039e-01
7.198776006698608398e-01
4.792601168155670166e-01
6.429696679115295410e-01
3.187167048454284668e-01
1.246758922934532166e-01
2.643793523311614990e-01
7.647152245044708252e-02
1.175890266895294189e-01
1.254300028085708618e-01
1.160961762070655823e-01
