3.812877237796783447e-01
8.044841289520263672e-01
7.088774442672729492e-01
8.863747715950012207e-01
8.453998565673828125e-01
3.152815699577331543e-01
9.807820916175842285e-01
1.135712385177612305e+00
7.782064676284790039e-01
8.024179339408874512e-01
8.613594174385070801e-01
7.388206124305725098e-01
7.783982157707214355e-01
8.051234483718872070e-01
5.074710249900817871e-01
9.376956224441528320e-01
9.772034287452697754e-01
9.544394612312316895e-01
5.068413615226745605e-01
9.672040492296218872e-02
1.503442227840423584e-01
1.145207211375236511e-01
3.257570564746856689e-01
1.457334905862808228e-01
1.140187382698059082e-01
8.432818055152893066e-01
5.502970814704895020e-01
3.159296810626983643e-01
1.244054287672042847e-01
2.771225571632385254e-01
4.506014287471771240e-02
3.698653578758239746e-01
7.451800107955932617e-01
6.804313063621520996e-01
2.647072672843933105e-01
8.462578803300857544e-02
6.817494332790374756e-02
3.865719139575958252e-01
1.109244227409362793e-01
1.861531585454940796e-01
9.061506390571594238e-02
1.197097748517990112e-01
2.803115248680114746e-01
1.703439950942993164e-01
4.308229386806488037e-01
2.599205076694488525e-01
2.745403647422790527e-01
1.153750196099281311e-01
1.016932278871536255e-01
3.459773063659667969e-01
3.326122462749481201e-01
2.938347160816192627e-01
3.181588053703308105e-01
6.932796537876129150e-02
6.931529045104980469e-01
8.767953515052795410e-01
9.887526631355285645e-01
6.873632073402404785e-01
7.313457727432250977e-01
7.953472733497619629e-01
3.132088482379913330e-01
3.986772894859313965e-01
6.541844606399536133e-01
1.025314807891845703e+00
7.632930278778076172e-01
8.364605307579040527e-01
9.115371704101562500e-01
7.334393858909606934e-01
8.971363306045532227e-01
1.037605047225952148e+00
7.993067502975463867e-01
8.576698899269104004e-01
7.109621167182922363e-01
7.266433238983154297e-01
1.130541205406188965e+00
1.079156875610351562e+00
7.451471090316772461e-01
7.244762182235717773e-01
1.001892834901809692e-01
1.122343614697456360e-01
1.597393751144409180e-01
8.729068934917449951e-02
1.425784826278686523e-01
6.430570483207702637e-01
2.644518613815307617e-01
2.253206521272659302e-01
1.476911902427673340e-01
1.111396104097366333e-01
9.437329322099685669e-02
1.123002842068672180e-01
1.901847422122955322e-01
9.755639433860778809e-01
9.134090542793273926e-01
7.536683678627014160e-01
2.734101116657257080e-01
7.819327116012573242e-01
4.140858650207519531e-01
1.244152784347534180e-01
1.483929306268692017e-01
3.295267820358276367e-01
8.666895031929016113e-01
8.121216297149658203e-01
7.542560100555419922e-01
5.623481273651123047e-01
8.494839668273925781e-01
8.957461118698120117e-01
7.482953071594238281e-01
7.356609702110290527e-01
7.320423126220703125e-01
8.533574342727661133e-01
7.513475418090820312e-01
8.253349661827087402e-01
4.759924411773681641e-01
3.969954252243041992e-01
1.199764609336853027e-01
9.165201783180236816e-01
8.632291555404663086e-01
8.656377196311950684e-01
8.287792205810546875e-01
8.605867028236389160e-01
8.619849681854248047e-01
8.691446185111999512e-01
2.131341993808746338e-01
9.094617366790771484e-01
7.760270833969116211e-01
8.665635585784912109e-01
9.586998075246810913e-02
4.958030581474304199e-02
6.469056010246276855e-02
2.254606932401657104e-01
1.858557946979999542e-02
2.761052250862121582e-01
1.655690521001815796e-01
2.270916700363159180e-01
2.224795967340469360e-01
2.568775713443756104e-01
9.471812099218368530e-02
1.337865144014358521e-01
7.412563562393188477e-01
3.198949098587036133e-01
2.180855870246887207e-01
6.636898517608642578e-01
7.590389847755432129e-01
7.309205532073974609e-01
7.190032601356506348e-01
1.010294437408447266e+00
5.933008790016174316e-01
2.668197751045227051e-01
7.953388094902038574e-01
8.086860775947570801e-01
8.103053569793701172e-01
8.262143135070800781e-01
7.659057974815368652e-01
7.175398468971252441e-01
7.053263187408447266e-01
7.604383230209350586e-01
5.429198741912841797e-01
6.608101129531860352e-01
8.206590265035629272e-02
6.813365966081619263e-02
1.726516783237457275e-01
7.811737656593322754e-01
1.234017387032508850e-01
4.142096340656280518e-01
2.065329998731613159e-01
2.602966129779815674e-01
3.808239102363586426e-01
1.691598892211914062e-01
3.174753785133361816e-01
2.258635312318801880e-01
1.332131475210189819e-01
2.942814826965332031e-01
4.949240088462829590e-01
7.106368541717529297e-01
1.236260607838630676e-01
9.181798100471496582e-01
7.802706360816955566e-01
9.994430840015411377e-02
1.012158319354057312e-01
1.283809691667556763e-01
9.231504201889038086e-01
9.213348627090454102e-01
4.567028582096099854e-01
8.470347523689270020e-01
1.871299594640731812e-01
2.235219776630401611e-01
7.860290408134460449e-01
1.048637032508850098e+00
8.434075713157653809e-01
8.248501420021057129e-01
7.932373881340026855e-01
6.890864968299865723e-01
5.597218275070190430e-01
2.426093965768814087e-01
2.642788589000701904e-01
7.463665008544921875e-01
6.615691781044006348e-01
6.997702270746231079e-02
2.280535697937011719e-01
2.130224108695983887e-01
1.863704621791839600e-01
1.993760168552398682e-01
1.005050912499427795e-01
1.213143467903137207e-01
1.643547117710113525e-01
4.718779399991035461e-02
3.132001459598541260e-01
6.354694366455078125e-01
1.845857948064804077e-01
1.611946970224380493e-01
1.919365674257278442e-01
7.783651351928710938e-01
1.051764488220214844e-01
1.150384247303009033e-01
1.352562457323074341e-01
4.479677677154541016e-01
2.439432293176651001e-01
1.573188900947570801e-01
7.334953546524047852e-01
2.400738596916198730e-01
7.457695603370666504e-01
7.798373699188232422e-01
9.265241622924804688e-01
8.130131363868713379e-01
7.404881119728088379e-01
7.412083745002746582e-01
7.330996394157409668e-01
9.412090778350830078e-01
8.170112371444702148e-01
9.548522830009460449e-01
7.427840232849121094e-01
8.523491621017456055e-01
7.565978169441223145e-01
8.142994642257690430e-01
7.711203098297119141e-01
6.730555295944213867e-01
6.057171821594238281e-01
6.544842720031738281e-01
5.758455991744995117e-01
7.824908494949340820e-01
8.393905758857727051e-01
8.304192423820495605e-01
7.490392923355102539e-01
8.295042514801025391e-01
1.163173317909240723e+00
7.481489181518554688e-01
7.749583721160888672e-01
8.310726284980773926e-01
8.351274728775024414e-01
8.229473233222961426e-01
7.519148588180541992e-01
9.445146918296813965e-01
9.646845459938049316e-01
7.781947851181030273e-01
4.305545687675476074e-01
8.324632793664932251e-02
1.306606978178024292e-01
3.172910511493682861e-01
7.815858125686645508e-01
6.207364201545715332e-01
8.850797414779663086e-01
9.116903543472290039e-01
1.463474035263061523e-01
6.535779237747192383e-01
9.315099567174911499e-02
7.395440340042114258e-02
7.922044396400451660e-02
1.660433858633041382e-01
3.124999105930328369e-01
7.956239581108093262e-01
6.512868404388427734e-01
6.871114969253540039e-01
1.093014240264892578e+00
2.498172223567962646e-01
3.037883341312408447e-01
9.714847803115844727e-01
7.968717813491821289e-01
7.031989693641662598e-01
7.579533457756042480e-01
8.129044771194458008e-01
8.851827383041381836e-01
7.977035045623779297e-01
7.100403308868408203e-01
7.123258113861083984e-01
4.031233787536621094e-01
9.125242829322814941e-01
2.547102570533752441e-01
1.534693129360675812e-02
5.244780778884887695e-01
4.566499590873718262e-01
5.620352625846862793e-01
6.734810471534729004e-01
6.458115577697753906e-01
7.182091474533081055e-01
7.262122631072998047e-01
1.108707189559936523e-01
1.174880117177963257e-01
1.635854244232177734e-01
7.018634676933288574e-02
1.096898987889289856e-01
1.340126693248748779e-01
4.032256007194519043e-01
5.313353240489959717e-02
1.636708974838256836e-01
2.923162281513214111e-01
1.934302151203155518e-01
7.203460931777954102e-01
2.012591660022735596e-01
1.604812592267990112e-01
1.241832375526428223e-01
1.620798110961914062e-01
1.104817837476730347e-01
1.005043625831604004e+00
9.857207536697387695e-01
6.719897985458374023e-01
6.033235788345336914e-01
5.918704867362976074e-01
4.826706349849700928e-01
8.063673377037048340e-01
7.726657986640930176e-01
2.818535566329956055e-01
8.069788813591003418e-01
6.879609227180480957e-01
7.387557625770568848e-02
1.709398031234741211e-01
3.216527104377746582e-01
1.447460651397705078e-01
3.365891426801681519e-02
1.045324951410293579e-01
1.311293095350265503e-01
1.151569113135337830e-01
2.627958655357360840e-01
1.373003572225570679e-01
1.358395218849182129e-01
1.117855906486511230e-01
9.815683215856552124e-02
2.023649364709854126e-01
1.485593467950820923e-01
1.363475918769836426e-01
4.764317870140075684e-01
3.275587260723114014e-01
2.507214546203613281e-01
3.650037944316864014e-01
2.106211185455322266e-01
1.580173671245574951e-01
1.089403927326202393e-01
1.152196228504180908e-01
7.080546021461486816e-01
7.336644530296325684e-01
5.984225273132324219e-01
4.857677817344665527e-01
4.244626164436340332e-01
7.698048949241638184e-01
7.339527010917663574e-01
7.253758311271667480e-01
2.489766180515289307e-01
6.707907319068908691e-01
8.176423311233520508e-01
9.350222349166870117e-01
2.044947296380996704e-01
7.801357507705688477e-01
8.424167037010192871e-01
1.027200669050216675e-01
9.534730017185211182e-02
1.145020201802253723e-01
1.026559993624687195e-01
1.738923341035842896e-01
1.153492331504821777e-01
3.320536911487579346e-01
1.330675333738327026e-01
1.043866798281669617e-01
1.711276918649673462e-01
8.024608492851257324e-01
8.986983895301818848e-01
7.355185747146606445e-01
8.974062800407409668e-01
8.489463329315185547e-01
7.588291764259338379e-01
7.212709188461303711e-01
8.536331653594970703e-01
6.976985931396484375e-01
8.584052920341491699e-01
8.507357835769653320e-01
5.627758502960205078e-01
7.964023947715759277e-01
6.392031311988830566e-01
1.344451010227203369e-01
5.702247470617294312e-02
6.504738330841064453e-01
3.665907979011535645e-01
6.990559101104736328e-01
5.335592031478881836e-01
7.874904274940490723e-01
6.335096359252929688e-01
7.330235838890075684e-01
7.603656053543090820e-01
9.006560444831848145e-01
6.795129179954528809e-01
7.731741666793823242e-01
8.364903926849365234e-01
6.591824293136596680e-01
6.391984224319458008e-01
7.659503221511840820e-01
7.922548055648803711e-01
7.687772512435913086e-01
6.373903155326843262e-01
7.693053036928176880e-02
7.148209959268569946e-02
1.222030632197856903e-02
1.405134946107864380e-01
3.567617535591125488e-01
5.809722542762756348e-01
6.672273278236389160e-01
5.475539565086364746e-01
8.311244845390319824e-02
2.736999094486236572e-01
5.914233326911926270e-01
3.223552107810974121e-01
6.553695201873779297e-01
8.816949129104614258e-01
7.431041598320007324e-01
1.118512004613876343e-01
8.967632055282592773e-02
3.587818443775177002e-01
9.122769236564636230e-01
8.684093356132507324e-01
2.490222454071044922e-01
5.467681288719177246e-01
2.393883019685745239e-01
9.322158098220825195e-01
8.424120545387268066e-01
4.460936486721038818e-01
8.102222084999084473e-01
5.215687751770019531e-01
1.152903437614440918e+00
8.775687217712402344e-01
8.848537802696228027e-01
9.556506872177124023e-01
2.904568612575531006e-01
1.496287882328033447e-01
2.132370769977569580e-01
1.822508871555328369e-01
4.575480520725250244e-01
7.361457347869873047e-01
2.410328984260559082e-01
9.190977364778518677e-02
1.632704436779022217e-01
1.343140006065368652e-01
9.263031184673309326e-02
2.118975818157196045e-01
1.505306810140609741e-01
3.843916952610015869e-01
1.830314546823501587e-01
5.735400915145874023e-01
2.611478567123413086e-01
2.076350152492523193e-01
8.063532710075378418e-01
3.045711219310760498e-01
2.357581406831741333e-01
1.579322069883346558e-01
