0.61578741172
0.619144561682
0.627744084574
0.60790416187
0.61882698401
0.632845424979
0.625050389534
0.620144993883
0.620317728914
0.623981287959
0.619439744007
0.622444210861
0.626311014963
0.621191118412
0.626061524966
0.608804978399
0.589577437588
0.618792227593
0.620382442745
0.61643484088
0.631323966455
0.626827649471
0.624356482755
0.629441710144
0.614809898395
0.630051765248
0.62519974033
0.618462405191
0.625537357477
0.612514840554
0.628189083053
0.609762888523
0.630335051861
0.630641897218
0.61785261185
0.609851132012
0.627855770467
0.610709310124
0.623034081067
0.618642295099
0.62096477997
0.619282278532
0.627993516401
0.634753741332
0.62631488325
0.630703149949
0.611200320864
0.610652332868
0.631235664796
0.624544603681
0.616745612693
0.628790325442
0.622938450021
0.626782189823
0.615856342857
0.624118684875
0.622053077557
0.618428143216
0.612384191327
0.608229766966
0.613100755218
0.628150545603
0.6035006547
0.613809291685
0.618657768248
0.634052796016
0.612238825157
0.609111416567
0.623597716722
0.623333218933
0.61078629777
0.61010033116
0.628618288449
0.621904075779
0.619101894181
0.615315742417
0.622750794453
0.636666507669
0.635688965259
0.616389148552
0.626935990604
0.616691805687
0.630564589639
0.617017847057
0.620057070328
0.632929451163
0.614764060643
0.618270939505
0.619918655441
0.605895677232
0.617128573149
0.621562968448
0.609490945008
0.609409885481
0.623815824146
0.610663297863
0.618485120472
0.617550507327
0.612560329287
0.616645735257
