0.0835817905745
0.0779983438237
0.0765944250697
0.0763414180343
0.0753548513989
0.0741069024785
0.0745158174149
0.0742943930524
0.0738656958047
0.0740202322332
0.0742981155304
0.0728114209296
0.0733179632839
0.0736813182529
0.0729994291589
0.0729081209351
0.0724055948094
0.0729856980626
0.0730348124204
0.0733059972353
0.072832995114
0.0726674237471
0.0722165574063
0.0719616232731
0.0728438226375
0.0722926374496
0.0716540752441
0.0722177266966
0.0718946519211
0.0715926794649
0.0722595154426
0.0721689450557
0.0718794577086
0.0721501331609
0.0721904715067
0.0720608573096
0.071886152168
0.0717922795359
0.0717529048062
0.0716406299348
0.0715020021095
0.0710073203906
0.0719018651384
0.0715495293939
0.0713313986068
0.0719053740217
0.0712764615227
0.0716319396813
0.0711730513748
0.0717129815392
0.0714133505983
0.0717412674561
0.0716895349861
0.0718277502991
0.0722014413836
0.0713886926652
0.071484227457
0.0713929457001
0.0721523343519
0.0716118112437
0.0708558599803
0.0710640542378
0.0711297059738
0.0713189656628
0.0711792030881
0.071390386098
0.0711851119772
0.0712856334221
0.071073308298
0.0710137491524
0.0712537545
0.0720046675167
0.0710064018202
0.0718439507503
0.0718225300971
0.0716051233862
0.0714112686257
0.0718493792356
0.071417500786
0.0710137036533
0.071356576695
0.0710222157135
0.0714409456069
0.0710070855014
0.0713180011187
0.0712608664869
0.0712789500389
0.0713286100147
0.0706840348341
0.0707833605067
0.0706123544452
0.0715027448278
0.0710613594589
0.0714793808045
0.0709079525766
0.070697415683
0.0711930027568
0.0710729288447
0.0710609020439
0.0712797040687
