0.548294027073
0.556967018341
0.558595858198
0.564053430066
0.579410472996
0.586289771375
0.578206882992
0.57156136878
0.569790740192
0.59328034846
0.561604542358
0.600515791047
0.572577099622
0.571542143683
0.581821085017
0.593889560103
0.584403879456
0.596131363551
0.587247652415
0.60115594899
0.614653858079
0.595503072235
0.592099793672
0.60099510967
0.589646863168
0.610733246971
0.60209489578
0.593498921242
0.607042551743
0.592908469339
0.584063150229
0.599569311276
0.605689640028
0.596415144607
0.595249626696
0.608541004138
0.600753530758
0.613565444152
0.598837216066
0.602823006363
0.623951766818
0.586125034684
0.611423227292
0.615945604317
0.614975740312
0.596683365259
0.599473418467
0.607372315976
0.599009485739
0.595744418468
0.598001753236
0.601447117602
0.601933794697
0.617949842564
0.592164769267
0.608288256636
0.610970957596
0.603850400237
0.610334638856
0.614239980408
0.60447496869
0.614592489007
0.603156609798
0.599661161289
0.603869363571
0.595801948337
0.61246935182
0.619134120215
0.608088792612
0.609273244772
0.599837270164
0.594786275665
0.605743330694
0.605682136132
0.601569564896
0.611162510536
0.619425463336
0.588091055414
0.609050687363
0.606812519523
0.603635375808
0.609575872822
0.605501897206
0.599619133655
0.590712416388
0.605202992019
0.583507163894
0.607023442985
0.60893565671
0.595334380001
0.602332548236
0.629531233367
0.603831087885
0.608207633382
0.593176660906
0.598933050706
0.594866811664
0.588405201072
0.588750147606
0.616416662837
