0.0698280728029
0.0661607422342
0.0648783519133
0.0632317828039
0.0620271810411
0.0608641764083
0.0599289671119
0.0587364777364
0.0579289151126
0.0570724983045
0.0562928962851
0.055796531691
0.0550964884324
0.0547535855026
0.0541291652868
0.0537517594702
0.0533344198413
0.0528854953485
0.0526249181842
0.0521703988599
0.051842889113
0.0515445112692
0.0512511352477
0.0511195744652
0.0508037456162
0.0507299001276
0.0504420830857
0.0504193580347
0.0505938173205
0.0501194720584
0.0498175346549
0.0496119292639
0.0495667838771
0.0493029093763
0.049221473249
0.0491137403999
0.0490866024605
0.0489221579264
0.0487480087773
0.0486293075328
0.0487141705425
0.0485007484627
0.0484463490557
0.0483012096504
0.0482603278759
0.0481801358112
0.0480342193797
0.0479477923665
0.0480742544245
0.0478998072945
0.047755093341
0.0477708903826
0.0475557107441
0.0475956165873
0.047395801579
0.0474358250487
0.0475540316175
0.0474509230578
0.0471950222062
0.0473320522184
0.0473282400649
0.0472691696949
0.0472437494266
0.0472247594483
0.0471558621865
0.0468915359702
0.0469958112992
0.0469661255544
0.0468906849766
0.0468093639562
0.0468907470201
0.0467702378016
0.0467032905008
0.0467352307758
0.0466428145688
0.0467795409104
0.0465253818531
0.0466657062965
0.0465093794058
0.0465605261834
0.0465789785525
0.046497109588
0.0463078745811
0.0463501992811
0.0465105356458
0.0463892322317
0.0464020527306
0.0462304824007
0.0461325523066
0.0462813980134
0.0462119982807
0.0462599324529
0.0463956650694
0.0461945522143
0.0461796022754
0.0461539477016
0.046172553585
0.0459435841598
0.0462196656506
0.0460158469579
