0.0902619754357
0.0835483579291
0.0796508314684
0.0763773729292
0.0746471677749
0.0727764512455
0.0712753923074
0.0707258317701
0.0684214726505
0.0687329582162
0.0679236257594
0.06730784922
0.0663523464126
0.0662256771086
0.0654832345855
0.0648780852939
0.0645119700631
0.0645572724401
0.0640798098133
0.0639333671076
0.0634623529792
0.062749819425
0.0631133479543
0.0627048901799
0.0621109426554
0.0618252047114
0.0612380660646
0.0611179393653
0.0611934503377
0.0609747038618
0.0613666739129
0.0604121012955
0.0610845871912
0.0606214486306
0.060135457531
0.0599040713484
0.0605746792796
0.0598752817832
0.0596497087313
0.0592233628391
0.0598243737186
0.0587924560512
0.0589853762718
0.0595506418884
0.0588755096734
0.0585954122502
0.0593732239405
0.0594833571173
0.0587401446152
0.0586006454271
0.0579452015234
0.0580327373646
0.0582437694878
0.0580540014697
0.0580369738716
0.0584009610127
0.0585065348458
0.0581475836693
0.0582835022898
0.0577860332457
0.0573422633581
0.0575014635341
0.0580021030152
0.0574484498192
0.0575907497833
0.0576766818882
0.0572442128353
0.0576371902339
0.0571855022772
0.0573894896143
0.057431585721
0.0573675845626
0.0567635445896
0.0576312042338
0.0573343605702
0.0572391219508
0.0574041003509
0.0573069993511
0.056642225083
0.0568911097
0.0570904110151
0.0569850952914
0.0572573147704
0.0572416444586
0.0573757192543
0.0573873300732
0.0570476262186
0.056682509844
0.056698488086
0.0564324388072
0.0571499892971
0.0570093025201
0.0566389197385
0.0569221583889
0.0567247461643
0.057160634246
0.056226215963
0.0557562134069
0.0567819166097
0.0568532719015
