0.348202685145
0.420808354284
0.429653783447
0.459279038718
0.457775884107
0.471221810838
0.481382978723
0.453012945888
0.490754377352
0.459114371095
0.464967587248
0.484201887567
0.471872992567
0.473776839141
0.477395720589
0.471360489165
0.466549604917
0.472112774713
0.469902574809
0.481102023246
0.458040976705
0.468318584071
0.455467869222
0.4688057041
0.473413976155
0.469912043891
0.48289262482
0.451673917155
0.470361276745
0.484105131414
0.487629034901
0.468872784423
0.494448556625
0.461441893831
0.493424180003
0.483171806167
0.471241433157
0.470866141732
0.468528407599
0.460306030603
0.470320832241
0.489712271498
0.476752377598
0.45913698753
0.469799841284
0.461151481274
0.469453376206
0.471674658142
0.468100105746
0.472007042254
0.471120574927
0.486744166597
0.493305954825
0.474555804727
0.475374361638
0.474439067312
0.479213002566
0.472327841149
0.479814633277
0.464375674703
0.492111446794
0.472858245433
0.467215290682
0.481548077746
0.483644859813
0.47741826761
0.474935446532
0.478958261469
0.462134489438
0.468622222222
0.48554714384
0.487921877677
0.462678375412
0.478276227481
0.48921224285
0.478197046887
0.477951388889
0.47335565005
0.483202539459
0.478192327903
0.470920483629
0.463736061193
0.474484445998
0.476663526591
0.477706446223
0.473096994781
0.474517608376
0.481984642646
0.483250776593
0.471101417666
0.478242062462
0.475224281043
0.457840375587
0.474661141328
0.462512618152
0.477276595745
0.453286879985
0.47742047326
0.480852954243
0.471747471224
