0.532070894947
0.58489395948
0.555533657882
0.525340860109
0.51948087001
0.550662349697
0.567892923477
0.546607337414
0.586101039668
0.559952172843
0.561389488845
0.559009474105
0.553804707909
0.576175014121
0.545170166837
0.560182321403
0.54069772853
0.560565689047
0.580789444752
0.542407104386
0.549719447364
0.555839950626
0.584353591719
0.553962115214
0.54112707935
0.579643413703
0.541004428462
0.585464866352
0.53298285098
0.532220187574
0.561696043353
0.576523828941
0.57101663829
0.562339982328
0.559208879959
0.583031509964
0.578585684312
0.569755692927
0.583947566964
0.557127712237
0.566816114413
0.516265334269
0.580011220942
0.562404754329
0.565969221229
0.530296368987
0.539302614671
0.584518241157
0.568065251319
0.569073478265
0.577738820213
0.563888198931
0.576420228642
0.577167767917
0.570637080763
0.55459058104
0.552601525094
0.571200600079
0.554464061865
0.559637910846
0.526383319945
0.578754143867
0.587074742875
0.577769330239
0.568421919054
0.542663691091
0.594915906921
0.55045133898
0.582119466677
0.5695985183
0.540712852661
0.518147067053
0.52761733272
0.559844762426
0.551566656409
0.597154132931
0.600388515665
0.571997787223
0.589646223301
0.564673752128
0.577715639573
0.5828398116
0.593160693313
0.56226692114
0.547044337554
0.597107917076
0.5870670063
0.560404297115
0.567667021308
0.55755307843
0.560170687456
0.576700170495
0.522320716512
0.590113384449
0.547090233476
0.536941825029
0.554149828952
0.555625158876
0.545427218899
0.581195702187
