0.138330286411
0.353034241157
0.233895493503
0.115615847079
0.0916653586564
0.224088093599
0.302861973192
0.219170632223
0.360626793202
0.267831898214
0.267601974539
0.260107287714
0.250844814141
0.327315357562
0.212275161335
0.259963050937
0.187749287749
0.256059997322
0.338296882271
0.190625893112
0.225762527233
0.250099036049
0.351072279587
0.238423113271
0.183000867303
0.338252248098
0.183104693141
0.358291735996
0.155251141553
0.15127294257
0.270688321732
0.326573921245
0.305051495831
0.269680436477
0.255613126079
0.343460111317
0.333837737167
0.302755664421
0.343571178325
0.253134485944
0.2947342459
0.0793926933418
0.342643051771
0.285467554898
0.288398897519
0.134933900623
0.186481507723
0.355575359251
0.308148499585
0.301554277322
0.327522826989
0.28005585883
0.330119642235
0.326050819283
0.308768544205
0.244032537672
0.235563950351
0.305599803946
0.245758218452
0.266546484677
0.119600307456
0.339446406197
0.356803260131
0.332324877822
0.300623243309
0.20274580502
0.381527837721
0.234556370914
0.337965143665
0.303754266212
0.199723756906
0.0919003115265
0.129862267292
0.271689497717
0.236049779205
0.386326991293
0.399669694467
0.307277628032
0.36730641959
0.287174373676
0.33325608343
0.345025876941
0.375191759807
0.279572595852
0.215955983494
0.391112974219
0.358698092031
0.27412834765
0.294168842472
0.25664527956
0.265958824291
0.325630998934
0.109883364027
0.378179524911
0.221106890939
0.173875432526
0.242998132835
0.257098606092
0.198
0.339148639218
