0.0686165650503
0.0648091691943
0.0635058711335
0.0627550515101
0.0623652635386
0.0617843388319
0.0613630091069
0.0610941690374
0.0607985669097
0.0606401572651
0.0605561918714
0.0604411435432
0.0601635026002
0.0601267358007
0.0599705757122
0.0598044188886
0.0598883188238
0.0598447730599
0.0598240604136
0.0597690072805
0.0597739347386
0.0597218100647
0.0596381709084
0.0596723148037
0.0594932203173
0.0595211343061
0.0593612055599
0.0593791673886
0.0593374641309
0.0593421451296
0.0592123143054
0.0592213655994
0.0592177579285
0.059196663613
0.0591209578713
0.059117569307
0.0591248884196
0.0591096705578
0.0590416611523
0.0591574185141
0.0589258631477
0.059078941943
0.0589718478542
0.0590475322235
0.0588420724851
0.0589786533097
0.0590092368447
0.0590038175913
0.0589548964789
0.0589170638263
0.0588881805273
0.0589076342202
0.0588467184867
0.0588368082734
0.0587997822607
0.0587285027065
0.0588579477802
0.0588268462524
0.0587203141252
0.0588450692685
0.0586712712828
0.0587742343679
0.0587438710323
0.0586860535131
0.058660848917
0.0586805259878
0.0586597150966
0.0587106664933
0.0587172914829
0.0585586881837
0.0587348313594
0.0586027811603
0.0585292254893
0.0586045551267
0.0586441668188
0.0584620919566
0.0585875290802
0.0586279148077
0.0585870894925
0.0586487062699
0.0585232949816
0.0587688031575
0.0585418251498
0.0585317362863
0.0586088437587
0.0585462409125
0.0583956307249
0.0585102101704
0.0584607318467
0.0586057958077
0.0584767197221
0.0585623321141
0.0584921595392
0.0585187219766
0.0584337872912
0.0585877429822
0.0585372612724
0.0585516167917
0.0585119267528
0.058375323124
