0.105372382222
0.0802689675251
0.0715963655996
0.0676266313226
0.0634568842222
0.0614079833286
0.0601877571928
0.0582280305564
0.0574147413235
0.0558047897394
0.0558820781216
0.0560574659535
0.0558210496288
0.0541915053667
0.0540614220799
0.054279732084
0.0533312560983
0.0534185979366
0.0525693056822
0.0529296970445
0.0526720382959
0.0524176203441
0.0529044338788
0.0525946145383
0.0517970287175
0.0516980045805
0.0522365978238
0.0518570051513
0.0519146155474
0.0518365139509
0.0549031536892
0.0550642389094
0.0534018615299
0.0516991001501
0.0522785653523
0.0527412207026
0.0527677318005
0.05226956499
0.0516608702091
0.0524059289566
0.0524616004928
0.052216392966
0.0531401117637
0.0519706483879
0.0524533509613
0.0510943750009
0.0511934353474
0.0513430254122
0.0520752094287
0.0512408671683
0.0514041863193
0.0517419971084
0.0514987629434
0.0514961651652
0.0515936790021
0.0514142149247
0.0511378353268
0.0506994148538
0.051950228605
0.0526541407796
0.0527419074551
0.0538614824248
0.0524164005733
0.0524366051267
0.0527268449863
0.0536103729928
0.0523403784962
0.0510741874692
0.0512410206809
0.0517498841267
0.0514970912695
0.0512450752619
0.0510732304137
0.0517722515191
0.0548849160895
0.0525448486926
0.0511192823128
0.0512790577322
0.0521925473376
0.0516173565638
0.0510017322704
0.0509895425762
0.051870611282
0.0507309753061
0.0499854389149
0.0502218634669
0.0513589848967
0.0504849538906
0.0509403023697
0.0580314797003
0.0564130713395
0.053924879071
0.0509490911121
0.0516241144574
0.0521788483775
0.0515480594143
0.0527318666619
0.0513315000719
0.0505043197067
0.0515490129749
