0.63227053348
0.71827754177
0.737922973963
0.758470386078
0.777215845203
0.783247697787
0.784470803737
0.791170415803
0.79189867181
0.801951158363
0.801974658936
0.799069255142
0.794221069427
0.806328023794
0.802139511968
0.813406844367
0.811613500498
0.818791965829
0.804968306219
0.819757467104
0.81902182354
0.794839151955
0.796992159301
0.811755609162
0.809701112264
0.815089782079
0.820011028982
0.817780248699
0.819957192891
0.815058981204
0.803810234034
0.805112654419
0.810498270323
0.817676328466
0.814322785027
0.814016201435
0.814709904619
0.814315542895
0.811920055005
0.814640740803
0.800875047336
0.81648867697
0.807853786879
0.815530185148
0.80968979825
0.813272617702
0.797770295857
0.817488527474
0.813640919384
0.812422263419
0.815721767173
0.812180800846
0.814138939577
0.812280300179
0.810149426417
0.815158538706
0.81180900898
0.816649138186
0.798594095655
0.805217127264
0.81267093904
0.813617855084
0.808133757817
0.804868690547
0.810632467903
0.800725143926
0.813212092092
0.807474520201
0.812767297207
0.812851759664
0.812920661716
0.814809752971
0.807305886137
0.796544106911
0.80759711292
0.811996955396
0.815135765255
0.812790536017
0.811379949008
0.818642469608
0.816159203587
0.823739999895
0.823161327364
0.818473980968
0.819769479154
0.813338524013
0.821612703572
0.823030765392
0.81622447003
0.788429806871
0.804756655636
0.816258877429
0.822409977971
0.814871500145
0.812610035326
0.825962752755
0.819907050579
0.821639665245
0.817469971328
0.809345055311
