0.47458809171
0.598850484214
0.622583774909
0.652125984252
0.677307206068
0.679385899538
0.685027152832
0.695351215291
0.696854749486
0.704839809134
0.710146071852
0.703529230056
0.698170494356
0.710380858636
0.710910244212
0.718775910153
0.72019200991
0.728813559322
0.718286923954
0.726208345842
0.72789791396
0.710017873862
0.702762084118
0.723938070663
0.718801217513
0.725699586873
0.73398548438
0.728699029126
0.731639076708
0.72399445215
0.709792101399
0.704590379969
0.719501751654
0.723375552724
0.719279819955
0.71919404556
0.720030063886
0.724124543831
0.719944512947
0.718001926925
0.712623097583
0.727329337589
0.716427232979
0.72216330859
0.720932075771
0.717676124878
0.70495049505
0.723117272387
0.722307929651
0.722144304192
0.721840814787
0.721750642473
0.720399969699
0.720153846154
0.718198700093
0.723059273423
0.720957339343
0.721583271098
0.703795892968
0.715124583399
0.717409271921
0.721485004219
0.718965654002
0.718543316731
0.720319099015
0.70767299545
0.726894787336
0.717802580543
0.723745188909
0.725610240916
0.724660562046
0.722425908952
0.717599556646
0.706006151854
0.71737074401
0.722938955318
0.725658202212
0.72674791533
0.722691730511
0.728335255671
0.728532073987
0.73653950742
0.736497034031
0.729919053549
0.732467125861
0.726505256451
0.731460932119
0.73312437887
0.730017479739
0.689220359834
0.708503865393
0.72897933428
0.733564547206
0.727589208007
0.722071056519
0.737172614489
0.727699530516
0.733152804642
0.730351236415
0.722804190169
