0.664238177147
0.713087579773
0.763133970137
0.771202083407
0.7730609264
0.779392614887
0.775640230655
0.775637060404
0.769220531357
0.774463602324
0.766108944935
0.768128423653
0.772570555527
0.78095941672
0.782297466068
0.786819901263
0.783148198454
0.788920090489
0.781968050854
0.787482716317
0.774046699827
0.778013061432
0.788234414728
0.785812430524
0.78815370422
0.774525669432
0.751463695977
0.759213998896
0.769527696647
0.772609267486
0.779975126621
0.788506474582
0.785750886943
0.796447632404
0.80105013824
0.791752607604
0.799042409809
0.799041799027
0.793527133564
0.794335780146
0.787690440444
0.799142170906
0.792864725698
0.807002065607
0.800709641692
0.806492876825
0.802526166201
0.800943047757
0.810283798507
0.789760148728
0.805308890023
0.752199804899
0.78855324305
0.799993223226
0.797340915952
0.813211452225
0.815859949381
0.812947041691
0.808037603244
0.801434174836
0.800721508318
0.809363844135
0.808938187094
0.811793332236
0.78902435974
0.784708950635
0.801460671151
0.805630568662
0.800560116386
0.80274107429
0.796727487003
0.806144265598
0.807589143666
0.806197519991
0.794968725042
0.805048260521
0.804304705873
0.803948125393
0.806466322341
0.805052245148
0.805948786201
0.807313390033
0.80459601991
0.81561450218
0.814533504895
0.807535772933
0.727463910042
0.731414914837
0.734354696944
0.636640185864
0.752713094647
0.746769863656
0.772803583488
0.784612825147
0.804768347753
0.7968086047
0.797632259074
0.798950239863
0.812307320021
0.811023223104
