0.523440134907
0.591451964245
0.653809064609
0.666717803176
0.669226633899
0.678821879383
0.67211861816
0.677330748101
0.663618350861
0.670536123415
0.663061630219
0.663518117064
0.670103898133
0.675031183506
0.680264860339
0.685428960508
0.680443472358
0.687288835498
0.681407035176
0.684343434343
0.676680620537
0.678599714874
0.689612499033
0.68860479798
0.687523729972
0.676422764228
0.639700934579
0.653611353366
0.66794350012
0.673123486683
0.679186714264
0.689453425712
0.686550976139
0.699142156863
0.700301981292
0.69265985045
0.70332382201
0.697459245117
0.695087478035
0.695758129617
0.691274106861
0.704600295789
0.700459344024
0.706156309125
0.705855054529
0.711114489889
0.706718642513
0.702301521853
0.721034781923
0.694849136215
0.712783360598
0.641811527905
0.696924847887
0.70790432441
0.703088258348
0.7193328279
0.7244130735
0.719458390385
0.714990746453
0.708539167255
0.70979578813
0.71840112421
0.71521556015
0.7170267412
0.694606939659
0.69007460266
0.705119401846
0.710375848136
0.705121293801
0.709949937422
0.700208028353
0.712360415864
0.713956347986
0.70821529745
0.702090314345
0.712328767123
0.711100753515
0.7090881179
0.714041362152
0.714015450102
0.711945234982
0.715769741467
0.711848562748
0.722260092403
0.718717375093
0.717085071221
0.60990219122
0.613762811127
0.617823542485
0.47666696989
0.641079147414
0.639131150239
0.66505068312
0.687095245617
0.710556710557
0.706867127184
0.704121030652
0.701351967188
0.722413254142
0.71883432272
