0.103691203908
0.0777850052175
0.0699290117809
0.0658091728331
0.0629109135455
0.06230412533
0.0642331017517
0.0611391735744
0.0633844057384
0.0624642218047
0.0620016072635
0.0619256132237
0.0619180682295
0.060699492497
0.0606723825377
0.0596157256809
0.0596582770563
0.0596582743213
0.0588376783555
0.0592201061522
0.0588914661869
0.0586088789394
0.0585007343027
0.0580696325564
0.0578460370352
0.0578275188728
0.0605052543003
0.0641570626991
0.0618895914545
0.0615294866571
0.0593298174792
0.0580418949369
0.0577051125848
0.0574139551994
0.057443774538
0.0568810812965
0.0571388103753
0.0568968012587
0.0564843196924
0.0555488112835
0.0559118050691
0.0556233624943
0.0548310755175
0.0549546327451
0.0541732557312
0.054522368161
0.0535720646588
0.0549356345969
0.0548172086198
0.0569903996139
0.0550786089257
0.0599103219267
0.0582569464995
0.0550342421536
0.0545798274364
0.0544309072972
0.0534196723696
0.0537921801297
0.0535901211147
0.0547640791299
0.053610720905
0.0538150178508
0.0536002321228
0.0534284798878
0.056357296786
0.0562581693581
0.0553348095259
0.0546666715428
0.0536282556263
0.0542180803772
0.0540964648738
0.0533713106804
0.0543570208378
0.0533327745322
0.0532547426636
0.0534488206453
0.0530328305673
0.0532332606939
0.0528946722858
0.0526061672442
0.0522198463023
0.0530324629229
0.0531354887505
0.0527465092487
0.0527603275023
0.0530798711668
0.0651392157273
0.0689797567788
0.0685925587289
0.0685871995869
0.0672574259084
0.063581884081
0.0616103839529
0.0583305005758
0.0555822754195
0.0556354308462
0.055690851712
0.0557944371065
0.0552965400539
0.0537204603192
