0.141078838174
0.600118835413
0.712357397893
0.746143297909
0.75550327676
0.772074599769
0.768229381231
0.770025839793
0.773572486424
0.774656010546
0.773961400065
0.773123049121
0.782522833868
0.7833655706
0.779697093737
0.776516380149
0.783260055366
0.783337441459
0.786864029766
0.784115523466
0.785326747105
0.78962675715
0.787038529744
0.783998714756
0.78715314295
0.783790421613
0.780961553897
0.785064935065
0.787888574889
0.784269481828
0.784203329848
0.788839466235
0.785244587009
0.782601652357
0.778783958603
0.782055464927
0.783966176112
0.78863893834
0.785455131823
0.78559791463
0.78527607362
0.782170164308
0.787796065837
0.786266924565
0.786313645621
0.784832737902
0.785529297507
0.78620464204
0.782416502947
0.785214134506
0.791005077779
0.784520525718
0.786911800437
0.786837175206
0.784599207312
0.785223506588
0.786646138887
0.787149247662
0.786034019696
0.784054228535
0.782537739698
0.784122336099
0.785847905653
0.786546135679
0.788494077834
0.788666451405
0.785989033472
0.790671217292
0.782764519019
0.790237573988
0.789345854922
0.78496969697
0.789093564879
0.784560143627
0.78977875745
0.78749795985
0.789654046997
0.787183865984
0.788936933997
0.791124837451
0.786978405585
0.791104570354
0.78599853813
0.784464431725
0.788873389678
0.784427752201
0.788165294645
0.787258248009
0.788081632653
0.786313645621
0.785104986877
0.785632653061
0.783505154639
0.78365662402
0.783839044737
0.788895221037
0.78650767723
0.785162033229
0.785558164009
0.785819070905
0.784481341443
0.782183955625
0.782300593276
0.785509853627
0.786641626521
0.785323200131
0.784516765286
0.786716710183
0.783006535948
0.782919305082
0.786688578472
0.784675706584
0.783349721403
0.783583319598
0.786553793047
0.782895278899
0.785268003946
0.78757154538
0.78587196468
0.78074255406
0.784
0.785632466045
0.785089511976
0.784573814788
0.778535623305
0.784577922078
0.787439215363
0.782202556539
0.781298616229
0.785819551335
0.78559791463
0.780511730565
0.782465663295
0.784390562495
0.783085228202
0.78016853473
0.780288146693
0.778178835111
0.784629133155
0.781800230377
0.785504407444
0.781188765513
0.781827095931
0.782084125279
0.77936351706
0.78043961472
0.782895823015
0.781393819855
0.78646899828
0.785416496362
0.781219110379
0.783090331514
0.784919856068
0.785696670777
0.782637236399
0.783832729667
0.783981767866
0.782715443162
0.778452947939
0.784442438664
0.7822156476
0.785260901822
0.786503877248
0.783770571941
0.782018798529
0.783547305585
0.781040952847
0.788097977971
0.780220678382
0.783198496363
0.77726523888
0.781385458412
0.784239532779
0.781514678069
0.785567855679
0.784675706584
0.782935599869
0.781396111886
0.786395004929
0.785261102977
0.785260068482
0.783052241876
0.778981937603
0.784262295082
0.783429641084
0.782196039928
0.784760344121
0.782116488925
0.78482268331
0.784492588369
0.780431937173
0.777934000496
0.784172071259
0.783336040279
0.785043677035
0.784
0.783597970208
0.783920417482
0.783441053751
0.784165571616
