0.534631148614
0.716225691595
0.794390983226
0.819256945612
0.828175267741
0.842348149359
0.83979176398
0.839512112975
0.843839010603
0.844425419709
0.844969568503
0.843743175963
0.850289336266
0.853968426631
0.848982349557
0.848035578937
0.852374168682
0.85109417273
0.855995932772
0.855210146896
0.854696682638
0.858211181736
0.856651273016
0.854930379552
0.856183733764
0.851952641691
0.852803257738
0.854152475675
0.857019225679
0.85464680209
0.854888235578
0.857471495375
0.856106978798
0.852661556261
0.850120498608
0.851232064089
0.853094688114
0.857237711207
0.855447828437
0.854006876826
0.855133566439
0.851722609471
0.857812515451
0.856107036967
0.854516618221
0.853934019232
0.854930466806
0.853960922735
0.850967653555
0.853799908906
0.859587070496
0.85382669607
0.855834977113
0.854922875656
0.854332569177
0.854888293748
0.855566698292
0.855371277064
0.854459117437
0.854282717713
0.851523349041
0.853148349696
0.854420783581
0.854735074664
0.857785728288
0.857628611832
0.853596838359
0.858080939697
0.851952583522
0.85810007754
0.857682302498
0.854750315135
0.857138095534
0.852983583919
0.856720407747
0.855122194256
0.856716568544
0.855421099443
0.856206827149
0.858387552375
0.855528393521
0.857460123192
0.854750373304
0.852623338745
0.855294725692
0.854424535529
0.855792891309
0.855585894304
0.85549779624
0.854516618221
0.852627207032
0.853715620959
0.851829990803
0.850649639609
0.852132764278
0.856498083016
0.854279023935
0.852255473336
0.854915139081
0.854095033061
0.851860704424
0.849158778366
0.849925251889
0.853370703511
0.854413163346
0.853332369655
0.851910526803
0.854577958207
0.851684333785
0.852558101386
0.853504901091
0.852922273017
0.85150040108
0.850825922994
0.85337076168
0.850366003978
0.852404940472
0.854880760767
0.85365814926
0.850216420502
0.852527504105
0.853374542713
0.853113913212
0.852496877739
0.847598811476
0.853796040619
0.853593086411
0.850668719283
0.850120644032
0.853412876569
0.854006876826
0.849787186022
0.850319991717
0.852799622129
0.851573200505
0.849419262443
0.849423101645
0.847587293868
0.853700235064
0.849779594871
0.853646631652
0.850457883075
0.850802829609
0.849350389475
0.848468798045
0.848714128905
0.850090075836
0.849653104781
0.853822973206
0.853351536583
0.849193214849
0.852190206892
0.852929951422
0.852726880875
0.850779881648
0.851174679645
0.852949060181
0.851220604651
0.847644794652
0.852086810187
0.850247163207
0.851998712122
0.852784410743
0.852650125908
0.850906313569
0.851944963286
0.850469371598
0.854474561502
0.84959938503
0.851787817745
0.8463417344
0.850350588998
0.851577097877
0.849656943983
0.852998969814
0.852922273017
0.851584689028
0.849929032922
0.853317100099
0.853980031493
0.853638953247
0.850695593701
0.848051052087
0.852113626435
0.852558130471
0.85087949732
0.852535211595
0.850438774317
0.851270543369
0.853225017407
0.84962239116
0.846249797133
0.851818531365
0.852814891685
0.853274868871
0.851017563188
0.851849157731
0.852638637386
0.85179549615
0.851753381261
