0.60951371846
0.691391984327
0.751476027961
0.78117092188
0.802814397242
0.807436564449
0.8104912027
0.81662310723
0.812445793077
0.825001061598
0.823885831423
0.826254444895
0.823537249281
0.828170875926
0.823698030431
0.830803812677
0.822594608713
0.830550774326
0.832681502664
0.834280152428
0.829240006585
0.830991177396
0.827480953774
0.832562981827
0.826028717235
0.835686463961
0.830765566076
0.829876674343
0.832731732231
0.834176435789
0.832685749055
0.836008637042
0.831926663087
0.829857391076
0.835824355319
0.834165063606
0.83544107493
0.835797655411
0.834874298109
0.835391252551
0.835893780899
0.83610057431
0.831915523583
0.832804531655
0.833023104437
0.833521211885
0.831804361218
0.834732044021
0.836518058504
0.837924806309
0.833406355742
0.832463366155
0.837070002042
0.832049633909
0.833191651247
0.834820432934
0.837579772521
0.838246688542
0.836349511694
0.83828132862
0.84105209856
0.837495717253
0.833280069245
0.835966493069
0.838189216843
0.835046684121
0.836660050829
0.833893149176
0.833525196512
0.834920223116
0.838537915325
0.837200505844
0.836591206946
0.837162404667
0.838292613549
0.833463769271
0.838070550582
0.842485604445
0.835567943124
0.837633783121
