0.113862203475
0.087959148927
0.0753604231683
0.0668778995663
0.0616545720848
0.0580373844859
0.0556441719606
0.0542564536455
0.053141167447
0.0523501588943
0.0518123347189
0.0512797190748
0.0509111901632
0.0500938415253
0.0498617855094
0.0501278411029
0.0495516348291
0.0488018970314
0.0487350670517
0.0477123331878
0.0481167789627
0.0480627412485
0.0475598059255
0.0479006739615
0.0472077580312
0.0467863383767
0.047176656267
0.0470176043243
0.0467679591215
0.0470069577438
0.0469329238805
0.04660988913
0.0468169178527
0.0465709968201
0.0461222867919
0.0457623054416
0.0464105681735
0.0457860421482
0.0458878159325
0.0459546465912
0.045756996682
0.0458627819712
0.045982399821
0.0454530530366
0.0457369519527
0.0452156641519
0.0456551002164
0.045134388648
0.0454130704527
0.0451197074461
0.0452219923823
0.0450112147832
0.04500042629
0.0450673627839
0.0455311484639
0.0446687146941
0.0450446957062
0.0451110791301
0.0442310608048
0.0452767293907
0.044673896082
0.0447632547777
0.0447699437606
0.0441654560525
0.0439314719946
0.0443084313404
0.0442261918652
0.044281555223
0.0441403721838
0.0444820490964
0.0441983112499
0.043969528141
0.043901743132
0.044361127956
0.0440791486431
0.0439481228861
0.0441072986967
0.0440551976491
0.0440108319518
0.0443053274906
