0.420821260865
0.562647369705
0.643921191735
0.680857675575
0.715708687133
0.722176826279
0.726736566186
0.731100478469
0.728740317978
0.739833568849
0.739243704113
0.743006577383
0.741317077084
0.747159545527
0.738969137264
0.749503455947
0.742642862966
0.747968762325
0.747753331267
0.75623090529
0.746136865342
0.743754789272
0.745557414933
0.751706620098
0.748339483395
0.754185991667
0.750599904015
0.753523434939
0.753606925297
0.752620379857
0.753669687976
0.758056758057
0.749409727688
0.751702886799
0.753161592506
0.754440461967
0.752416588712
0.75499092559
0.758363710004
0.752377982224
0.759782872883
0.757486225345
0.754625121714
0.753400544087
0.755372434965
0.754032902092
0.754233854631
0.751579439981
0.754019041673
0.758391386954
0.755709789363
0.752049669665
0.755384976894
0.754329179479
0.754269221518
0.755152383226
0.756497840597
0.757936195353
0.755090809026
0.760188212776
0.760466390171
0.76033721397
0.758450935346
0.758227644887
0.758125591669
0.757339338856
0.756915273044
0.757111597374
0.756310679612
0.757409793814
0.757528230866
0.758439490446
0.758985879332
0.761850649351
0.757010809964
0.754650416934
0.760162926284
0.763888888889
0.758359519781
0.761935588283
