0.420289855072
0.285714285714
0.613496932515
0.604938271605
0.514285714286
0.747368421053
0.25641025641
0.604938271605
0.674418604651
0.527777777778
0.59880239521
0.758974358974
0.677966101695
0.778325123153
0.730158730159
0.716577540107
0.762886597938
0.768472906404
0.763819095477
0.815165876777
0.80193236715
0.772277227723
0.778325123153
0.822429906542
0.822429906542
0.809523809524
0.782178217822
0.774509803922
0.828828828829
0.835555555556
0.831775700935
0.836363636364
0.834123222749
0.829493087558
0.83257918552
0.837837837838
0.841628959276
0.831775700935
0.776119402985
0.820754716981
0.796116504854
0.834080717489
0.819047619048
0.809523809524
0.81308411215
0.730158730159
0.827272727273
0.820754716981
0.831050228311
0.836363636364
0.836363636364
0.834862385321
0.83257918552
0.798076923077
0.803827751196
0.846846846847
0.813397129187
0.827272727273
0.834080717489
0.824074074074
0.83257918552
0.831050228311
0.811320754717
0.838709677419
0.829493087558
0.83185840708
0.827272727273
0.820754716981
0.794117647059
0.844036697248
0.841628959276
0.838709677419
0.834862385321
0.820754716981
0.805687203791
0.831050228311
0.827906976744
0.837837837838
0.839285714286
0.841628959276
0.845454545455
0.773869346734
0.819047619048
0.830188679245
0.83185840708
0.8
0.794117647059
0.845454545455
0.829493087558
0.844444444444
0.816901408451
0.813397129187
0.80193236715
0.828828828829
0.809523809524
0.834862385321
0.857142857143
0.834862385321
0.839285714286
0.833333333333
0.819047619048
0.8
0.846846846847
0.840707964602
0.816901408451
0.833333333333
0.841628959276
0.794117647059
0.828828828829
0.815165876777
0.828571428571
0.83257918552
0.841628959276
0.827906976744
0.837004405286
0.837837837838
0.843049327354
0.816901408451
0.809523809524
0.829493087558
0.814814814815
0.83257918552
0.78640776699
0.798076923077
0.809302325581
0.803827751196
0.821917808219
0.822429906542
0.826291079812
0.835555555556
0.854545454545
0.83257918552
0.821917808219
0.827906976744
0.815165876777
0.833333333333
0.8
0.809523809524
0.796116504854
0.836363636364
0.829493087558
0.796116504854
0.818181818182
0.805687203791
0.790476190476
0.857142857143
0.836363636364
0.840182648402
0.843049327354
0.803921568627
0.831050228311
0.816513761468
0.825688073394
0.827906976744
0.822429906542
0.80193236715
0.794117647059
0.803827751196
0.829493087558
0.792452830189
0.834080717489
0.81308411215
0.839285714286
0.840182648402
0.850877192982
0.824074074074
0.827272727273
0.834862385321
0.78431372549
0.809756097561
0.816513761468
0.835555555556
0.855855855856
0.811320754717
0.829493087558
0.828828828829
0.796116504854
0.803738317757
0.824074074074
0.83185840708
0.849315068493
0.848214285714
0.845454545455
0.81308411215
0.845454545455
0.79802955665
0.846846846847
0.820754716981
0.811320754717
0.850877192982
0.837837837838
0.803827751196
0.81308411215
0.807511737089
0.848214285714
0.824074074074
0.836363636364
0.843049327354
0.809523809524
0.841121495327
