0.167832167832
0.626865671642
0.395209580838
0.559139784946
0.287581699346
0.416666666667
0.5625
0.47191011236
0.508108108108
0.510869565217
0.588235294118
0.466666666667
0.614634146341
0.696035242291
0.526315789474
0.614634146341
0.678899082569
0.598039215686
0.611650485437
0.666666666667
0.647887323944
0.699115044248
0.779527559055
0.705357142857
0.67264573991
0.746887966805
0.761133603239
0.693693693694
0.771653543307
0.790697674419
0.779527559055
0.753036437247
0.758333333333
0.774703557312
0.777777777778
0.745901639344
0.690582959641
0.768
0.740740740741
0.809160305344
0.823970037453
0.764940239044
0.776470588235
0.833948339483
0.795366795367
0.774703557312
0.81679389313
0.816479400749
0.779527559055
0.795366795367
0.810606060606
0.816479400749
0.820895522388
0.790697674419
0.837037037037
0.782608695652
0.815094339623
0.815094339623
0.82962962963
0.80608365019
0.768
0.777777777778
0.833948339483
0.795366795367
0.837037037037
0.782945736434
0.839416058394
0.804780876494
0.803088803089
0.822641509434
0.812030075188
0.7969348659
0.793774319066
0.777327935223
0.790697674419
0.828358208955
0.818181818182
0.768
0.833948339483
0.828358208955
0.81954887218
0.771653543307
0.835820895522
0.785714285714
0.81954887218
0.825278810409
0.7969348659
0.841726618705
0.809160305344
0.828358208955
0.741666666667
0.826568265683
0.782608695652
0.820895522388
0.8
0.809160305344
0.815094339623
0.772908366534
0.818532818533
0.822641509434
0.790513833992
0.859205776173
0.81954887218
0.825278810409
0.787644787645
0.818181818182
0.767346938776
0.804597701149
0.823970037453
0.82962962963
0.835164835165
0.813688212928
0.827067669173
0.823529411765
0.828358208955
0.803088803089
0.828358208955
0.798418972332
0.828358208955
0.847826086957
0.818181818182
0.812030075188
0.823970037453
0.780876494024
0.833948339483
0.816479400749
0.795366795367
0.821705426357
0.846715328467
0.840579710145
0.838235294118
0.821292775665
0.839416058394
0.827067669173
0.832061068702
0.81746031746
0.809160305344
0.825757575758
0.824427480916
0.855072463768
0.846715328467
0.822641509434
0.813688212928
0.779527559055
0.833948339483
0.848920863309
0.838235294118
0.84476534296
0.825278810409
0.832713754647
0.820895522388
0.853046594982
0.819923371648
0.837037037037
0.847826086957
0.861209964413
0.859205776173
0.832713754647
0.847826086957
0.842490842491
0.818532818533
0.832713754647
0.841328413284
0.823970037453
0.803088803089
0.795275590551
0.810606060606
0.816479400749
0.815094339623
0.816479400749
0.835164835165
0.822641509434
0.838951310861
0.801526717557
0.822641509434
0.796875
0.846715328467
0.828358208955
0.823970037453
0.826568265683
0.835820895522
0.850909090909
0.85401459854
0.837037037037
0.823970037453
0.81679389313
0.81954887218
0.837037037037
0.849816849817
0.86524822695
0.838951310861
0.837037037037
0.851985559567
0.848920863309
0.829457364341
0.798449612403
0.820895522388
0.840148698885
0.850909090909
0.851985559567
