0.12
0.607287449393
0.408602150538
0.495238095238
0.57268722467
0.121621621622
0.495145631068
0.245398773006
0.352272727273
0.317647058824
0.313953488372
0.2375
0.257668711656
0.370786516854
0.253012048193
0.404371584699
0.322222222222
0.386740331492
0.371584699454
0.278787878788
0.23602484472
0.43216080402
0.378378378378
0.417112299465
0.472361809045
0.509615384615
0.414507772021
0.517073170732
0.451282051282
0.5
0.45
0.524886877828
0.340909090909
0.504761904762
0.443298969072
0.563636363636
0.546296296296
0.426229508197
0.466321243523
0.464646464646
0.519230769231
0.547945205479
0.593220338983
0.614754098361
0.587234042553
0.518867924528
0.577586206897
0.666666666667
0.509803921569
0.539534883721
0.623076923077
0.604081632653
0.484848484848
0.406417112299
0.48275862069
0.57399103139
0.651685393258
0.651685393258
0.638461538462
0.540540540541
0.582995951417
0.546296296296
0.63601532567
0.625482625483
0.581196581197
0.561085972851
0.600823045267
0.626016260163
0.518867924528
0.545454545455
0.472906403941
0.4
0.57268722467
0.47
0.54954954955
0.56
0.611320754717
0.472906403941
0.552995391705
0.492610837438
0.628787878788
0.553571428571
0.502463054187
0.568888888889
0.581196581197
0.591666666667
0.566371681416
0.678700361011
0.558558558559
0.627906976744
0.621513944223
0.542986425339
0.535211267606
0.467661691542
0.583690987124
0.616600790514
0.581196581197
0.639344262295
0.485436893204
0.631178707224
0.56768558952
0.608695652174
0.621212121212
0.608
0.564102564103
0.520930232558
0.536363636364
0.502325581395
0.467661691542
0.614107883817
0.6
0.600823045267
0.534562211982
0.580912863071
0.639097744361
0.619047619048
0.540540540541
0.566371681416
0.529680365297
0.429319371728
0.557522123894
0.641221374046
0.56170212766
0.564102564103
0.507177033493
0.612903225806
0.619047619048
0.484848484848
0.633204633205
0.573913043478
0.607287449393
0.580912863071
0.527777777778
0.641509433962
0.604081632653
0.488038277512
0.654545454545
0.591093117409
0.565022421525
0.661710037175
0.524886877828
0.597510373444
0.435233160622
0.556053811659
0.600823045267
0.609756097561
0.56652360515
0.63601532567
0.644444444444
0.646840148699
0.6328125
0.631578947368
0.646840148699
0.619047619048
0.509259259259
0.577586206897
0.622568093385
0.634328358209
0.610038610039
0.610878661088
0.589211618257
0.644444444444
0.621212121212
0.570212765957
0.652014652015
0.669064748201
0.630769230769
0.54954954955
0.589211618257
0.609756097561
0.555066079295
0.649253731343
0.611764705882
0.548837209302
0.631970260223
0.578723404255
0.582278481013
0.654275092937
0.638783269962
0.490196078431
0.632411067194
0.593886462882
0.641791044776
0.628352490421
0.558558558559
0.642857142857
0.592592592593
0.539534883721
0.622222222222
0.588744588745
0.598360655738
0.595744680851
0.637450199203
0.592592592593
0.559633027523
0.597402597403
0.514563106796
0.547945205479
0.591666666667
0.65671641791
