0.474576271186
0.586206896552
0.459016393443
0.44
0.566037735849
0.307692307692
0.491228070175
0.416666666667
0.305084745763
0.232558139535
0.301886792453
0.333333333333
0.48
0.311111111111
0.340425531915
0.272727272727
0.333333333333
0.347826086957
0.190476190476
0.304347826087
0.347826086957
0.326530612245
0.227272727273
0.260869565217
0.291666666667
0.291666666667
0.291666666667
0.285714285714
0.291666666667
0.291666666667
0.291666666667
0.291666666667
0.255319148936
0.352941176471
0.285714285714
0.32
0.384615384615
0.423076923077
0.36
0.326530612245
0.384615384615
0.36
0.415094339623
0.392156862745
0.36
0.436363636364
0.384615384615
0.32
0.384615384615
0.444444444444
0.392156862745
0.444444444444
0.444444444444
0.36
0.384615384615
0.452830188679
0.491228070175
0.423076923077
0.377358490566
0.423076923077
0.464285714286
0.352941176471
0.444444444444
0.392156862745
0.326530612245
0.326530612245
0.352941176471
0.415094339623
0.36
0.384615384615
0.415094339623
0.415094339623
0.5
0.407407407407
0.384615384615
0.415094339623
0.352941176471
0.36
0.384615384615
0.415094339623
0.36
0.415094339623
0.5
0.472727272727
0.436363636364
0.36
0.36
0.415094339623
0.384615384615
0.384615384615
0.415094339623
0.415094339623
0.384615384615
0.384615384615
0.384615384615
0.436363636364
0.415094339623
0.384615384615
0.352941176471
0.352941176471
0.472727272727
0.384615384615
0.384615384615
0.5
0.384615384615
0.464285714286
0.384615384615
0.472727272727
0.384615384615
0.392156862745
0.444444444444
0.384615384615
0.384615384615
0.436363636364
0.384615384615
0.444444444444
0.36
0.436363636364
0.423076923077
0.415094339623
0.415094339623
0.36
0.472727272727
0.36
0.384615384615
0.415094339623
0.384615384615
0.415094339623
0.384615384615
0.384615384615
0.444444444444
0.384615384615
0.415094339623
0.384615384615
0.384615384615
0.436363636364
0.472727272727
0.352941176471
0.36
0.415094339623
0.384615384615
0.444444444444
0.472727272727
0.384615384615
0.352941176471
0.472727272727
0.415094339623
0.384615384615
0.392156862745
0.384615384615
0.384615384615
0.436363636364
0.415094339623
0.384615384615
0.392156862745
0.472727272727
0.384615384615
0.352941176471
0.377358490566
0.384615384615
0.384615384615
0.352941176471
0.352941176471
0.32
0.384615384615
0.32
0.384615384615
0.392156862745
0.423076923077
0.326530612245
0.472727272727
0.444444444444
0.384615384615
0.326530612245
0.352941176471
0.352941176471
0.352941176471
0.415094339623
0.384615384615
0.392156862745
0.384615384615
0.472727272727
0.392156862745
0.384615384615
0.384615384615
0.32
0.415094339623
0.384615384615
0.384615384615
0.415094339623
0.43137254902
0.423076923077
0.415094339623
0.384615384615
0.392156862745
0.415094339623
0.367346938776
0.352941176471
0.375
0.384615384615
