0.697788697789
0.806526806527
0.65274151436
0.912065439673
0.763723150358
0.865934065934
0.903361344538
0.886509635974
0.862831858407
0.908704883227
0.865934065934
0.852678571429
0.760290556901
0.817551963048
0.881720430108
0.790588235294
0.89552238806
0.855233853007
0.882608695652
0.738916256158
0.87012987013
0.864628820961
0.80093676815
0.904958677686
0.890792291221
0.903765690377
0.921810699588
0.860310421286
0.896694214876
0.888412017167
0.877419354839
0.898734177215
0.884696016771
0.898969072165
0.892177589852
0.92
0.900414937759
0.900414937759
0.914979757085
0.892177589852
0.927710843373
0.921810699588
0.898305084746
0.893081761006
0.885106382979
0.920245398773
0.929411764706
0.890756302521
0.888421052632
0.916835699797
0.889830508475
0.909465020576
0.932806324111
0.887949260042
0.88085106383
0.898969072165
0.857768052516
0.919678714859
0.918367346939
0.908722109533
0.905349794239
0.894957983193
0.9
0.912423625255
0.912423625255
0.926356589147
0.917012448133
0.901052631579
0.910973084886
0.901878914405
0.918367346939
0.907216494845
0.904564315353
0.915811088296
0.924302788845
0.896405919662
0.895833333333
0.910602910603
0.921843687375
0.894514767932
0.911340206186
0.901878914405
0.936
0.887473460722
0.9
0.911290322581
0.889361702128
0.887949260042
0.914634146341
0.898550724638
0.912065439673
0.919028340081
0.911646586345
0.898550724638
0.889830508475
0.925196850394
0.925196850394
0.899383983573
0.908722109533
0.901639344262
0.90756302521
0.89406779661
0.906444906445
0.90873015873
0.903490759754
0.91935483871
0.898305084746
0.92828685259
0.912065439673
0.919765166341
0.915520628684
0.910891089109
0.92
0.902834008097
0.904276985743
0.913725490196
0.913480885312
0.896265560166
0.927021696252
0.901234567901
0.92578125
0.913827655311
0.90612244898
0.926732673267
0.904665314402
0.914285714286
0.929133858268
0.92007797271
0.893081761006
0.897703549061
0.915322580645
0.924
0.929133858268
0.906504065041
0.924302788845
0.897274633124
0.905737704918
0.907216494845
0.917835671343
0.918489065606
0.922155688623
0.912423625255
0.913131313131
0.923679060665
0.915322580645
0.905349794239
0.913131313131
0.910602910603
0.923379174853
0.923379174853
0.911290322581
0.916996047431
0.917647058824
0.912
0.914634146341
0.924901185771
0.926732673267
0.907975460123
0.917322834646
0.903490759754
0.909456740443
0.912065439673
0.906504065041
0.912778904665
0.907975460123
0.911591355599
0.923076923077
0.894409937888
0.925196850394
0.919449901768
0.908722109533
0.918367346939
0.917466410749
0.903092783505
0.907975460123
0.885177453027
0.910204081633
0.91393442623
0.921843687375
0.928433268859
0.91235059761
0.918163672655
0.904166666667
0.897703549061
0.919678714859
0.924302788845
0.912423625255
0.908713692946
0.903885480573
0.917505030181
0.918699186992
0.92759295499
0.918163672655
0.909465020576
0.909090909091
0.914634146341
0.907630522088
0.909836065574
0.914171656687
0.928433268859
