0.183783783784
0.718120805369
0.727272727273
0.751552795031
0.628571428571
0.704697986577
0.724035608309
0.417777777778
0.602150537634
0.634812286689
0.627986348123
0.714285714286
0.664473684211
0.549019607843
0.594795539033
0.733944954128
0.734939759036
0.741176470588
0.691588785047
0.749279538905
0.75
0.768802228412
0.758017492711
0.766081871345
0.744868035191
0.768361581921
0.762666666667
0.769230769231
0.770448548813
0.763157894737
0.751322751323
0.770083102493
0.766666666667
0.761904761905
0.760563380282
0.771739130435
0.761111111111
0.763736263736
0.764397905759
0.771276595745
0.765625
0.758620689655
0.754010695187
0.772486772487
0.758064516129
0.762666666667
0.757062146893
0.771349862259
0.772972972973
0.769633507853
0.771276595745
0.768392370572
0.760869565217
0.772972972973
0.757894736842
0.765027322404
0.752136752137
0.751958224543
0.778378378378
0.771739130435
0.762886597938
0.769647696477
0.757033248082
0.757731958763
0.761154855643
0.751918158568
0.767567567568
0.775067750678
0.766197183099
0.762942779292
0.758974358974
0.772222222222
0.748743718593
0.759689922481
0.768392370572
0.768
0.762666666667
0.758620689655
0.759689922481
0.749367088608
0.749354005168
0.775067750678
0.758807588076
0.760869565217
0.771276595745
0.770083102493
0.761394101877
0.764397905759
0.760416666667
0.748051948052
0.757894736842
0.755208333333
0.738916256158
0.759894459103
0.762666666667
0.748051948052
0.770889487871
0.763157894737
0.756756756757
0.759689922481
0.765840220386
0.753180661578
0.756476683938
0.762402088773
0.753246753247
0.756476683938
0.78021978022
0.768392370572
0.753926701571
0.761904761905
0.767955801105
0.769230769231
0.766404199475
0.755784061697
0.767195767196
0.754521963824
0.747474747475
0.764705882353
0.763636363636
0.755319148936
0.751918158568
0.757731958763
0.755667506297
0.751269035533
0.757033248082
0.767195767196
0.755102040816
0.765171503958
0.766756032172
0.753315649867
0.774725274725
0.757731958763
0.74686716792
0.761658031088
0.754521963824
0.747474747475
0.755784061697
0.751295336788
0.760416666667
0.766304347826
0.758620689655
0.746803069054
0.749367088608
0.748717948718
0.763636363636
0.74686716792
0.763157894737
0.751269035533
0.763636363636
0.761658031088
0.757731958763
0.778666666667
0.763358778626
0.759162303665
0.754521963824
0.758441558442
0.766404199475
0.751918158568
0.762402088773
0.761658031088
0.782841823056
0.757033248082
0.762886597938
0.748091603053
0.788203753351
0.750629722922
0.766404199475
0.748166259169
0.771653543307
0.781914893617
0.762148337596
0.755208333333
0.742574257426
0.762402088773
0.744897959184
0.760925449871
0.768421052632
0.760204081633
0.772486772487
0.760204081633
0.770025839793
0.752577319588
0.764857881137
0.776902887139
0.774535809019
0.760204081633
0.753846153846
0.766066838046
0.779005524862
0.782841823056
0.758793969849
0.767195767196
0.752525252525
0.757731958763
0.767624020888
0.765840220386
0.758269720102
0.776203966006
0.755102040816
0.757033248082
