0.452138492872
0.686971235195
0.729335494327
0.47250509165
0.545105566219
0.513944223108
0.755905511811
0.71031096563
0.671186440678
0.70297029703
0.779141104294
0.697368421053
0.760563380282
0.655052264808
0.702341137124
0.748427672956
0.768992248062
0.736842105263
0.783410138249
0.754303599374
0.787878787879
0.793939393939
0.808446455505
0.819241982507
0.824383164006
0.834054834055
0.809523809524
0.836676217765
0.852320675105
0.792109256449
0.863888888889
0.861111111111
0.868983957219
0.857541899441
0.833333333333
0.86312849162
0.836940836941
0.872928176796
0.858345021038
0.865671641791
0.863823933975
0.862690707351
0.871657754011
0.848739495798
0.885375494071
0.833574529667
0.865229110512
0.847360912981
0.867667121419
0.845505617978
0.86230876217
0.865753424658
0.872282608696
0.83284457478
0.856345885635
0.861538461538
0.870395634379
0.864938608458
0.852367688022
0.829197080292
0.860335195531
0.841654778887
0.860335195531
0.859116022099
0.863888888889
0.863888888889
0.863509749304
0.864569083447
0.830409356725
0.852734922861
0.85034965035
0.866941015089
0.83503649635
0.846368715084
0.853963838665
0.875167785235
0.869565217391
0.874493927126
0.850282485876
0.866035182679
0.85595567867
0.859527121001
0.874666666667
0.847457627119
0.859116022099
0.852367688022
0.869209809264
0.857541899441
0.861878453039
0.875
0.844950213371
0.841807909605
0.875502008032
0.875834445928
0.867208672087
0.862210095498
0.831130690162
0.862637362637
0.855172413793
0.849083215797
0.850415512465
0.856338028169
0.872139973082
0.87381275441
0.850640113798
0.869095816464
0.845827439887
0.872824631861
0.882276843467
0.865306122449
0.879356568365
0.863387978142
0.880319148936
0.874831763122
0.86711409396
0.864265927978
0.879150066401
0.861833105335
0.847025495751
0.866035182679
0.868027210884
0.863823933975
0.866396761134
0.879265091864
0.868965517241
0.851904090268
0.883845126836
0.854285714286
0.870838881491
0.856741573034
0.868279569892
0.875502008032
0.872824631861
0.867667121419
0.871934604905
0.862637362637
0.879063719116
0.850507982583
0.85552407932
0.880420499343
0.869565217391
0.859116022099
0.873315363881
0.861878453039
0.871099050204
0.855967078189
0.862258953168
0.849858356941
0.860998650472
0.876010781671
0.86301369863
0.879032258065
0.857541899441
0.863387978142
0.827785817656
0.875834445928
0.83787661406
0.867403314917
0.859916782247
0.86730506156
0.878453038674
0.86750348675
0.870619946092
0.864569083447
0.869918699187
0.867208672087
0.867667121419
0.864569083447
0.864864864865
0.86703601108
0.864938608458
0.869565217391
0.859916782247
0.877192982456
0.875
0.870523415978
0.858333333333
0.875502008032
0.872483221477
0.85393258427
0.841359773371
0.86703601108
0.842253521127
0.869684499314
0.869448183042
0.838255977496
0.791476407915
0.874331550802
0.870619946092
0.866666666667
0.871794871795
0.844632768362
0.857142857143
0.877792378449
0.862258953168
0.876963350785
0.868385345997
0.863823933975
0.85269121813
0.874666666667
