0.0361990950226
0.415224913495
0.439024390244
0.129310344828
0.40830449827
0.432055749129
0.320610687023
0.114035087719
0.333333333333
0.404332129964
0.08
0.0881057268722
0.342205323194
0.394160583942
0.569579288026
0.352059925094
0.347169811321
0.342007434944
0.410071942446
0.190871369295
0.352059925094
0.334600760456
0.248
0.415770609319
0.121212121212
0.301158301158
0.169491525424
0.506666666667
0.234817813765
0.253968253968
0.613569321534
0.532894736842
0.241935483871
0.339622641509
0.314176245211
0.4375
0.432624113475
0.681440443213
0.593272171254
0.556962025316
0.616766467066
0.647398843931
0.506666666667
0.462585034014
0.47491638796
0.585669781931
0.590769230769
0.516129032258
0.718085106383
0.727272727273
0.679144385027
0.583850931677
0.592145015106
0.64367816092
0.754430379747
0.587155963303
0.714285714286
0.767326732673
0.730077120823
0.397163120567
0.546583850932
0.755667506297
0.628398791541
0.764267990074
0.552380952381
0.743002544529
0.749367088608
0.541401273885
0.697050938338
0.724409448819
0.651296829971
0.668571428571
0.683195592287
0.693548387097
0.737662337662
0.762376237624
0.664788732394
0.604790419162
0.59880239521
0.739018087855
0.700808625337
0.68306010929
0.668508287293
0.762376237624
0.737913486005
0.696808510638
0.765
0.698924731183
0.742574257426
0.664804469274
0.645348837209
0.661016949153
0.719160104987
0.708661417323
0.715404699739
0.70523415978
0.708108108108
0.697050938338
0.759433962264
0.714285714286
0.724409448819
0.741463414634
0.604790419162
0.737113402062
0.750629722922
0.627906976744
0.682926829268
0.722513089005
0.604229607251
0.627218934911
0.737373737374
0.659217877095
0.701570680628
0.683333333333
0.72192513369
0.730569948187
0.727272727273
0.733850129199
0.668508287293
0.688172043011
0.745
0.722077922078
0.670422535211
0.737913486005
0.707124010554
0.751842751843
0.783454987835
0.753694581281
0.743002544529
0.664772727273
0.677777777778
0.784869976359
0.743142144638
0.637931034483
0.717277486911
0.605341246291
0.701846965699
0.708994708995
0.733333333333
0.716981132075
0.643874643875
0.712041884817
0.761194029851
0.748743718593
0.594594594595
0.633720930233
0.674033149171
0.649572649573
0.685236768802
0.727748691099
0.754430379747
0.485049833887
0.613095238095
0.685082872928
0.782608695652
0.582043343653
0.716981132075
0.723514211886
0.634005763689
0.697297297297
0.702702702703
0.710875331565
0.745
0.70652173913
0.732824427481
0.7
0.751842751843
0.737100737101
0.728232189974
0.724935732648
0.52427184466
0.535031847134
0.634285714286
0.703703703704
0.631268436578
0.702127659574
0.703703703704
0.733850129199
0.682795698925
0.730158730159
0.758620689655
0.728205128205
0.717678100264
0.695652173913
0.689655172414
0.690026954178
0.66106442577
0.741293532338
0.739240506329
0.750629722922
0.659217877095
0.559748427673
0.745
0.758620689655
0.691292875989
0.76
0.691891891892
0.700534759358
0.772946859903
0.743002544529
