0.611111111111
0.768
0.743515850144
0.8
0.727272727273
0.734806629834
0.640776699029
0.789333333333
0.640522875817
0.615894039735
0.633663366337
0.785145888594
0.764872521246
0.666666666667
0.81038961039
0.737160120846
0.770114942529
0.821158690176
0.796875
0.823244552058
0.808510638298
0.752873563218
0.835897435897
0.835509138381
0.815426997245
0.832512315271
0.798927613941
0.834567901235
0.825
0.828282828283
0.812182741117
0.828915662651
0.843137254902
0.827586206897
0.83698296837
0.834605597964
0.820779220779
0.823529411765
0.835443037975
0.830917874396
0.834951456311
0.820779220779
0.835748792271
0.830466830467
0.829736211031
0.811059907834
0.825552825553
0.832512315271
0.827751196172
0.829736211031
0.812785388128
0.838235294118
0.82808716707
0.835322195704
0.829836829837
0.835509138381
0.828431372549
0.83135391924
0.824644549763
0.825471698113
0.824644549763
0.801843317972
0.824096385542
0.825775656325
0.826603325416
0.826196473552
0.81308411215
0.832116788321
0.830845771144
0.835322195704
0.833333333333
0.836538461538
0.816705336427
0.824644549763
0.834532374101
0.828571428571
0.82380952381
0.835380835381
0.827423167849
0.841849148418
0.811059907834
0.836538461538
0.824074074074
0.825775656325
0.832535885167
0.818604651163
0.832116788321
0.810068649886
0.822660098522
0.816831683168
0.814988290398
0.830466830467
0.817757009346
0.832116788321
0.816705336427
0.801781737194
0.825
0.817351598174
0.808219178082
0.82
0.822055137845
0.806451612903
0.815850815851
0.830097087379
0.801801801802
0.827423167849
0.822384428224
0.822660098522
0.816705336427
0.830985915493
0.787610619469
0.821852731591
0.825870646766
0.826291079812
0.822429906542
0.814285714286
0.817966903073
0.825471698113
0.822429906542
0.824096385542
0.819672131148
0.828431372549
0.8125
0.826923076923
0.83135391924
0.82380952381
0.830917874396
0.812064965197
0.825552825553
0.805491990847
0.831683168317
0.817966903073
0.820143884892
0.818181818182
0.828571428571
0.818604651163
0.824096385542
0.825870646766
0.830097087379
0.829268292683
0.83698296837
0.812785388128
0.82380952381
0.820754716981
0.805429864253
0.823529411765
0.837772397094
0.803611738149
0.817102137767
0.826196473552
0.821852731591
0.814117647059
0.828235294118
0.824940047962
0.816513761468
0.820754716981
0.803611738149
0.837320574163
0.781115879828
0.817518248175
0.821256038647
0.827586206897
0.811926605505
0.826086956522
0.809843400447
0.836185819071
0.824691358025
0.813793103448
0.837320574163
0.82380952381
0.826291079812
0.817757009346
0.821596244131
0.809411764706
0.822988505747
0.827751196172
0.81990521327
0.832116788321
0.826086956522
0.823232323232
0.822988505747
0.826603325416
0.813725490196
0.83135391924
0.823798627002
0.776119402985
0.814814814815
0.832041343669
0.821002386635
0.830548926014
0.813636363636
0.837438423645
0.821917808219
0.830626450116
0.827250608273
0.822988505747
0.814117647059
0.82962962963
0.797327394209
0.809302325581
