0.431034482759
0.490196078431
0.485436893204
0.444444444444
0.525
0.477272727273
0.426966292135
0.453608247423
0.448979591837
0.449438202247
0.467289719626
0.470588235294
0.453608247423
0.4375
0.451612903226
0.461538461538
0.43137254902
0.447368421053
0.421052631579
0.424242424242
0.441860465116
0.418604651163
0.466666666667
0.409090909091
0.435897435897
0.432989690722
0.430379746835
0.447058823529
0.431818181818
0.47311827957
0.441860465116
0.413043478261
0.409090909091
0.395833333333
0.469135802469
0.444444444444
0.439024390244
0.404494382022
0.411764705882
0.40404040404
0.425
0.404494382022
0.425531914894
0.356435643564
0.383838383838
0.458333333333
0.4375
0.40404040404
0.404494382022
0.446601941748
0.454545454545
0.446808510638
0.472727272727
0.429906542056
0.4
0.418181818182
0.432989690722
0.432989690722
0.454545454545
0.430107526882
0.4375
0.417391304348
0.411214953271
0.429906542056
0.449438202247
0.421052631579
0.451612903226
0.46
0.428571428571
0.43137254902
0.44
0.464646464646
0.444444444444
0.417582417582
0.474226804124
0.412371134021
0.440366972477
0.468085106383
0.433333333333
0.413043478261
0.452830188679
0.46
0.44
0.421052631579
0.45652173913
0.444444444444
0.43137254902
0.458333333333
0.411214953271
0.431034482759
0.43956043956
0.436781609195
0.413793103448
0.475247524752
0.429906542056
0.468468468468
0.466019417476
0.457831325301
0.425925925926
0.455445544554
0.428571428571
0.466666666667
0.429906542056
0.444444444444
0.42
0.469387755102
0.479166666667
0.458333333333
0.435643564356
0.448979591837
0.424242424242
0.446808510638
0.43137254902
0.424242424242
0.436974789916
0.438095238095
0.48275862069
0.461538461538
0.461538461538
0.47311827957
0.449438202247
0.43956043956
0.450980392157
0.453608247423
0.4375
0.461538461538
0.46017699115
0.45
0.419047619048
0.46
0.458333333333
0.43137254902
0.446808510638
0.44
0.453608247423
0.425531914894
0.43956043956
0.424778761062
0.446601941748
0.438095238095
0.477064220183
0.485436893204
0.442105263158
0.450980392157
0.408163265306
0.435643564356
0.45652173913
0.451612903226
0.452830188679
0.448275862069
0.408163265306
0.428571428571
0.468085106383
0.436781609195
0.440366972477
0.403846153846
0.454545454545
0.446808510638
0.419047619048
0.438095238095
0.450980392157
0.463157894737
0.429906542056
0.422018348624
0.450980392157
0.42735042735
0.385964912281
0.468085106383
0.422018348624
0.427184466019
0.423076923077
0.440366972477
0.42735042735
0.442307692308
0.464646464646
0.455445544554
0.471698113208
0.521739130435
0.471698113208
0.463157894737
0.52380952381
0.448275862069
0.471698113208
0.444444444444
0.477064220183
0.489795918367
0.454545454545
0.433333333333
0.45045045045
0.431034482759
0.428571428571
0.415841584158
0.454545454545
0.427184466019
0.44
0.406779661017
0.44
0.43137254902
0.47619047619
0.464646464646
