0.656790123457
0.744394618834
0.8
0.823529411765
0.814655172414
0.816239316239
0.813704496788
0.828973843058
0.823770491803
0.813008130081
0.823770491803
0.812749003984
0.818363273453
0.825147347741
0.822810590631
0.813492063492
0.826612903226
0.819085487078
0.813627254509
0.821576763485
0.826771653543
0.815261044177
0.810379241517
0.817813765182
0.800744878957
0.820618556701
0.821643286573
0.819801980198
0.822134387352
0.822355289421
0.81746031746
0.818003913894
0.807619047619
0.814960629921
0.805293005671
0.808510638298
0.805394990366
0.827586206897
0.806026365348
0.805914972274
0.815261044177
0.824
0.822134387352
0.793233082707
0.81124497992
0.818181818182
0.80303030303
0.811650485437
0.804597701149
0.819672131148
0.824489795918
0.821917808219
0.808905380334
0.809248554913
0.814090019569
0.819801980198
0.808678500986
0.8046875
0.81007751938
0.812030075188
0.810810810811
0.814393939394
0.811650485437
0.79781420765
0.814229249012
0.807476635514
0.818548387097
0.808118081181
0.806818181818
0.815109343936
0.824902723735
0.816247582205
0.79704797048
0.815238095238
0.81640625
0.820224719101
0.82261208577
0.819047619048
0.818532818533
0.810483870968
0.821428571429
0.8
0.818003913894
0.822355289421
0.819607843137
0.816568047337
0.805243445693
0.828125
0.817120622568
0.80608365019
0.801526717557
0.816901408451
0.809980806142
0.814229249012
0.816568047337
0.816666666667
0.814960629921
0.813688212928
0.813953488372
0.813953488372
0.816
0.82
0.821428571429
0.818930041152
0.814229249012
0.811538461538
0.82092555332
0.819607843137
0.821497120921
0.819277108434
0.809980806142
0.807766990291
0.816901408451
0.822355289421
0.818003913894
0.809248554913
0.828793774319
0.812260536398
0.82421875
0.79926335175
0.8
0.821428571429
0.813688212928
0.809701492537
0.812260536398
0.818532818533
0.826883910387
0.822355289421
0.809073724008
0.812854442344
0.80608365019
0.819047619048
0.819230769231
0.813559322034
0.821862348178
0.81746031746
0.823762376238
0.818003913894
0.827160493827
0.82421875
0.811764705882
0.824457593688
0.810916179337
0.818181818182
0.797074954296
0.805447470817
0.825651302605
0.80859375
0.800759013283
0.815573770492
0.798534798535
0.827722772277
0.8
0.813627254509
0.804597701149
0.815841584158
0.827450980392
0.825651302605
0.816247582205
0.817120622568
0.815261044177
0.815533980583
0.823529411765
0.816733067729
0.805194805195
0.815109343936
0.824242424242
0.804554079696
0.822134387352
0.805447470817
0.821862348178
0.795454545455
0.80223880597
0.822580645161
0.81640625
0.819417475728
0.809338521401
0.80694980695
0.812977099237
0.825651302605
0.821862348178
0.81640625
0.809885931559
0.819417475728
0.82546201232
0.799249530957
0.813229571984
0.802946593002
0.81124497992
0.824949698189
0.826883910387
0.803703703704
0.821011673152
0.792660550459
0.804511278195
0.818003913894
0.810606060606
0.804469273743
0.795580110497
0.816955684008
