0.347457627119
0.71826625387
0.677631578947
0.77358490566
0.78125
0.850574712644
0.834319526627
0.817910447761
0.813253012048
0.85878962536
0.783699059561
0.590405904059
0.666666666667
0.736156351792
0.415254237288
0.810975609756
0.75884244373
0.678082191781
0.834319526627
0.704697986577
0.389830508475
0.698305084746
0.420168067227
0.557251908397
0.434426229508
0.783699059561
0.774603174603
0.546153846154
0.448132780083
0.577777777778
0.541984732824
0.675862068966
0.728476821192
0.788643533123
0.505928853755
0.628975265018
0.817910447761
0.592592592593
0.853801169591
0.657342657343
0.785046728972
0.766773162939
0.745098039216
0.729641693811
0.635714285714
0.866855524079
0.689419795222
0.772585669782
0.760383386581
0.75
0.821428571429
0.769716088328
0.7
0.853025936599
0.809667673716
0.873626373626
0.857954545455
0.795180722892
0.785046728972
0.787692307692
0.8611898017
0.752411575563
0.888283378747
0.783699059561
0.865753424658
0.838709677419
0.860398860399
0.865329512894
0.876640419948
0.833333333333
0.843023255814
0.847262247839
0.848837209302
0.834319526627
0.736156351792
0.775
0.847262247839
0.806060606061
0.78527607362
0.876404494382
0.83185840708
0.862068965517
0.874316939891
0.843930635838
0.816816816817
0.814589665653
0.816816816817
0.833333333333
0.852272727273
0.501960784314
0.829411764706
0.850574712644
0.828985507246
0.827380952381
0.884615384615
0.843023255814
0.853801169591
0.891891891892
0.779874213836
0.847058823529
0.816816816817
0.834319526627
0.80487804878
0.862745098039
0.842105263158
0.795031055901
0.769230769231
0.823880597015
0.865329512894
0.848837209302
0.839650145773
0.78125
0.870056497175
0.872521246459
0.885869565217
0.89124668435
0.88471849866
0.882191780822
0.80122324159
0.8
0.813253012048
0.874651810585
0.826347305389
0.812121212121
0.830409356725
0.874316939891
0.837758112094
0.876712328767
0.897849462366
0.711409395973
0.883977900552
0.885333333333
0.828828828829
0.880886426593
0.850574712644
0.896739130435
0.882681564246
0.8
0.865329512894
0.870786516854
0.825301204819
0.864406779661
0.809667673716
0.861971830986
0.832335329341
0.837209302326
0.873949579832
0.860398860399
0.865329512894
0.877777777778
0.881542699725
0.827380952381
0.8611898017
0.860465116279
0.868571428571
0.872521246459
0.859598853868
0.846376811594
0.849710982659
0.881081081081
0.888311688312
0.851428571429
0.888888888889
0.877005347594
0.837758112094
0.876712328767
0.868571428571
0.846376811594
0.877094972067
0.865921787709
0.77358490566
0.80122324159
0.812121212121
0.753164556962
0.85393258427
0.843930635838
0.887052341598
0.820359281437
0.878048780488
0.882978723404
0.888283378747
0.844574780059
0.828828828829
0.829850746269
0.870523415978
0.89709762533
0.85632183908
0.87323943662
0.848137535817
0.872928176796
0.854651162791
0.891364902507
0.853801169591
0.876404494382
0.843930635838
0.840579710145
0.893617021277
0.880222841226
0.879781420765
0.876404494382
