0.411764705882
0.653846153846
0.68085106383
0.530612244898
0.578947368421
0.615384615385
0.63829787234
0.615384615385
0.681818181818
0.68
0.608695652174
0.666666666667
0.654545454545
0.612244897959
0.666666666667
0.631578947368
0.689655172414
0.689655172414
0.689655172414
0.71186440678
0.733333333333
0.72131147541
0.709677419355
0.709677419355
0.733333333333
0.698412698413
0.709677419355
0.709677419355
0.6875
0.6875
0.709677419355
0.709677419355
0.72131147541
0.709677419355
0.709677419355
0.666666666667
0.6875
0.698412698413
0.6875
0.71875
0.676923076923
0.6875
0.688524590164
0.709677419355
0.676923076923
0.698412698413
0.676470588235
0.6875
0.71875
0.666666666667
0.698412698413
0.65671641791
0.6875
0.6875
0.676923076923
0.6875
0.709677419355
0.698412698413
0.676470588235
0.65671641791
0.666666666667
0.698412698413
0.676923076923
0.686567164179
0.647058823529
0.698412698413
0.666666666667
0.686567164179
0.666666666667
0.65671641791
0.676923076923
0.676923076923
0.676923076923
0.65671641791
0.666666666667
0.647887323944
0.666666666667
0.6875
0.666666666667
0.6875
0.666666666667
0.698412698413
0.666666666667
0.698412698413
0.666666666667
0.677419354839
0.6875
0.676923076923
0.676923076923
0.65671641791
0.6875
0.6875
0.6875
0.666666666667
0.676470588235
0.6875
0.6875
0.6875
0.676923076923
0.65671641791
0.666666666667
0.666666666667
0.686567164179
0.676923076923
0.657142857143
0.676470588235
0.657142857143
0.69696969697
0.666666666667
0.666666666667
0.666666666667
0.657142857143
0.63768115942
0.647058823529
0.666666666667
0.676470588235
0.666666666667
0.676923076923
0.676923076923
0.676923076923
0.676923076923
0.6875
0.676923076923
0.677419354839
0.6875
0.666666666667
0.666666666667
0.666666666667
0.666666666667
0.676923076923
0.666666666667
0.65671641791
0.647058823529
0.686567164179
0.666666666667
0.638888888889
0.676470588235
0.647887323944
0.676470588235
0.647058823529
0.676923076923
0.69696969697
0.676923076923
0.647058823529
0.6875
0.657142857143
0.6875
0.666666666667
0.676470588235
0.666666666667
0.676923076923
0.666666666667
0.686567164179
0.657142857143
0.666666666667
0.676470588235
0.630136986301
0.666666666667
0.647058823529
0.698412698413
0.666666666667
0.625
0.63768115942
0.7
0.698412698413
0.6875
0.628571428571
0.647058823529
0.666666666667
0.647058823529
0.6875
0.676470588235
0.647887323944
0.647887323944
0.666666666667
0.657142857143
0.65671641791
0.666666666667
0.686567164179
0.6875
0.686567164179
0.666666666667
0.676923076923
0.676923076923
0.676923076923
0.676923076923
0.676923076923
0.6875
0.666666666667
0.666666666667
0.666666666667
0.666666666667
0.707692307692
0.676470588235
0.666666666667
0.666666666667
0.647058823529
0.666666666667
0.657142857143
0.65671641791
