0.582456140351
0.778409090909
0.640316205534
0.771084337349
0.773006134969
0.777108433735
0.777448071217
0.688888888889
0.77380952381
0.775641025641
0.76582278481
0.738255033557
0.661478599222
0.766666666667
0.76397515528
0.705882352941
0.797507788162
0.786982248521
0.8
0.764705882353
0.777777777778
0.747603833866
0.786786786787
0.762463343109
0.752411575563
0.776758409786
0.769230769231
0.757062146893
0.765363128492
0.762762762763
0.776811594203
0.761627906977
0.756476683938
0.768786127168
0.744047619048
0.752808988764
0.774928774929
0.753541076487
0.766197183099
0.761627906977
0.759002770083
0.768328445748
0.754189944134
0.774373259053
0.750656167979
0.761904761905
0.758620689655
0.738219895288
0.743515850144
0.754189944134
0.765498652291
0.75208913649
0.733509234828
0.75208913649
0.76217765043
0.760330578512
0.737127371274
0.741935483871
0.75
0.740540540541
0.769230769231
0.756164383562
0.73544973545
0.753462603878
0.765714285714
0.759206798867
0.758064516129
0.753541076487
0.754189944134
0.757493188011
0.745308310992
0.761904761905
0.744565217391
0.745762711864
0.756613756614
0.752
0.740157480315
0.744565217391
0.762666666667
0.740540540541
0.731707317073
0.741144414169
0.748663101604
0.748633879781
0.756164383562
0.732095490716
0.741758241758
0.753462603878
0.74801061008
0.750656167979
0.744565217391
0.740740740741
0.736
0.74659400545
0.757396449704
0.771084337349
0.751412429379
0.759643916914
0.746666666667
0.739130434783
0.754189944134
0.742705570292
0.744444444444
0.752688172043
0.741144414169
0.741333333333
0.761904761905
0.758426966292
0.739946380697
0.733509234828
0.770114942529
0.745308310992
0.735751295337
0.726775956284
0.752808988764
0.754820936639
0.752808988764
0.747922437673
0.774725274725
0.749340369393
0.752941176471
0.766081871345
0.755813953488
0.75
0.760479041916
0.751412429379
0.75208913649
0.758064516129
0.75138121547
0.762942779292
0.752186588921
0.74251497006
0.743935309973
0.729658792651
0.75
0.75208913649
0.759643916914
0.752136752137
0.757493188011
0.739495798319
0.764367816092
0.75
0.743801652893
0.754820936639
0.745856353591
0.745308310992
0.752136752137
0.734908136483
0.748603351955
0.747252747253
0.74651810585
0.741514360313
0.737400530504
0.743315508021
0.747875354108
0.753387533875
0.749340369393
0.747774480712
0.757333333333
0.754617414248
0.744680851064
0.743935309973
0.753462603878
0.75138121547
0.75
0.731457800512
0.747875354108
0.742105263158
0.754098360656
0.751322751323
0.752688172043
0.759878419453
0.743315508021
0.765840220386
0.742705570292
0.75138121547
0.743935309973
0.740540540541
0.754385964912
0.755555555556
0.741758241758
0.745762711864
0.745308310992
0.77094972067
0.742268041237
0.762463343109
0.742382271468
0.752747252747
0.754098360656
0.750684931507
0.759206798867
0.759420289855
0.742705570292
0.758807588076
0.746736292428
0.757225433526
0.761111111111
0.756756756757
0.74011299435
0.739361702128
