0.571428571429
0.333333333333
0.8
0.75
0.666666666667
0.75
0.666666666667
0.75
0.8
0.888888888889
0.8
0.666666666667
0.727272727273
0.8
0.75
0.75
0.727272727273
0.727272727273
0.888888888889
0.888888888889
0.8
0.8
0.8
0.888888888889
0.8
0.8
0.8
0.8
0.666666666667
0.8
0.8
0.727272727273
0.8
0.8
0.8
0.8
0.8
0.8
0.8
0.8
0.8
0.8
0.8
0.8
0.727272727273
0.727272727273
0.8
0.8
0.8
0.727272727273
0.8
0.8
0.666666666667
0.8
0.888888888889
0.8
0.8
0.888888888889
0.8
0.727272727273
0.833333333333
0.727272727273
0.727272727273
0.8
0.8
0.727272727273
0.666666666667
0.8
0.8
0.8
0.8
0.8
0.8
0.8
0.8
0.8
0.8
0.8
0.8
0.8
0.8
0.8
0.8
0.666666666667
0.8
0.8
0.8
0.8
0.8
0.8
0.8
0.8
0.727272727273
0.727272727273
0.8
0.8
0.8
0.8
0.8
0.8
0.666666666667
0.909090909091
0.8
0.727272727273
0.8
0.727272727273
0.8
0.8
0.8
0.727272727273
0.8
0.8
0.8
0.8
0.8
0.666666666667
0.666666666667
0.8
0.8
0.666666666667
0.8
0.8
0.8
0.8
0.8
0.8
0.8
0.8
0.666666666667
0.8
0.8
0.727272727273
0.727272727273
0.666666666667
0.8
0.769230769231
0.727272727273
0.727272727273
0.8
0.727272727273
0.8
0.8
0.666666666667
0.666666666667
0.8
0.8
0.8
0.666666666667
0.8
0.8
0.8
0.8
0.8
0.8
0.8
0.8
0.8
0.888888888889
0.727272727273
0.75
0.8
0.888888888889
0.8
0.8
0.727272727273
0.8
0.666666666667
0.8
0.8
0.8
0.666666666667
0.8
0.8
0.8
0.888888888889
0.8
0.8
0.8
0.8
0.8
0.8
0.8
0.8
0.8
0.8
0.8
0.727272727273
0.8
0.8
0.8
0.8
0.727272727273
0.8
0.8
0.666666666667
0.8
0.8
0.666666666667
0.8
0.8
