0.176470588235
0.244897959184
0.1875
0.25641025641
0.228571428571
0.285714285714
0.235294117647
0.285714285714
0.125
0.210526315789
0.235294117647
0.181818181818
0.285714285714
0.181818181818
0.242424242424
0.235294117647
0.242424242424
0.285714285714
0.277777777778
0.277777777778
0.27027027027
0.277777777778
0.27027027027
0.228571428571
0.285714285714
0.25
0.238095238095
0.25
0.263157894737
0.27027027027
0.263157894737
0.292682926829
0.285714285714
0.272727272727
0.238095238095
0.232558139535
0.255319148936
0.243902439024
0.255319148936
0.25
0.279069767442
0.266666666667
0.244897959184
0.25
0.244897959184
0.296296296296
0.301886792453
0.259259259259
0.24
0.301886792453
0.285714285714
0.24
0.24
0.264150943396
0.3
0.266666666667
0.266666666667
0.24
0.327272727273
0.218181818182
0.262295081967
0.233333333333
0.264150943396
0.255319148936
0.25
0.241379310345
0.262295081967
0.25
0.264150943396
0.285714285714
0.274509803922
0.3
0.307692307692
0.321428571429
0.266666666667
0.259259259259
0.222222222222
0.260869565217
0.25
0.275862068966
0.290322580645
0.260869565217
0.290909090909
0.322580645161
0.255319148936
0.271186440678
0.3
0.212765957447
0.25
0.271186440678
0.266666666667
0.34375
0.280701754386
0.244897959184
0.22641509434
0.291666666667
0.230769230769
0.356164383562
0.375
0.3
0.244897959184
0.285714285714
0.264150943396
0.264150943396
0.349206349206
0.264150943396
0.264150943396
0.264150943396
0.301886792453
0.230769230769
0.327272727273
0.264150943396
0.25
0.315789473684
0.235294117647
0.28
0.25
0.235294117647
0.280701754386
0.235294117647
0.285714285714
0.366666666667
0.230769230769
0.222222222222
0.235294117647
0.369230769231
0.285714285714
0.274509803922
0.28
0.280701754386
0.321428571429
0.346153846154
0.313725490196
0.280701754386
0.310344827586
0.307692307692
0.264150943396
0.301886792453
0.269230769231
0.222222222222
0.28
0.338461538462
0.235294117647
0.260869565217
0.244897959184
0.269230769231
0.34375
0.244897959184
0.373333333333
0.25
0.352941176471
0.296296296296
0.310344827586
0.297872340426
0.297872340426
0.347826086957
0.34375
0.333333333333
0.285714285714
0.24
0.296296296296
0.360655737705
0.280701754386
0.235294117647
0.255319148936
0.387096774194
0.315789473684
0.349206349206
0.346153846154
0.24
0.208333333333
0.255319148936
0.28
0.28
0.380952380952
0.244897959184
0.269230769231
0.290909090909
0.290909090909
0.28
0.350877192982
0.24
0.4
0.271186440678
0.315789473684
0.280701754386
0.301886792453
0.360655737705
0.413793103448
0.307692307692
0.412698412698
0.406779661017
0.327272727273
0.375
0.387096774194
0.32
0.387096774194
0.380952380952
0.28
0.269230769231
