0.1
0.272727272727
0.434782608696
0.56
0.105263157895
0.105263157895
0.2
0.0
0.105263157895
0.285714285714
0.285714285714
0.105263157895
0.2
0.2
0.2
0.5
0.285714285714
0.666666666667
0.56
0.538461538462
0.285714285714
0.363636363636
0.434782608696
0.5
0.592592592593
0.592592592593
0.689655172414
0.642857142857
0.689655172414
0.642857142857
0.592592592593
0.592592592593
0.5
0.733333333333
0.689655172414
0.733333333333
0.642857142857
0.689655172414
0.8125
0.642857142857
0.689655172414
0.592592592593
0.642857142857
0.774193548387
0.689655172414
0.733333333333
0.733333333333
0.642857142857
0.592592592593
0.733333333333
0.733333333333
0.774193548387
0.689655172414
0.758620689655
0.733333333333
0.642857142857
0.733333333333
0.733333333333
0.733333333333
0.733333333333
0.774193548387
0.733333333333
0.733333333333
0.774193548387
0.714285714286
0.8125
0.689655172414
0.774193548387
0.774193548387
0.8125
0.838709677419
0.733333333333
0.8125
0.8
0.733333333333
0.689655172414
0.774193548387
0.848484848485
0.8125
0.733333333333
0.774193548387
0.8
0.774193548387
0.733333333333
0.733333333333
0.666666666667
0.714285714286
0.848484848485
0.848484848485
0.733333333333
0.848484848485
0.774193548387
0.8125
0.733333333333
0.774193548387
0.8125
0.848484848485
0.689655172414
0.848484848485
0.848484848485
0.8125
0.8125
0.758620689655
0.8125
0.774193548387
0.774193548387
0.774193548387
0.758620689655
0.8
0.733333333333
0.848484848485
0.689655172414
0.848484848485
0.8
0.733333333333
0.8
0.882352941176
0.882352941176
0.8
0.8125
0.733333333333
0.774193548387
0.848484848485
0.758620689655
0.8125
0.8125
0.689655172414
0.8125
0.774193548387
0.848484848485
0.8125
0.848484848485
0.774193548387
0.8125
0.733333333333
0.774193548387
0.774193548387
0.733333333333
0.689655172414
0.774193548387
0.8125
0.848484848485
0.666666666667
0.733333333333
0.774193548387
0.848484848485
0.774193548387
0.733333333333
0.8125
0.8125
0.882352941176
0.8125
0.848484848485
0.733333333333
0.733333333333
0.848484848485
0.8125
0.8125
0.848484848485
0.733333333333
0.774193548387
0.666666666667
0.8125
0.8125
0.733333333333
0.838709677419
0.8
0.774193548387
0.848484848485
0.774193548387
0.848484848485
0.914285714286
0.642857142857
0.848484848485
0.914285714286
0.774193548387
0.914285714286
0.8125
0.774193548387
0.8
0.8125
0.8125
0.914285714286
0.8125
0.774193548387
0.848484848485
0.774193548387
0.774193548387
0.8125
0.774193548387
0.733333333333
0.914285714286
0.914285714286
0.774193548387
0.8125
0.8125
0.914285714286
0.882352941176
0.848484848485
0.914285714286
