0.14
0.416666666667
0.28
0.422764227642
0.297872340426
0.417391304348
0.476923076923
0.4
0.236559139785
0.197802197802
0.381818181818
0.0975609756098
0.177777777778
0.142857142857
0.0506329113924
0.120481927711
0.0731707317073
0.120481927711
0.075
0.075
0.204545454545
0.075
0.142857142857
0.139534883721
0.0731707317073
0.075
0.166666666667
0.0506329113924
0.164705882353
0.202247191011
0.166666666667
0.121951219512
0.075
0.227272727273
0.252631578947
0.363636363636
0.393442622951
0.236559139785
0.164705882353
0.346153846154
0.0987654320988
0.365384615385
0.466666666667
0.358974358974
0.455172413793
0.36036036036
0.217391304348
0.388888888889
0.260869565217
0.421052631579
0.277227722772
0.296296296296
0.316831683168
0.376068376068
0.363636363636
0.317757009346
0.342342342342
0.342342342342
0.36974789916
0.525547445255
0.26
0.247422680412
0.449612403101
0.4
0.358974358974
0.327272727273
0.339285714286
0.330275229358
0.353982300885
0.314814814815
0.420168067227
0.254901960784
0.324324324324
0.442748091603
0.379310344828
0.429752066116
0.529032258065
0.254901960784
0.393162393162
0.489208633094
0.451127819549
0.458333333333
0.320754716981
0.426229508197
0.434108527132
0.393162393162
0.409836065574
0.352941176471
0.417910447761
0.300884955752
0.387596899225
0.183908045977
0.472440944882
0.350877192982
0.291262135922
0.396694214876
0.383333333333
0.4
0.418604651163
0.403361344538
0.365217391304
0.396694214876
0.365217391304
0.496124031008
0.307692307692
0.423728813559
0.227272727273
0.318584070796
0.451127819549
0.277227722772
0.348623853211
0.425196850394
0.365217391304
0.229166666667
0.489795918367
0.257425742574
0.416666666667
0.449612403101
0.416
0.224489795918
0.288461538462
0.311926605505
0.4
0.396694214876
0.291262135922
0.330275229358
0.444444444444
0.386554621849
0.453125
0.142857142857
0.25
0.432
0.307692307692
0.371681415929
0.474820143885
0.36036036036
0.333333333333
0.233009708738
0.379310344828
0.524137931034
0.434108527132
0.379310344828
0.46875
0.477611940299
0.543209876543
0.342342342342
0.413223140496
0.392857142857
0.393442622951
0.477611940299
0.294117647059
0.314814814815
0.317757009346
0.474074074074
0.421052631579
0.342342342342
0.208333333333
0.150537634409
0.349514563107
0.314814814815
0.304761904762
0.434108527132
0.477611940299
0.4
0.346153846154
0.371681415929
0.469696969697
0.449612403101
0.484375
0.353982300885
0.571428571429
0.336283185841
0.409448818898
0.28
0.368421052632
0.266666666667
0.389830508475
0.453125
0.507246376812
0.40350877193
0.436090225564
0.28
0.357142857143
0.35593220339
0.366972477064
0.368421052632
0.231578947368
0.36036036036
0.294117647059
0.396551724138
0.403225806452
0.274509803922
0.386554621849
0.4375
0.425196850394
0.304761904762
0.330434782609
0.192307692308
0.365217391304
0.416666666667
