0.0707070707071
0.683385579937
0.703703703704
0.745562130178
0.765217391304
0.579505300353
0.53531598513
0.641891891892
0.395061728395
0.34188034188
0.46875
0.646464646465
0.758017492711
0.740298507463
0.526315789474
0.542124542125
0.551470588235
0.78488372093
0.699029126214
0.563176895307
0.743202416918
0.566308243728
0.671009771987
0.762762762763
0.694006309148
0.690553745928
0.725
0.740740740741
0.716510903427
0.767441860465
0.734567901235
0.742331288344
0.6
0.650684931507
0.767371601208
0.677740863787
0.751515151515
0.753799392097
0.74213836478
0.751515151515
0.83152173913
0.840425531915
0.703583061889
0.820512820513
0.823529411765
0.77245508982
0.839050131926
0.788405797101
0.77245508982
0.699029126214
0.8125
0.791907514451
0.8
0.824512534819
0.780346820809
0.697068403909
0.786324786325
0.748466257669
0.762195121951
0.730650154799
0.754491017964
0.791907514451
0.806916426513
0.824797843666
0.796460176991
0.742331288344
0.788571428571
0.817927170868
0.83378746594
0.715189873418
0.703225806452
0.761329305136
0.71974522293
0.717948717949
0.78488372093
0.78488372093
0.749226006192
0.811428571429
0.696774193548
0.78386167147
0.801152737752
0.77380952381
0.783382789318
0.813753581662
0.796561604585
0.828125
0.817438692098
0.775147928994
0.811267605634
0.771428571429
0.790697674419
0.796511627907
0.705128205128
0.771929824561
0.808864265928
0.809523809524
0.779761904762
0.787172011662
0.790697674419
0.817438692098
0.775510204082
0.795518207283
0.779761904762
0.716981132075
0.752293577982
0.770149253731
0.795389048991
0.71746031746
0.777777777778
0.803418803419
0.681818181818
0.770588235294
0.808864265928
0.831578947368
0.765578635015
0.768768768769
0.813753581662
0.771929824561
0.796657381616
0.701639344262
0.770114942529
0.755417956656
0.750750750751
0.782608695652
0.769696969697
0.763636363636
0.790830945559
0.749244712991
0.791666666667
0.723270440252
0.83109919571
0.766871165644
0.707395498392
0.84126984127
0.8
0.817258883249
0.774193548387
0.705501618123
0.765060240964
0.8
0.824742268041
0.699029126214
0.751552795031
0.790697674419
0.816216216216
0.772036474164
0.758409785933
0.782608695652
0.801120448179
0.828337874659
0.782089552239
0.688741721854
0.820105820106
0.802228412256
0.783625730994
0.789317507418
0.767857142857
0.815642458101
0.832
0.808864265928
0.8
0.807799442897
0.716129032258
0.823529411765
0.787356321839
0.805633802817
0.815426997245
0.798882681564
0.776470588235
0.813559322034
0.796561604585
0.776119402985
0.801089918256
0.792134831461
0.811428571429
0.794366197183
0.821621621622
0.795454545455
0.777448071217
0.812324929972
0.823529411765
0.729559748428
0.774928774929
0.789473684211
0.695081967213
0.65306122449
0.673333333333
0.791907514451
0.787172011662
0.71746031746
0.816216216216
0.787172011662
0.78612716763
0.798833819242
0.819944598338
0.767371601208
0.807799442897
0.782608695652
0.797720797721
0.820224719101
