0.107344632768
0.577868852459
0.453514739229
0.653919694073
0.279792746114
0.301020408163
0.229946524064
0.666666666667
0.418823529412
0.528784648188
0.454545454545
0.459090909091
0.493392070485
0.295918367347
0.681818181818
0.516411378556
0.46013667426
0.339901477833
0.394230769231
0.619718309859
0.654970760234
0.647058823529
0.59793814433
0.755793226381
0.69943289225
0.722627737226
0.789830508475
0.778546712803
0.793162393162
0.69943289225
0.741935483871
0.693032015066
0.760070052539
0.854103343465
0.815533980583
0.774305555556
0.787878787879
0.823717948718
0.792517006803
0.765517241379
0.824644549763
0.783050847458
0.869955156951
0.865853658537
0.82428115016
0.863976083707
0.841121495327
0.836702954899
0.763066202091
0.844583987441
0.753521126761
0.774744027304
0.873730043541
0.85145482389
0.864161849711
0.822185970636
0.842923794712
0.853168469861
0.832535885167
0.763066202091
0.818923327896
0.863309352518
0.851330203443
0.826016260163
0.847094801223
0.864306784661
0.842923794712
0.808510638298
0.845801526718
0.851735015773
0.809135399674
0.869198312236
0.866165413534
0.848484848485
0.872463768116
0.835403726708
0.817589576547
0.825806451613
0.843894899536
0.8256
0.820846905537
0.845553822153
0.863033873343
0.814814814815
0.867756315007
0.830963665087
0.816720257235
0.829113924051
0.822784810127
0.84375
0.848392036753
0.863636363636
0.857142857143
0.857142857143
0.857979502196
0.852807283763
0.851515151515
0.861764705882
0.843260188088
0.848024316109
0.867153284672
0.836477987421
0.870967741935
0.865497076023
0.832797427653
0.842767295597
0.811074918567
0.861111111111
0.862629246677
0.859701492537
0.8224
0.830670926518
0.839313572543
0.865800865801
0.860946745562
0.863095238095
0.859195402299
0.863636363636
0.85626911315
0.854070660522
0.851632047478
0.865889212828
0.854572713643
0.852359208524
0.852507374631
0.821256038647
0.850609756098
0.858858858859
0.854545454545
0.828478964401
0.841614906832
0.816993464052
0.833855799373
0.856720827179
0.860946745562
0.861812778603
0.868778280543
0.85626911315
0.868656716418
0.869186046512
0.865979381443
0.86618705036
0.858447488584
0.87072808321
0.87125748503
0.856278366112
0.85754985755
0.860534124629
0.866863905325
0.844236760125
0.859281437126
0.864705882353
0.863636363636
0.854938271605
0.839116719243
0.85046728972
0.851515151515
0.846034214619
0.842923794712
0.855439642325
0.862804878049
0.868421052632
0.856707317073
0.872403560831
0.87106017192
0.873730043541
0.861764705882
0.823529411765
0.86106870229
0.860119047619
0.863157894737
0.859281437126
0.820846905537
0.848297213622
0.856707317073
0.865671641791
0.85145482389
0.870072992701
0.849144634526
0.859216255443
0.843894899536
0.865102639296
0.875722543353
0.87106017192
0.842923794712
0.861491628615
0.874074074074
0.866071428571
0.874626865672
0.865269461078
0.862411347518
0.854227405248
0.866165413534
0.850998463902
0.822006472492
0.862573099415
0.851330203443
0.834890965732
0.841444270016
0.856296296296
