0.245421245421
0.728535353535
0.851731601732
0.718911917098
0.766114180479
0.843612334802
0.769797421731
0.847084708471
0.775559588627
0.485421591805
0.78953626635
0.709294660514
0.816628701595
0.794948887553
0.772976262934
0.808386721025
0.769788519637
0.794100294985
0.82618510158
0.766584766585
0.813657407407
0.803967327888
0.810304449649
0.816303099885
0.794292508918
0.782819116757
0.771586037967
0.788935658449
0.84598459846
0.787658802178
0.862992125984
0.83723522854
0.83087400681
0.844097995546
0.853671421025
0.860612460401
0.85834207765
0.835485682201
0.872518286311
0.840757238307
0.852090032154
0.829241071429
0.837807606264
0.864892528147
0.855909336212
0.849808847624
0.836565096953
0.840628507295
0.83200908059
0.830907054871
0.847033206315
0.847457627119
0.835164835165
0.860341151386
0.840401785714
0.702169625247
0.844761382337
0.868624420402
0.862513426423
0.842502696872
0.852032520325
0.854838709677
0.86188992731
0.844198895028
0.852637302882
0.847475832438
0.853116531165
0.842628382109
0.854266030737
0.864891518738
0.867219917012
0.865062761506
0.812021213907
0.850853054485
0.865515436944
0.860097985846
0.844713656388
0.86794407043
0.86165176223
0.857296715132
0.854821235103
0.855899945623
0.842920353982
0.827546296296
0.843320505772
0.865717192269
0.863324538259
0.854821235103
0.855002675227
0.848881614839
0.822247706422
0.848417545808
0.856992084433
0.864133263925
0.861427094105
0.859002169197
0.870259481038
0.862068965517
0.866321243523
0.863942058976
0.843664289632
0.860976918948
0.854211663067
0.870477189303
0.843386828998
0.86013986014
0.850948509485
0.868835257083
0.855460385439
0.857723577236
0.863893168978
0.856681034483
0.854077253219
0.856240126382
0.866125760649
0.83025210084
0.844978165939
0.86191198786
0.844468784228
0.855620671284
0.846747519294
0.788902291918
0.866974833077
0.847494553377
0.856236786469
0.844198895028
0.847457627119
0.850487540628
0.841873278237
0.84009009009
0.860341151386
0.862087047719
0.837655016911
0.863942058976
0.856989247312
0.854709952102
0.827118644068
0.846441947566
0.856544502618
0.857608695652
0.8581971534
0.868559411146
0.86511627907
0.869341563786
0.87417218543
0.864197530864
0.867293625914
0.854030501089
0.850574712644
0.867983367983
0.846364133406
0.855923159018
0.847931219774
0.851871947911
0.845039018952
0.847033206315
0.860428646106
0.86385477843
0.858927641853
0.854535695115
0.826999432785
0.861228813559
0.845644983462
0.849450549451
0.859391395593
0.846282839575
0.84598459846
0.856836461126
0.858216970999
0.85393258427
0.870010235415
0.860305745915
0.859893048128
0.864107883817
0.86195995785
0.849780701754
0.869654817105
0.846876727474
0.851669403394
0.851453175457
0.841234840132
0.848616386327
0.849480021894
0.82264586944
0.85233441911
0.855909336212
0.852494577007
0.868707836015
0.83595505618
0.843575418994
0.848616386327
0.864389233954
0.846023688663
0.871087533156
0.867046042421
0.862179487179
0.865927419355
0.861696658098
0.872524123921
0.859762675297
