0.046875
0.525773195876
0.616113744076
0.611872146119
0.622641509434
0.516483516484
0.541666666667
0.335403726708
0.426035502959
0.561224489796
0.578680203046
0.488888888889
0.508287292818
0.475675675676
0.432748538012
0.614634146341
0.666666666667
0.40243902439
0.491803278689
0.701298701299
0.690582959641
0.699115044248
0.698689956332
0.732510288066
0.710526315789
0.690909090909
0.723577235772
0.747081712062
0.722222222222
0.740740740741
0.727941176471
0.744360902256
0.72373540856
0.761904761905
0.732075471698
0.7
0.756183745583
0.753623188406
0.750830564784
0.757142857143
0.745762711864
0.753731343284
0.753623188406
0.753424657534
0.77133105802
0.774193548387
0.755395683453
0.758865248227
0.735395189003
0.767025089606
0.77508650519
0.730769230769
0.759856630824
0.766423357664
0.742424242424
0.757352941176
0.733333333333
0.758122743682
0.744680851064
0.739926739927
0.742857142857
0.740458015267
0.753731343284
0.757142857143
0.763636363636
0.771929824561
0.770833333333
0.758865248227
0.760563380282
0.752851711027
0.753521126761
0.757894736842
0.752613240418
0.748251748252
0.763888888889
0.755395683453
0.75
0.770318021201
0.763888888889
0.742857142857
0.749063670412
0.757894736842
0.771428571429
0.759581881533
0.739436619718
0.77304964539
0.759581881533
0.766666666667
0.773722627737
0.748201438849
0.77397260274
0.730038022814
0.772563176895
0.772881355932
0.771428571429
0.764705882353
0.752411575563
0.749116607774
0.768166089965
0.767676767677
0.764705882353
0.760869565217
0.760655737705
0.767605633803
0.762214983713
0.750957854406
0.753424657534
0.742647058824
0.768707482993
0.753424657534
0.761904761905
0.757142857143
0.767123287671
0.760942760943
0.769784172662
0.769230769231
0.769230769231
0.738805970149
0.76821192053
0.763157894737
0.749140893471
0.758865248227
0.762589928058
0.774647887324
0.775510204082
0.752613240418
0.770318021201
0.774834437086
0.766666666667
0.777027027027
0.75092936803
0.752767527675
0.766423357664
0.775510204082
0.76124567474
0.79020979021
0.77304964539
0.754578754579
0.769230769231
0.77133105802
0.749140893471
0.766101694915
0.759856630824
0.75
0.769230769231
0.765676567657
0.752411575563
0.766423357664
0.763513513514
0.758122743682
0.762589928058
0.779310344828
0.751824817518
0.765957446809
0.759856630824
0.768683274021
0.786206896552
0.766666666667
0.763250883392
0.753521126761
0.767025089606
0.777777777778
0.766550522648
0.77027027027
0.759398496241
0.776632302405
0.759398496241
0.767025089606
0.755244755245
0.754325259516
0.757142857143
0.741818181818
0.77027027027
0.765100671141
0.758122743682
0.767676767677
0.767213114754
0.770318021201
0.762886597938
0.749090909091
0.760869565217
0.77508650519
0.758865248227
0.766423357664
0.763888888889
0.752542372881
0.759856630824
0.769759450172
0.769230769231
0.777027027027
0.763250883392
0.766666666667
0.763888888889
0.755555555556
0.776632302405
0.777408637874
0.772413793103
0.764119601329
0.760942760943
0.748251748252
