0.0652173913043
0.266666666667
0.47619047619
0.532467532468
0.485294117647
0.426229508197
0.389830508475
0.474074074074
0.484848484848
0.386554621849
0.552631578947
0.551724137931
0.531468531469
0.470588235294
0.460317460317
0.585034013605
0.557142857143
0.571428571429
0.44262295082
0.575163398693
0.591194968553
0.621468926554
0.6375
0.575342465753
0.680412371134
0.621468926554
0.63687150838
0.611764705882
0.686868686869
0.662921348315
0.658385093168
0.632768361582
0.644444444444
0.71568627451
0.683937823834
0.717703349282
0.722466960352
0.712195121951
0.683937823834
0.701923076923
0.707547169811
0.708133971292
0.725490196078
0.743362831858
0.729857819905
0.72380952381
0.717703349282
0.748898678414
0.741379310345
0.733031674208
0.732142857143
0.728110599078
0.733944954128
0.754545454545
0.722222222222
0.752212389381
0.747747747748
0.7533632287
0.735426008969
0.757709251101
0.747747747748
0.747747747748
0.757281553398
0.7533632287
0.736842105263
0.734513274336
0.736842105263
0.725581395349
0.745614035088
0.742358078603
0.757709251101
0.754385964912
0.762331838565
0.741379310345
0.755555555556
0.714285714286
0.73127753304
0.757709251101
0.757281553398
0.762331838565
0.770642201835
0.753488372093
0.742358078603
0.733624454148
0.75799086758
0.755555555556
0.742358078603
0.751091703057
0.748898678414
0.745614035088
0.735042735043
0.757709251101
0.756756756757
0.731914893617
0.741379310345
0.741379310345
0.741379310345
0.744394618834
0.738197424893
0.751091703057
0.746666666667
0.742358078603
0.748898678414
0.747826086957
0.752293577982
0.758928571429
0.747826086957
0.735042735043
0.744588744589
0.744588744589
0.754385964912
0.751091703057
0.754385964912
0.757009345794
0.748898678414
0.742358078603
0.751091703057
0.744588744589
0.75
0.760180995475
0.731914893617
0.758928571429
0.741379310345
0.752212389381
0.741379310345
0.739130434783
0.744588744589
0.751091703057
0.735042735043
0.747826086957
0.746666666667
0.739130434783
0.747826086957
0.742358078603
0.741379310345
0.757709251101
0.741379310345
0.741379310345
0.741379310345
0.748898678414
0.744588744589
0.738197424893
0.751091703057
0.75
0.75
0.741379310345
0.738197424893
0.738197424893
0.757709251101
0.738197424893
0.752212389381
0.726368159204
0.747826086957
0.744588744589
0.75
0.752212389381
0.759259259259
0.763636363636
0.741379310345
0.751091703057
0.748898678414
0.752212389381
0.741379310345
0.746666666667
0.755555555556
0.741379310345
0.747747747748
0.7533632287
0.738197424893
0.755555555556
0.742358078603
0.75799086758
0.75
0.744588744589
0.752212389381
0.751091703057
0.744588744589
0.744588744589
0.764444444444
0.741379310345
0.754385964912
0.745614035088
0.743362831858
0.739130434783
0.757009345794
0.739130434783
0.751091703057
0.744588744589
0.748898678414
0.745614035088
0.738197424893
0.747826086957
0.751091703057
0.758928571429
0.744588744589
0.741379310345
0.73275862069
0.741379310345
0.745614035088
0.745614035088
