0.587252015145
0.740582261604
0.745258003138
0.745572265135
0.723622991472
0.739819627283
0.743479725229
0.746955832301
0.730226652559
0.714666364572
0.74154418544
0.732587500371
0.749435491799
0.739631855376
0.748132460632
0.753486548539
0.757253940563
0.758020414087
0.768479536178
0.754402489199
0.771649030572
0.771238933935
0.769782596429
0.792272208769
0.779003633863
0.791382968018
0.788838100246
0.793598158812
0.801217172637
0.789734903063
0.808483765118
0.803704568709
0.799607557877
0.812630569243
0.810997861099
0.816118135753
0.818892977575
0.814378278955
0.824492367258
0.814152027768
0.828708189775
0.820920425547
0.821054477703
0.828213659766
0.825093987751
0.826937473933
0.825051872862
0.825197413541
0.820981707363
0.821916756781
0.830057175033
0.825040355254
0.827673233836
0.828991738152
0.828305684288
0.808947436082
0.830800584257
0.83950431823
0.83373251345
0.814297510277
0.826136360331
0.830175870379
0.835503171123
0.833349233061
0.831095766581
0.832613414988
0.835269386955
0.827313075917
0.833379975766
0.833583017229
0.830750849133
0.833901205684
0.824986606418
0.830838976282
0.834610207509
0.833287980329
0.83124901475
0.833625306627
0.831379314958
0.836745007728
0.834188564179
0.831229935077
0.838519475518
0.828803849906
0.833253543846
0.839243717814
0.835215754459
0.835499361005
0.833073275834
0.82605186879
0.824208498947
0.83209224324
0.836603131742
0.836691229807
0.841512628359
0.839623188085
0.839814741025
0.840481686131
0.837810299184
0.839044370129
0.831674410028
0.838634389831
0.832716869863
0.842263832327
0.829846280656
0.836093390347
0.827443376125
0.833575280654
0.835717701109
0.838343017625
0.835510820443
0.834886106566
0.834671431156
0.838680343923
0.8459775046
0.836070326047
0.84064264179
0.838412006932
0.835043281192
0.832693892818
0.837036118171
0.830697158467
0.837653153643
0.837994290059
0.839136510991
0.83580984197
0.839397053238
0.838216702044
0.840853477998
0.82566117176
0.840048612448
0.840845712338
0.829616306606
0.843076289027
0.841251969773
0.837998042007
0.832747408975
0.827401057642
0.839489048675
0.843264148189
0.840838063018
0.840408741283
0.838346885912
0.842271394393
0.841995437166
0.839761021274
0.842302078928
0.835936157552
0.838787608916
0.843900263334
0.83739633426
0.832057661332
0.83648798475
0.83763407397
0.834276749498
0.832214748704
0.839274431434
0.84094550252
0.841087116741
0.837285288234
0.837124332575
0.841435931562
0.836932663296
0.838488703728
0.840228647781
0.83897165796
0.839856943169
0.83960780219
0.842317493908
0.839615422426
0.836346283274
0.835100781976
0.835809667461
0.836338575784
0.840910862442
0.836035831394
0.8441532726
0.841378459863
0.838511709859
0.838205068096
0.83991060475
0.836445928031
0.838239533665
0.828761589593
0.836484232802
0.834207731107
0.830555253396
0.841389948386
0.834732800227
0.837396421514
0.837821758622
0.840841873135
0.84012528016
0.841834481507
0.841056432206
0.840431805583
0.842597144913
0.839906707378
0.842708278193
0.844524919042
