0.258064516129
0.644628099174
0.65306122449
0.784172661871
0.380487804878
0.188888888889
0.488479262673
0.0941176470588
0.37
0.384236453202
0.178770949721
0.236559139785
0.331658291457
0.390243902439
0.239130434783
0.284210526316
0.188888888889
0.366336633663
0.307692307692
0.348258706468
0.481818181818
0.36
0.460093896714
0.470046082949
0.636734693878
0.631147540984
0.554112554113
0.502242152466
0.628571428571
0.747252747253
0.664031620553
0.513513513514
0.590717299578
0.765342960289
0.763636363636
0.780141843972
0.780141843972
0.576271186441
0.777385159011
0.666666666667
0.794326241135
0.725190839695
0.769784172662
0.684824902724
0.766423357664
0.709923664122
0.770909090909
0.775800711744
0.781362007168
0.666666666667
0.742647058824
0.75
0.685039370079
0.6796875
0.709923664122
0.798611111111
0.742647058824
0.794425087108
0.765342960289
0.787456445993
0.775800711744
0.745387453875
0.785714285714
0.746268656716
0.751824817518
0.775800711744
0.751824817518
0.769784172662
0.716981132075
0.765342960289
0.774193548387
0.8
0.813793103448
0.833898305085
0.776978417266
0.712643678161
0.745387453875
0.753623188406
0.832764505119
0.833898305085
0.813793103448
0.774193548387
0.8125
0.791519434629
0.748148148148
0.802816901408
0.768115942029
0.791666666667
0.765342960289
0.844884488449
0.716981132075
0.809688581315
0.794425087108
0.801393728223
0.835526315789
0.847896440129
0.804195804196
0.825503355705
0.85993485342
0.797202797203
0.787234042553
0.813559322034
0.781690140845
0.831168831169
0.771428571429
0.808219178082
0.821917808219
0.780141843972
0.785714285714
0.816326530612
0.734082397004
0.863492063492
0.75
0.759124087591
0.854368932039
0.848484848485
0.831683168317
0.848684210526
0.8
0.820689655172
0.858064516129
0.809688581315
0.846905537459
0.817869415808
0.883280757098
0.85993485342
0.806896551724
0.774193548387
0.854304635762
0.794425087108
0.810996563574
0.797202797203
0.68992248062
0.851351351351
0.776223776224
0.795774647887
0.778571428571
0.797202797203
0.78445229682
0.727272727273
0.880503144654
0.862619808307
0.845637583893
0.808219178082
0.80276816609
0.798611111111
0.846905537459
0.763636363636
0.82
0.794425087108
0.790035587189
0.762589928058
0.782918149466
0.729323308271
0.808362369338
0.78445229682
0.798611111111
0.85049833887
0.843137254902
0.763636363636
0.860841423948
0.817869415808
0.801393728223
0.738805970149
0.653386454183
0.825503355705
0.785714285714
0.8625
0.828282828283
0.840390879479
0.817567567568
0.861635220126
0.831081081081
0.845637583893
0.829431438127
0.858974358974
0.832764505119
0.851612903226
0.780141843972
0.757352941176
0.850649350649
0.838283828383
0.820338983051
0.758122743682
0.856230031949
0.754578754579
0.844155844156
0.858064516129
0.794425087108
0.828282828283
0.785714285714
0.849840255591
0.832786885246
0.754578754579
0.84142394822
0.801393728223
0.835016835017
0.863636363636
0.824324324324
0.824742268041
