0.0769230769231
0.536585365854
0.484848484848
0.4375
0.411764705882
0.148148148148
0.333333333333
0.206896551724
0.125
0.4
0.214285714286
0.176470588235
0.193548387097
0.0645161290323
0.121212121212
0.0
0.0689655172414
0.25
0.0
0.0
0.2
0.142857142857
0.424242424242
0.148148148148
0.0714285714286
0.214285714286
0.137931034483
0.333333333333
0.275862068966
0.275862068966
0.375
0.142857142857
0.484848484848
0.333333333333
0.526315789474
0.388888888889
0.375
0.352941176471
0.564102564103
0.5
0.322580645161
0.275862068966
0.457142857143
0.514285714286
0.457142857143
0.457142857143
0.363636363636
0.470588235294
0.540540540541
0.444444444444
0.4
0.526315789474
0.486486486486
0.512820512821
0.5
0.258064516129
0.470588235294
0.512820512821
0.457142857143
0.457142857143
0.526315789474
0.526315789474
0.5
0.540540540541
0.540540540541
0.5
0.411764705882
0.363636363636
0.5
0.411764705882
0.411764705882
0.363636363636
0.457142857143
0.457142857143
0.258064516129
0.375
0.457142857143
0.411764705882
0.142857142857
0.540540540541
0.457142857143
0.540540540541
0.5
0.470588235294
0.526315789474
0.514285714286
0.619047619048
0.615384615385
0.411764705882
0.411764705882
0.486486486486
0.411764705882
0.148148148148
0.3125
0.457142857143
0.275862068966
0.387096774194
0.5
0.526315789474
0.411764705882
0.30303030303
0.526315789474
0.536585365854
0.411764705882
0.512820512821
0.5
0.512820512821
0.2
0.444444444444
0.526315789474
0.526315789474
0.486486486486
0.512820512821
0.457142857143
0.5
0.30303030303
0.411764705882
0.444444444444
0.5
0.514285714286
0.540540540541
0.564102564103
0.486486486486
0.526315789474
0.486486486486
0.5
0.486486486486
0.486486486486
0.540540540541
0.564102564103
0.512820512821
0.486486486486
0.55
0.5
0.585365853659
0.526315789474
0.444444444444
0.352941176471
0.5
0.5
0.444444444444
0.55
0.512820512821
0.526315789474
0.473684210526
0.5
0.526315789474
0.444444444444
0.4
0.5
0.4
0.457142857143
0.486486486486
0.486486486486
0.486486486486
0.526315789474
0.512820512821
0.444444444444
0.6
0.473684210526
0.571428571429
0.526315789474
0.352941176471
0.512820512821
0.473684210526
0.444444444444
0.526315789474
0.526315789474
0.55
0.461538461538
0.411764705882
0.486486486486
0.52380952381
0.578947368421
0.5
0.444444444444
0.590909090909
0.473684210526
0.473684210526
0.512820512821
0.2
0.512820512821
0.444444444444
0.486486486486
0.47619047619
0.5
0.486486486486
0.526315789474
0.55
0.473684210526
0.473684210526
0.486486486486
0.526315789474
0.526315789474
0.444444444444
0.571428571429
0.444444444444
0.512820512821
0.55
0.473684210526
