0.0645161290323
0.571428571429
0.0689655172414
0.363636363636
0.0714285714286
0.0740740740741
0.0714285714286
0.0714285714286
0.0689655172414
0.333333333333
0.324324324324
0.324324324324
0.307692307692
0.242424242424
0.521739130435
0.285714285714
0.553191489362
0.577777777778
0.571428571429
0.228571428571
0.428571428571
0.35
0.368421052632
0.277777777778
0.27027027027
0.571428571429
0.612244897959
0.358974358974
0.45
0.487804878049
0.121212121212
0.35
0.418604651163
0.47619047619
0.625
0.558139534884
0.565217391304
0.541666666667
0.571428571429
0.583333333333
0.358974358974
0.418604651163
0.565217391304
0.4
0.3
0.390243902439
0.434782608696
0.444444444444
0.488888888889
0.5
0.642857142857
0.555555555556
0.553191489362
0.612244897959
0.368421052632
0.46511627907
0.581818181818
0.545454545455
0.566037735849
0.428571428571
0.418604651163
0.444444444444
0.409090909091
0.509803921569
0.46511627907
0.390243902439
0.510638297872
0.4
0.595744680851
0.47619047619
0.521739130435
0.489795918367
0.603773584906
0.608695652174
0.577777777778
0.511627906977
0.641509433962
0.588235294118
0.545454545455
0.533333333333
0.622950819672
0.583333333333
0.666666666667
0.390243902439
0.45
0.608695652174
0.553191489362
0.444444444444
0.6
0.315789473684
0.603773584906
0.409090909091
0.655172413793
0.642857142857
0.549019607843
0.428571428571
0.444444444444
0.35
0.541666666667
0.571428571429
0.618181818182
0.588235294118
0.5
0.46511627907
0.5
0.627450980392
0.541666666667
0.610169491525
0.666666666667
0.410256410256
0.521739130435
0.538461538462
0.454545454545
0.576923076923
0.52
0.418604651163
0.549019607843
0.627450980392
0.592592592593
0.5
0.390243902439
0.510638297872
0.565217391304
0.677966101695
0.530612244898
0.5
0.581818181818
0.390243902439
0.541666666667
0.285714285714
0.588235294118
0.549019607843
0.4
0.27027027027
0.553191489362
0.372093023256
0.277777777778
0.428571428571
0.439024390244
0.409090909091
0.409090909091
0.45
0.595744680851
0.46511627907
0.410256410256
0.541666666667
0.553191489362
0.555555555556
0.538461538462
0.541666666667
0.468085106383
0.478260869565
0.46511627907
0.448979591837
0.418604651163
0.541666666667
0.566037735849
0.56
0.454545454545
0.56
0.633333333333
0.59649122807
0.655737704918
0.52
0.488888888889
0.603773584906
0.418604651163
0.481481481481
0.646153846154
0.5
0.390243902439
0.409090909091
0.64406779661
0.35
0.458333333333
0.478260869565
0.62962962963
0.35
0.592592592593
0.653846153846
0.372093023256
0.341463414634
0.603773584906
0.571428571429
0.576923076923
0.545454545455
0.566037735849
0.592592592593
0.576923076923
0.56
0.510638297872
0.634920634921
0.581818181818
0.458333333333
0.633333333333
0.418604651163
0.390243902439
0.434782608696
0.418604651163
0.489795918367
