0.333333333333
0.694444444444
0.739726027397
0.727272727273
0.755555555556
0.6875
0.762886597938
0.755555555556
0.729411764706
0.69387755102
0.73786407767
0.79012345679
0.735632183908
0.75
0.717391304348
0.723404255319
0.760869565217
0.739130434783
0.774193548387
0.711111111111
0.727272727273
0.755555555556
0.76404494382
0.757894736842
0.736842105263
0.729166666667
0.723404255319
0.742268041237
0.717391304348
0.747252747253
0.733333333333
0.735632183908
0.734693877551
0.755555555556
0.752941176471
0.752475247525
0.727272727273
0.760869565217
0.725274725275
0.734693877551
0.747474747475
0.698113207547
0.72
0.747252747253
0.738095238095
0.755555555556
0.731182795699
0.736842105263
0.755102040816
0.74
0.715789473684
0.744680851064
0.744680851064
0.721649484536
0.723404255319
0.723404255319
0.710280373832
0.719101123596
0.703703703704
0.714285714286
0.725490196078
0.721649484536
0.723404255319
0.744680851064
0.745098039216
0.730769230769
0.723404255319
0.732673267327
0.718446601942
0.757894736842
0.716981132075
0.717391304348
0.725274725275
0.744680851064
0.745098039216
0.770833333333
0.747474747475
0.74
0.725490196078
0.712871287129
0.725490196078
0.710280373832
0.72380952381
0.727272727273
0.732673267327
0.74
0.72380952381
0.736842105263
0.712871287129
0.716981132075
0.716981132075
0.74
0.744680851064
0.755102040816
0.691588785047
0.732673267327
0.747474747475
0.725274725275
0.755555555556
0.734693877551
0.734693877551
0.744680851064
0.730769230769
0.697247706422
0.685185185185
0.74
0.72380952381
0.72380952381
0.718446601942
0.732673267327
0.727272727273
0.712871287129
0.744186046512
0.703703703704
0.760869565217
0.747252747253
0.747474747475
0.75
0.758620689655
0.739130434783
0.704761904762
0.688888888889
0.752688172043
0.730769230769
0.735632183908
0.725490196078
0.727272727273
0.747252747253
0.742268041237
0.721649484536
0.715789473684
0.74
0.707070707071
0.760869565217
0.704761904762
0.752475247525
0.752688172043
0.714285714286
0.714285714286
0.72380952381
0.75
0.711538461538
0.721649484536
0.785714285714
0.74
0.730769230769
0.757894736842
0.730769230769
0.74
0.741573033708
0.75
0.747252747253
0.736842105263
0.744680851064
0.732673267327
0.704761904762
0.760869565217
0.752475247525
0.747474747475
0.717391304348
0.703703703704
0.735632183908
0.75
0.747474747475
0.718446601942
0.734693877551
0.725490196078
0.715789473684
0.725490196078
0.72380952381
0.770833333333
0.762886597938
0.744680851064
0.730769230769
0.730769230769
0.730769230769
0.742268041237
0.72380952381
0.757894736842
0.762886597938
0.729166666667
0.72380952381
0.747474747475
0.777777777778
0.72
0.745098039216
0.755102040816
0.733333333333
0.708333333333
0.739130434783
0.744680851064
0.765957446809
0.73786407767
0.774193548387
0.767676767677
0.76
0.710280373832
0.741573033708
0.755555555556
0.762886597938
