0.179401993355
0.784
0.556390977444
0.735483870968
0.545918367347
0.60663507109
0.609112709832
0.652873563218
0.646788990826
0.727659574468
0.708695652174
0.696035242291
0.614285714286
0.599520383693
0.722222222222
0.748953974895
0.741052631579
0.68018018018
0.74739039666
0.738853503185
0.748440748441
0.723768736617
0.718279569892
0.811650485437
0.778904665314
0.792079207921
0.770791075051
0.813229571984
0.776237623762
0.808510638298
0.796992481203
0.803846153846
0.797642436149
0.807619047619
0.798418972332
0.809160305344
0.807692307692
0.80694980695
0.79684418146
0.803118908382
0.8046875
0.8
0.806201550388
0.788118811881
0.81884057971
0.828358208955
0.807766990291
0.811650485437
0.808823529412
0.814678899083
0.820809248555
0.801556420233
0.815094339623
0.810810810811
0.812030075188
0.816635160681
0.817679558011
0.80608365019
0.809248554913
0.803149606299
0.820037105751
0.825095057034
0.796078431373
0.822641509434
0.807766990291
0.817490494297
0.829906542056
0.823747680891
0.83179297597
0.815939278937
0.813688212928
0.805500982318
0.82156133829
0.81007751938
0.793713163065
0.825278810409
0.822179732314
0.82797731569
0.818355640535
0.822641509434
0.818355640535
0.817325800377
0.827956989247
0.823529411765
0.818532818533
0.829268292683
0.803921568627
0.81679389313
0.819734345351
0.830188679245
0.824196597353
0.827067669173
0.822857142857
0.792828685259
0.810810810811
0.813102119461
0.81954887218
0.825278810409
0.807766990291
0.832727272727
0.822641509434
0.824858757062
0.813688212928
0.811538461538
0.826086956522
0.805447470817
0.784
0.819734345351
0.82745825603
0.829357798165
0.820702402957
0.822429906542
0.823308270677
0.832089552239
0.832432432432
0.828729281768
0.828996282528
0.789682539683
0.829906542056
0.83615819209
0.819188191882
0.822222222222
0.812615955473
0.829443447038
0.818181818182
0.834586466165
0.80701754386
0.82797731569
0.813953488372
0.826568265683
0.828729281768
0.825
0.828625235405
0.819230769231
0.827324478178
0.835443037975
0.827708703375
0.820809248555
0.817829457364
0.817490494297
0.819230769231
0.828096118299
0.826666666667
0.813229571984
0.820610687023
0.830258302583
0.835820895522
0.825278810409
0.809338521401
0.826815642458
0.824372759857
0.822857142857
0.81954887218
0.834879406308
0.817658349328
0.805500982318
0.831460674157
0.822857142857
0.837037037037
0.825
0.838827838828
0.82797731569
0.828358208955
0.830258302583
0.824196597353
0.830188679245
0.822641509434
0.815384615385
0.827715355805
0.823529411765
0.816479400749
0.819923371648
0.805447470817
0.836363636364
0.828096118299
0.817679558011
0.820702402957
0.834879406308
0.833020637899
0.81007751938
0.820224719101
0.819230769231
0.815498154982
0.81425891182
0.823091247672
0.82641509434
0.825046040516
0.817829457364
0.812144212524
0.811428571429
0.816091954023
0.837887067395
0.813953488372
0.824427480916
0.828096118299
0.81679389313
0.837037037037
0.824196597353
0.786290322581
0.825046040516
