0.0380952380952
0.136752136752
0.646464646465
0.342465753425
0.55737704918
0.457142857143
0.558375634518
0.574162679426
0.497297297297
0.60396039604
0.502793296089
0.565656565657
0.598130841121
0.520710059172
0.627272727273
0.591928251121
0.658436213992
0.584905660377
0.607929515419
0.652719665272
0.627118644068
0.587719298246
0.652719665272
0.642570281124
0.680497925311
0.634782608696
0.637931034483
0.642857142857
0.661417322835
0.63963963964
0.619469026549
0.663967611336
0.647058823529
0.664
0.634782608696
0.672
0.669421487603
0.649572649573
0.669260700389
0.658536585366
0.655601659751
0.664092664093
0.672064777328
0.672
0.664
0.677824267782
0.66393442623
0.669387755102
0.647058823529
0.681992337165
0.679389312977
0.6640625
0.655601659751
0.671875
0.66393442623
0.65873015873
0.674603174603
0.661157024793
0.666666666667
0.664
0.664092664093
0.672268907563
0.644628099174
0.671875
0.664
0.661290322581
0.669291338583
0.684824902724
0.663967611336
0.64135021097
0.637931034483
0.666666666667
0.661157024793
0.656488549618
0.649789029536
0.669230769231
0.652542372881
0.671755725191
0.674897119342
0.663900414938
0.658914728682
0.661087866109
0.64347826087
0.674698795181
0.640692640693
0.661354581673
0.679389312977
0.674509803922
0.649789029536
0.664
0.622406639004
0.66935483871
0.666666666667
0.663967611336
0.671755725191
0.674418604651
0.664031620553
0.674329501916
0.658914728682
0.666666666667
0.669201520913
0.671875
0.664
0.666666666667
0.642570281124
0.655601659751
0.669230769231
0.661354581673
0.637096774194
0.647302904564
0.645161290323
0.661157024793
0.656
0.65
0.6875
0.666666666667
0.666666666667
0.636363636364
0.679245283019
0.644897959184
0.650602409639
0.669291338583
0.656
0.650793650794
0.661157024793
0.661354581673
0.647302904564
0.669322709163
0.681992337165
0.648
0.666666666667
0.669260700389
0.659090909091
0.658634538153
0.677165354331
0.683636363636
0.666666666667
0.666666666667
0.689393939394
0.655870445344
0.671875
0.666666666667
0.672
0.65625
0.658823529412
0.676923076923
0.664092664093
0.666666666667
0.655737704918
0.661478599222
0.674329501916
0.669230769231
0.658333333333
0.664092664093
0.650980392157
0.636734693878
0.648
0.684615384615
0.671698113208
0.648648648649
0.669172932331
0.6640625
0.664122137405
0.650793650794
0.676923076923
0.669230769231
0.658914728682
0.679245283019
0.674509803922
0.664092664093
0.666666666667
0.674157303371
0.658333333333
0.642857142857
0.671698113208
0.655737704918
0.633744855967
0.671755725191
0.658914728682
0.655870445344
0.656126482213
0.671641791045
0.653846153846
0.664179104478
0.661596958175
0.666666666667
0.655737704918
0.648221343874
0.651162790698
0.671641791045
0.653696498054
0.661596958175
0.645914396887
0.684210526316
0.689393939394
0.681818181818
0.666666666667
0.661538461538
0.671875
0.681481481481
