0.435643564356
0.765151515152
0.851211072664
0.894039735099
0.920127795527
0.902597402597
0.932098765432
0.914285714286
0.921630094044
0.928348909657
0.924528301887
0.913183279743
0.926984126984
0.929487179487
0.923076923077
0.932098765432
0.933753943218
0.919093851133
0.915032679739
0.918566775244
0.890365448505
0.909677419355
0.926517571885
0.916666666667
0.923566878981
0.908517350158
0.929487179487
0.923076923077
0.923076923077
0.916666666667
0.924528301887
0.926984126984
0.923566878981
0.916666666667
0.924528301887
0.918566775244
0.912052117264
0.883720930233
0.901960784314
0.888157894737
0.926984126984
0.915032679739
0.929032258065
0.923076923077
0.926045016077
0.901315789474
0.906666666667
0.922580645161
0.915584415584
0.907284768212
0.932038834951
0.907284768212
0.907284768212
0.916129032258
0.907284768212
0.929487179487
0.922077922078
0.916129032258
0.91961414791
0.897009966777
0.915584415584
0.915584415584
0.924050632911
0.929487179487
0.924528301887
0.890410958904
0.897959183673
0.882154882155
0.922580645161
0.901960784314
0.89932885906
0.910256410256
0.915584415584
0.897009966777
0.914473684211
0.917491749175
0.915032679739
0.913183279743
0.909090909091
0.911475409836
0.917197452229
0.920127795527
0.905537459283
0.923566878981
0.912052117264
0.897959183673
0.894039735099
0.899676375405
0.902597402597
0.900662251656
0.910891089109
0.922077922078
0.919093851133
0.915032679739
0.925465838509
0.920127795527
0.913183279743
0.927444794953
0.910891089109
0.905537459283
0.90365448505
0.910891089109
0.884353741497
0.888888888889
0.899022801303
0.916666666667
0.903846153846
0.929936305732
0.889632107023
0.929487179487
0.891156462585
0.9
0.904290429043
0.921630094044
0.907284768212
0.903010033445
0.909677419355
0.921052631579
0.923566878981
0.922580645161
0.922077922078
0.910891089109
0.904918032787
0.910891089109
0.90365448505
0.917491749175
0.918032786885
0.912052117264
0.915032679739
0.904458598726
0.895622895623
0.906666666667
0.914473684211
0.907894736842
0.91961414791
0.905537459283
0.903010033445
0.906752411576
0.916129032258
0.903225806452
0.900662251656
0.916129032258
0.904290429043
0.904918032787
0.907284768212
0.915032679739
0.918566775244
0.917491749175
0.90365448505
0.909090909091
0.904918032787
0.910891089109
0.917721518987
0.918566775244
0.921568627451
0.920127795527
0.908496732026
0.907894736842
0.911475409836
0.907284768212
0.909677419355
0.915584415584
0.892617449664
0.907894736842
0.919093851133
0.887372013652
0.916129032258
0.924590163934
0.916129032258
0.908496732026
0.904918032787
0.883561643836
0.918032786885
0.918566775244
0.913183279743
0.882154882155
0.897959183673
0.922580645161
0.911475409836
0.914473684211
0.89932885906
0.924050632911
0.911475409836
0.897009966777
0.923566878981
0.915584415584
0.905537459283
0.920127795527
0.903010033445
0.916666666667
0.913907284768
0.904290429043
0.914285714286
0.918566775244
0.917491749175
0.927444794953
0.915584415584
0.910299003322
0.914285714286
0.919093851133
