0.165853658537
0.600732600733
0.82005899705
0.689189189189
0.615942028986
0.8
0.812121212121
0.753246753247
0.792452830189
0.714285714286
0.707070707071
0.866279069767
0.841791044776
0.886363636364
0.84776119403
0.72972972973
0.707070707071
0.796296296296
0.858823529412
0.642599277978
0.792452830189
0.895604395604
0.847058823529
0.791277258567
0.870786516854
0.8611898017
0.878186968839
0.878873239437
0.854700854701
0.828402366864
0.882681564246
0.883977900552
0.890710382514
0.857954545455
0.88948787062
0.883977900552
0.887096774194
0.892561983471
0.894736842105
0.89709762533
0.890710382514
0.877094972067
0.880886426593
0.888888888889
0.885869565217
0.88188976378
0.889502762431
0.865168539326
0.898936170213
0.887700534759
0.894878706199
0.884615384615
0.868347338936
0.881266490765
0.893617021277
0.882833787466
0.884816753927
0.875331564987
0.882978723404
0.881081081081
0.883468834688
0.893048128342
0.88829787234
0.898936170213
0.894878706199
0.88829787234
0.883116883117
0.875647668394
0.88188976378
0.857855361596
0.88829787234
0.887700534759
0.885941644562
0.86783042394
0.884816753927
0.876712328767
0.88
0.879581151832
0.880886426593
0.893506493506
0.870523415978
0.882833787466
0.876923076923
0.883248730964
0.887096774194
0.886486486486
0.885941644562
0.880208333333
0.878306878307
0.883597883598
0.885793871866
0.883977900552
0.887052341598
0.879356568365
0.880636604775
0.894736842105
0.888283378747
0.872062663185
0.887700534759
0.882833787466
0.878947368421
0.891304347826
0.890080428954
0.893048128342
0.888888888889
0.883333333333
0.885333333333
0.88654353562
0.890080428954
0.881542699725
0.881443298969
0.883597883598
0.882978723404
0.887096774194
0.887700534759
0.875647668394
0.880636604775
0.88471849866
0.884816753927
0.885941644562
0.894878706199
0.88654353562
0.894736842105
0.879581151832
0.88188976378
0.875346260388
0.895442359249
0.888888888889
0.885333333333
0.893732970027
0.890080428954
0.885416666667
0.885869565217
0.897297297297
0.870886075949
0.894878706199
0.876640419948
0.88471849866
0.874680306905
0.88948787062
0.887139107612
0.895027624309
0.888888888889
0.884318766067
0.899470899471
0.890666666667
0.880886426593
0.890080428954
0.88471849866
0.894308943089
0.874035989717
0.865168539326
0.889473684211
0.890666666667
0.882191780822
0.888888888889
0.881720430108
0.885941644562
0.890625
0.89010989011
0.885416666667
0.890666666667
0.891304347826
0.89417989418
0.88948787062
0.89247311828
0.887096774194
0.887096774194
0.888888888889
0.884210526316
0.893150684932
0.88948787062
0.897849462366
0.900269541779
0.879356568365
0.888888888889
0.887700534759
0.88654353562
0.885941644562
0.888888888889
0.882506527415
0.884816753927
0.890666666667
0.890080428954
0.887096774194
0.890666666667
0.88829787234
0.883720930233
0.888888888889
0.891304347826
0.884910485934
0.896739130435
0.894308943089
0.885941644562
0.877005347594
0.88654353562
0.88654353562
0.900269541779
0.887700534759
0.876288659794
