0.533333333333
0.625592417062
0.570281124498
0.646808510638
0.522580645161
0.595238095238
0.629482071713
0.548494983278
0.581560283688
0.555555555556
0.546052631579
0.562277580071
0.540540540541
0.564459930314
0.55033557047
0.533333333333
0.587360594796
0.528301886792
0.554794520548
0.561643835616
0.554794520548
0.532894736842
0.543046357616
0.615969581749
0.486033519553
0.544217687075
0.533762057878
0.554054054054
0.529032258065
0.531986531987
0.53074433657
0.534201954397
0.572438162544
0.518518518519
0.537974683544
0.55593220339
0.586572438163
0.582456140351
0.561403508772
0.552188552189
0.554054054054
0.552188552189
0.515527950311
0.55033557047
0.5625
0.564459930314
0.546666666667
0.597701149425
0.607407407407
0.53642384106
0.567474048443
0.569444444444
0.584837545126
0.557823129252
0.593984962406
0.585365853659
0.5303514377
0.560553633218
0.546052631579
0.539473684211
0.552631578947
0.547854785479
0.521739130435
0.492753623188
0.526315789474
0.559726962457
0.553333333333
0.561403508772
0.541806020067
0.578571428571
0.539473684211
0.526645768025
0.560810810811
0.532051282051
0.546052631579
0.563573883162
0.576642335766
0.595588235294
0.559726962457
0.578754578755
0.553333333333
0.594202898551
0.58064516129
0.566433566434
0.538961038961
0.56462585034
0.575438596491
0.584837545126
0.588235294118
0.520376175549
0.541254125413
0.559726962457
0.589928057554
0.593406593407
0.586956521739
0.558922558923
0.55593220339
0.593406593407
0.574468085106
0.556701030928
0.529968454259
0.612903225806
0.586956521739
0.572438162544
0.590909090909
0.600760456274
0.613545816733
0.50773993808
0.541806020067
0.551495016611
0.591240875912
0.615384615385
0.548387096774
0.554054054054
0.592592592593
0.558922558923
0.552188552189
0.543046357616
0.5625
0.585714285714
0.56462585034
0.543624161074
0.568493150685
0.580882352941
0.620967741935
0.572438162544
0.584837545126
0.594795539033
0.602230483271
0.589090909091
0.549152542373
0.561643835616
0.523961661342
0.593406593407
0.592592592593
0.529968454259
0.55593220339
0.585185185185
0.569395017794
0.607692307692
0.532051282051
0.590405904059
0.557823129252
0.58064516129
0.586466165414
0.533333333333
0.549668874172
0.5625
0.525641025641
0.594795539033
0.512195121951
0.606060606061
0.55593220339
0.567474048443
0.589090909091
0.515527950311
0.60447761194
0.578571428571
0.600760456274
0.597701149425
0.54
0.586466165414
0.553633217993
0.549152542373
0.570422535211
0.605363984674
0.558620689655
0.611764705882
0.58273381295
0.538961038961
0.554054054054
0.580882352941
0.614785992218
0.525641025641
0.588235294118
0.535483870968
0.579710144928
0.560553633218
0.563573883162
0.540192926045
0.589090909091
0.553333333333
0.542483660131
0.523364485981
0.546666666667
0.597014925373
0.564459930314
0.591240875912
0.534201954397
0.520634920635
0.553333333333
0.586956521739
0.6
0.575438596491
0.559726962457
0.538961038961
0.584837545126
0.575438596491
0.607003891051
0.554054054054
