0.206896551724
0.380952380952
0.307692307692
0.375
0.272727272727
0.352941176471
0.153846153846
0.363636363636
0.333333333333
0.32
0.413793103448
0.387096774194
0.454545454545
0.416666666667
0.4
0.454545454545
0.416666666667
0.588235294118
0.322580645161
0.434782608696
0.47619047619
0.413793103448
0.37037037037
0.416666666667
0.4
0.434782608696
0.37037037037
0.416666666667
0.363636363636
0.48
0.342857142857
0.434782608696
0.413793103448
0.35
0.413793103448
0.368421052632
0.387096774194
0.378378378378
0.451612903226
0.368421052632
0.368421052632
0.48275862069
0.4375
0.413793103448
0.451612903226
0.411764705882
0.48275862069
0.466666666667
0.48275862069
0.451612903226
0.388888888889
0.428571428571
0.4
0.413793103448
0.378378378378
0.424242424242
0.424242424242
0.358974358974
0.368421052632
0.318181818182
0.341463414634
0.451612903226
0.4
0.388888888889
0.424242424242
0.411764705882
0.341463414634
0.411764705882
0.358974358974
0.4
0.4375
0.35
0.358974358974
0.461538461538
0.451612903226
0.411764705882
0.378378378378
0.358974358974
0.333333333333
0.378378378378
0.358974358974
0.304347826087
0.411764705882
0.451612903226
0.333333333333
0.451612903226
0.428571428571
0.378378378378
0.4375
0.4375
0.4375
0.358974358974
0.358974358974
0.378378378378
0.411764705882
0.378378378378
0.378378378378
0.378378378378
0.5
0.411764705882
0.318181818182
0.304347826087
0.285714285714
0.411764705882
0.368421052632
0.411764705882
0.358974358974
0.4
0.388888888889
0.388888888889
0.48275862069
0.411764705882
0.358974358974
0.4
0.388888888889
0.48275862069
0.333333333333
0.411764705882
0.411764705882
0.4
0.413793103448
0.411764705882
0.318181818182
0.333333333333
0.378378378378
0.48275862069
0.378378378378
0.378378378378
0.341463414634
0.368421052632
0.48275862069
0.368421052632
0.451612903226
0.4
0.378378378378
0.304347826087
0.318181818182
0.333333333333
0.318181818182
0.368421052632
0.35
0.318181818182
0.378378378378
0.341463414634
0.424242424242
0.5
0.451612903226
0.387096774194
0.358974358974
0.318181818182
0.318181818182
0.368421052632
0.325581395349
0.358974358974
0.411764705882
0.35
0.35
0.411764705882
0.424242424242
0.35
0.451612903226
0.538461538462
0.5
0.4375
0.333333333333
0.333333333333
0.48275862069
0.358974358974
0.388888888889
0.4375
0.28
0.341463414634
0.424242424242
0.304347826087
0.341463414634
0.424242424242
0.4
0.378378378378
0.358974358974
0.378378378378
0.388888888889
0.411764705882
0.4
0.368421052632
0.285714285714
0.444444444444
0.411764705882
0.285714285714
0.333333333333
0.325581395349
0.368421052632
0.378378378378
0.368421052632
0.318181818182
0.325581395349
0.358974358974
0.378378378378
0.35
0.325581395349
0.411764705882
