0.0402684563758
0.733067729084
0.391304347826
0.368715083799
0.198757763975
0.272189349112
0.439790575916
0.340909090909
0.270588235294
0.294117647059
0.614678899083
0.538461538462
0.52
0.382513661202
0.463917525773
0.636363636364
0.574162679426
0.72131147541
0.642533936652
0.702928870293
0.663755458515
0.654867256637
0.611111111111
0.77519379845
0.732283464567
0.744
0.683982683983
0.801444043321
0.76
0.678111587983
0.717299578059
0.746987951807
0.718367346939
0.681222707424
0.765799256506
0.772200772201
0.7578125
0.720647773279
0.744
0.776470588235
0.738095238095
0.779026217228
0.763358778626
0.738955823293
0.781609195402
0.817204301075
0.765625
0.792592592593
0.728744939271
0.689361702128
0.792727272727
0.798534798535
0.805860805861
0.764478764479
0.768060836502
0.747081712062
0.765799256506
0.794117647059
0.782287822878
0.657777777778
0.72131147541
0.761904761905
0.765625
0.777777777778
0.741035856574
0.745098039216
0.760456273764
0.758620689655
0.785185185185
0.745098039216
0.779411764706
0.788104089219
0.752941176471
0.8
0.768060836502
0.748031496063
0.798561151079
0.765625
0.781954887218
0.783269961977
0.77519379845
0.75
0.783582089552
0.784905660377
0.753968253968
0.791044776119
0.788321167883
0.767441860465
0.752941176471
0.77566539924
0.777777777778
0.814814814815
0.791366906475
0.780669144981
0.779026217228
0.736842105263
0.818181818182
0.789473684211
0.7578125
0.75486381323
0.769230769231
0.783582089552
0.772727272727
0.757575757576
0.763358778626
0.798534798535
0.753968253968
0.798534798535
0.786764705882
0.747081712062
0.697095435685
0.788104089219
0.697478991597
0.745098039216
0.774436090226
0.815068493151
0.787878787879
0.760456273764
0.764478764479
0.801444043321
0.795620437956
0.829787234043
0.753968253968
0.79704797048
0.791366906475
0.767441860465
0.777777777778
0.791666666667
0.780303030303
0.75
0.789473684211
0.764478764479
0.805755395683
0.8
0.768060836502
0.808362369338
0.794326241135
0.755905511811
0.802973977695
0.794223826715
0.777358490566
0.797101449275
0.802973977695
0.781954887218
0.781954887218
0.749003984064
0.789855072464
0.772727272727
0.79704797048
0.781954887218
0.758893280632
0.788321167883
0.765151515152
0.794117647059
0.795539033457
0.786516853933
0.776923076923
0.77566539924
0.817204301075
0.720647773279
0.795539033457
0.724279835391
0.788104089219
0.810035842294
0.805755395683
0.741035856574
0.772727272727
0.8
0.804347826087
0.792592592593
0.8
0.773946360153
0.792592592593
0.786516853933
0.777358490566
0.764478764479
0.786764705882
0.786516853933
0.792592592593
0.798561151079
0.795774647887
0.752
0.805970149254
0.708333333333
0.789667896679
0.784905660377
0.77566539924
0.705394190871
0.732510288066
0.77566539924
0.794007490637
0.80701754386
0.771535580524
0.738095238095
0.784905660377
0.795620437956
0.736
0.825622775801
0.80985915493
0.749003984064
