0.175438596491
0.317073170732
0.375
0.301369863014
0.354430379747
0.352941176471
0.344827586207
0.30985915493
0.315789473684
0.310344827586
0.290909090909
0.324324324324
0.369230769231
0.305555555556
0.346666666667
0.342857142857
0.352941176471
0.298850574713
0.301369863014
0.345679012346
0.311111111111
0.348837209302
0.314606741573
0.461538461538
0.333333333333
0.355140186916
0.336633663366
0.352941176471
0.336633663366
0.336633663366
0.349514563107
0.406779661017
0.376237623762
0.378787878788
0.389830508475
0.411764705882
0.406504065041
0.426229508197
0.470588235294
0.357894736842
0.503496503497
0.430769230769
0.394160583942
0.479452054795
0.481751824818
0.453987730061
0.383333333333
0.436781609195
0.413793103448
0.440251572327
0.448979591837
0.462585034014
0.434210526316
0.46875
0.436363636364
0.448979591837
0.388888888889
0.422764227642
0.46875
0.386206896552
0.434108527132
0.403100775194
0.433333333333
0.4625
0.467532467532
0.461538461538
0.415384615385
0.474074074074
0.459627329193
0.448979591837
0.4375
0.416
0.468085106383
0.510948905109
0.441558441558
0.503703703704
0.466666666667
0.409836065574
0.455696202532
0.482269503546
0.503937007874
0.452380952381
0.46835443038
0.421768707483
0.366972477064
0.444444444444
0.490322580645
0.47619047619
0.437158469945
0.449438202247
0.449704142012
0.437086092715
0.464
0.452380952381
0.436090225564
0.460431654676
0.455089820359
0.486486486486
0.524822695035
0.461538461538
0.467741935484
0.460606060606
0.459016393443
0.496240601504
0.444444444444
0.42735042735
0.46511627907
0.434782608696
0.466165413534
0.47619047619
0.459459459459
0.456790123457
0.439716312057
0.486486486486
0.492753623188
0.440251572327
0.457627118644
0.437086092715
0.46511627907
0.48951048951
0.468085106383
0.5
0.514285714286
0.488888888889
0.470588235294
0.503703703704
0.438202247191
0.451127819549
0.481203007519
0.488888888889
0.490066225166
0.428571428571
0.446043165468
0.518518518519
0.427480916031
0.458333333333
0.481012658228
0.43956043956
0.507042253521
0.507246376812
0.470588235294
0.484848484848
0.45
0.475609756098
0.5
0.523489932886
0.488888888889
0.514285714286
0.485714285714
0.493670886076
0.476923076923
0.476821192053
0.439024390244
0.490066225166
0.486486486486
0.446043165468
0.496551724138
0.503401360544
0.43795620438
0.409448818898
0.485714285714
0.453987730061
0.392857142857
0.442748091603
0.503937007874
0.482269503546
0.465517241379
0.464
0.492307692308
0.465517241379
0.457831325301
0.46511627907
0.469135802469
0.496240601504
0.526315789474
0.480620155039
0.478873239437
0.48951048951
0.426229508197
0.48
0.503401360544
0.478527607362
0.495867768595
0.483870967742
0.468965517241
0.456692913386
0.44578313253
0.421052631579
0.485714285714
0.451127819549
0.478873239437
0.484076433121
0.492957746479
0.475524475524
0.470588235294
0.488188976378
0.503597122302
0.471337579618
0.481481481481
0.468468468468
