0.545454545455
0.545454545455
0.285714285714
0.5
0.5
0.666666666667
0.666666666667
0.666666666667
0.571428571429
0.6
0.75
0.666666666667
0.571428571429
0.571428571429
0.571428571429
0.333333333333
0.333333333333
0.285714285714
0.333333333333
0.571428571429
0.333333333333
0.285714285714
0.333333333333
0.285714285714
0.25
0.285714285714
0.285714285714
0.222222222222
0.285714285714
0.0
0.25
0.0
0.285714285714
0.285714285714
0.0
0.0
0.333333333333
0.0
0.285714285714
0.333333333333
0.333333333333
0.285714285714
0.333333333333
0.333333333333
0.333333333333
0.333333333333
0.333333333333
0.333333333333
0.333333333333
0.333333333333
0.333333333333
0.333333333333
0.333333333333
0.333333333333
0.333333333333
0.333333333333
0.333333333333
0.333333333333
0.333333333333
0.333333333333
0.285714285714
0.333333333333
0.333333333333
0.333333333333
0.5
0.571428571429
0.571428571429
0.285714285714
0.5
0.5
0.5
0.5
0.285714285714
0.5
0.5
0.444444444444
0.5
0.444444444444
0.5
0.5
0.5
0.5
0.285714285714
0.285714285714
0.285714285714
0.5
0.444444444444
0.5
0.5
0.285714285714
0.5
0.285714285714
0.5
0.5
0.5
0.5
0.5
0.666666666667
0.5
0.285714285714
0.285714285714
0.5
0.5
0.285714285714
0.444444444444
0.285714285714
0.4
0.5
0.5
0.5
0.5
0.5
0.5
0.5
0.5
0.5
0.5
0.285714285714
0.6
0.444444444444
0.5
0.5
0.5
0.5
0.727272727273
0.545454545455
0.5
0.5
0.5
0.5
0.5
0.5
0.5
0.5
0.5
0.444444444444
0.285714285714
0.5
0.5
0.5
0.666666666667
0.5
0.5
0.5
0.5
0.5
0.5
0.5
0.5
0.5
0.444444444444
0.5
0.5
0.666666666667
0.5
0.5
0.5
0.5
0.5
0.5
0.5
0.5
0.5
0.5
0.285714285714
0.5
0.5
0.5
0.5
0.666666666667
0.5
0.8
0.5
0.6
0.5
0.444444444444
0.5
0.5
0.5
0.5
0.285714285714
0.5
0.5
0.5
0.5
0.5
0.5
0.5
0.5
0.5
0.5
0.5
0.5
0.5
0.5
0.5
0.5
0.5
0.5
0.5
