0.589371980676
0.7734375
0.732283464567
0.763636363636
0.780141843972
0.787671232877
0.772413793103
0.770833333333
0.779310344828
0.767123287671
0.784722222222
0.779310344828
0.784982935154
0.791366906475
0.797202797203
0.774193548387
0.779310344828
0.777385159011
0.783505154639
0.794223826715
0.787456445993
0.794425087108
0.775510204082
0.78231292517
0.768166089965
0.771929824561
0.783505154639
0.774647887324
0.783216783217
0.785964912281
0.787671232877
0.779310344828
0.791666666667
0.769784172662
0.781690140845
0.768115942029
0.787456445993
0.769784172662
0.791366906475
0.78892733564
0.787003610108
0.766917293233
0.789115646259
0.788732394366
0.773519163763
0.781690140845
0.786206896552
0.795847750865
0.786206896552
0.779783393502
0.798586572438
0.770318021201
0.790378006873
0.791366906475
0.78853046595
0.791366906475
0.768166089965
0.804195804196
0.78231292517
0.791366906475
0.776223776224
0.791519434629
0.791519434629
0.787234042553
0.768683274021
0.765151515152
0.780821917808
0.768115942029
0.776119402985
0.772563176895
0.802867383513
0.786440677966
0.762886597938
0.79020979021
0.777777777778
0.77133105802
0.787234042553
0.79020979021
0.784172661871
0.776978417266
0.767605633803
0.748148148148
0.785964912281
0.779783393502
0.798586572438
0.791666666667
0.804270462633
0.777385159011
0.783216783217
0.787234042553
0.780487804878
0.772058823529
0.79298245614
0.78445229682
0.784722222222
0.790035587189
0.792857142857
0.753846153846
0.782608695652
0.774907749077
0.782006920415
0.778156996587
0.772563176895
0.776223776224
0.788732394366
0.785964912281
0.778947368421
0.772881355932
0.769230769231
0.777027027027
0.771812080537
0.763250883392
0.77397260274
0.79020979021
0.775800711744
0.79020979021
0.775510204082
0.772058823529
0.797202797203
0.79020979021
0.8
0.789115646259
0.786206896552
0.762589928058
0.776632302405
0.785454545455
0.777385159011
0.777777777778
0.774193548387
0.762886597938
0.790035587189
0.785964912281
0.783216783217
0.766917293233
0.78445229682
0.782918149466
0.78102189781
0.780821917808
0.779661016949
0.772881355932
0.779661016949
0.772563176895
0.776632302405
0.776632302405
0.779310344828
0.760869565217
0.77397260274
0.772881355932
0.771929824561
0.77133105802
0.780487804878
0.776632302405
0.776632302405
0.786206896552
0.787234042553
0.77508650519
0.786206896552
0.778947368421
0.780487804878
0.767605633803
0.782918149466
0.783216783217
0.776632302405
0.769759450172
0.782006920415
0.78231292517
0.76821192053
0.791666666667
0.775919732441
0.775919732441
0.776632302405
0.790035587189
0.776632302405
0.772881355932
0.759856630824
0.774410774411
0.780141843972
0.78892733564
0.77508650519
0.775919732441
0.767676767677
0.774193548387
0.77027027027
0.786206896552
0.776632302405
0.785714285714
0.783216783217
0.772881355932
0.771812080537
0.775919732441
0.768683274021
0.782608695652
0.778947368421
0.777777777778
0.780821917808
0.782918149466
0.790378006873
0.773519163763
0.774193548387
0.779783393502
