0.478260869565
0.720930232558
0.658227848101
0.711111111111
0.728070175439
0.774193548387
0.771573604061
0.766355140187
0.75117370892
0.779342723005
0.763285024155
0.770642201835
0.774193548387
0.766990291262
0.768472906404
0.772946859903
0.77358490566
0.784688995215
0.751131221719
0.75117370892
0.757009345794
0.757009345794
0.772277227723
0.766169154229
0.770731707317
0.762790697674
0.770731707317
0.760180995475
0.766355140187
0.761904761905
0.763285024155
0.728205128205
0.74
0.736842105263
0.752475247525
0.766990291262
0.713567839196
0.75117370892
0.774193548387
0.790243902439
0.788461538462
0.751219512195
0.715789473684
0.775700934579
0.775119617225
0.755760368664
0.73631840796
0.724137931034
0.714285714286
0.742268041237
0.788461538462
0.755102040816
0.77358490566
0.771428571429
0.733668341709
0.747663551402
0.765550239234
0.752293577982
0.71875
0.75
0.782178217822
0.769953051643
0.757009345794
0.753623188406
0.768472906404
0.741784037559
0.716417910448
0.743718592965
0.725388601036
0.743119266055
0.721649484536
0.740740740741
0.763819095477
0.748717948718
0.773869346734
0.754545454545
0.738461538462
0.747572815534
0.754901960784
0.75
0.772946859903
0.758620689655
0.736842105263
0.753768844221
0.761421319797
0.75117370892
0.748717948718
0.730964467005
0.688172043011
0.742574257426
0.716417910448
0.780952380952
0.734693877551
0.732984293194
0.739336492891
0.76
0.739726027397
0.733668341709
0.756218905473
0.760975609756
0.708333333333
0.734299516908
0.716577540107
0.733668341709
0.735294117647
0.75117370892
0.738916256158
0.715789473684
0.734693877551
0.743961352657
0.734042553191
0.752475247525
0.742574257426
0.737373737374
0.734693877551
0.715789473684
0.726315789474
0.707070707071
0.732984293194
0.702702702703
0.761421319797
0.694736842105
0.76
0.725388601036
0.685082872928
0.76
0.765306122449
0.736842105263
0.704081632653
0.755102040816
0.734042553191
0.716577540107
0.735751295337
0.724324324324
0.748717948718
0.73732718894
0.698412698413
0.743961352657
0.747474747475
0.740740740741
0.745283018868
0.716577540107
0.754716981132
0.747474747475
0.723404255319
0.761467889908
0.731958762887
0.743718592965
0.716577540107
0.710659898477
0.746113989637
0.741463414634
0.733668341709
0.705882352941
0.747572815534
0.741116751269
0.712765957447
0.719576719577
0.68156424581
0.734693877551
0.712765957447
0.710659898477
0.729166666667
0.73786407767
0.72380952381
0.721649484536
0.742574257426
0.730158730159
0.724489795918
0.708994708995
0.738461538462
0.725388601036
0.731182795699
0.745283018868
0.760975609756
0.737373737374
0.743718592965
0.752475247525
0.731707317073
0.734693877551
0.728205128205
0.717948717949
0.702702702703
0.709677419355
0.738916256158
0.673913043478
0.748768472906
0.734042553191
0.751269035533
0.751269035533
0.738461538462
0.712765957447
0.746113989637
0.734693877551
0.728155339806
0.726315789474
0.719576719577
0.721649484536
0.741116751269
0.736842105263
