0.333333333333
0.537313432836
0.481481481481
0.526315789474
0.368421052632
0.56
0.45
0.5
0.46511627907
0.511627906977
0.342857142857
0.277777777778
0.5
0.488888888889
0.307692307692
0.137931034483
0.538461538462
0.368421052632
0.388888888889
0.258064516129
0.25
0.5
0.421052631579
0.571428571429
0.571428571429
0.526315789474
0.604651162791
0.608695652174
0.666666666667
0.566037735849
0.5
0.577777777778
0.603773584906
0.488888888889
0.545454545455
0.575757575758
0.509090909091
0.576271186441
0.576271186441
0.513513513514
0.526315789474
0.58064516129
0.548387096774
0.5
0.541666666667
0.512820512821
0.588235294118
0.527777777778
0.511627906977
0.510638297872
0.551724137931
0.64
0.641509433962
0.558823529412
0.5
0.590163934426
0.542857142857
0.507462686567
0.55737704918
0.555555555556
0.555555555556
0.612903225806
0.590163934426
0.46511627907
0.538461538462
0.53164556962
0.56338028169
0.524590163934
0.549019607843
0.47191011236
0.567164179104
0.588235294118
0.575757575758
0.558823529412
0.540540540541
0.571428571429
0.597014925373
0.493506493506
0.579710144928
0.470588235294
0.493506493506
0.603174603175
0.610169491525
0.446808510638
0.620689655172
0.526315789474
0.512820512821
0.507042253521
0.392523364486
0.542857142857
0.518518518519
0.442105263158
0.558823529412
0.550724637681
0.533333333333
0.493827160494
0.421052631579
0.527777777778
0.470588235294
0.477272727273
0.481927710843
0.512820512821
0.512820512821
0.571428571429
0.470588235294
0.481927710843
0.512195121951
0.444444444444
0.588235294118
0.464646464646
0.558823529412
0.423529411765
0.451612903226
0.5
0.408163265306
0.449438202247
0.512820512821
0.506666666667
0.403669724771
0.4
0.47191011236
0.512820512821
0.466666666667
0.421052631579
0.477272727273
0.446808510638
0.419047619048
0.555555555556
0.493827160494
0.506329113924
0.47191011236
0.520547945205
0.45652173913
0.506329113924
0.470588235294
0.506329113924
0.435643564356
0.53164556962
0.527777777778
0.403846153846
0.527777777778
0.370967741935
0.442105263158
0.494623655914
0.459770114943
0.46511627907
0.413793103448
0.446808510638
0.579710144928
0.518518518519
0.44
0.423076923077
0.451612903226
0.43137254902
0.417391304348
0.403669724771
0.47191011236
0.511627906977
0.43137254902
0.505747126437
0.453608247423
0.48275862069
0.422018348624
0.436363636364
0.519480519481
0.461538461538
0.461538461538
0.459770114943
0.428571428571
0.4375
0.520547945205
0.463414634146
0.453608247423
0.414414414414
0.428571428571
0.459770114943
0.542372881356
0.444444444444
0.392857142857
0.463157894737
0.448979591837
0.414414414414
0.421052631579
0.417391304348
0.459770114943
0.486486486486
0.47311827957
0.415094339623
0.458333333333
0.372881355932
0.430107526882
0.448598130841
0.468085106383
0.425925925926
0.4375
0.483516483516
0.423076923077
0.45652173913
0.389830508475
0.410256410256
