0.25
0.260869565217
0.375
0.235294117647
0.444444444444
0.363636363636
0.266666666667
0.363636363636
0.2
0.4
0.444444444444
0.25
0.25
0.222222222222
0.25
0.285714285714
0.25
0.25
0.25
0.222222222222
0.2
0.25
0.25
0.25
0.5
0.222222222222
0.181818181818
0.166666666667
0.2
0.4
0.2
0.333333333333
0.222222222222
0.25
0.545454545455
0.352941176471
0.181818181818
0.421052631579
0.266666666667
0.347826086957
0.2
0.363636363636
0.285714285714
0.363636363636
0.307692307692
0.25
0.333333333333
0.4
0.352941176471
0.380952380952
0.380952380952
0.421052631579
0.307692307692
0.352941176471
0.25
0.461538461538
0.235294117647
0.153846153846
0.235294117647
0.3
0.25
0.142857142857
0.133333333333
0.181818181818
0.125
0.285714285714
0.235294117647
0.4
0.4
0.285714285714
0.315789473684
0.153846153846
0.222222222222
0.222222222222
0.333333333333
0.117647058824
0.117647058824
0.235294117647
0.235294117647
0.2
0.315789473684
0.3
0.352941176471
0.166666666667
0.315789473684
0.315789473684
0.352941176471
0.333333333333
0.25
0.235294117647
0.315789473684
0.153846153846
0.352941176471
0.153846153846
0.3
0.315789473684
0.333333333333
0.315789473684
0.333333333333
0.352941176471
0.153846153846
0.235294117647
0.315789473684
0.142857142857
0.3
0.117647058824
0.117647058824
0.315789473684
0.333333333333
0.315789473684
0.210526315789
0.266666666667
0.315789473684
0.307692307692
0.210526315789
0.315789473684
0.315789473684
0.315789473684
0.352941176471
0.153846153846
0.352941176471
0.285714285714
0.235294117647
0.333333333333
0.375
0.315789473684
0.285714285714
0.3
0.428571428571
0.315789473684
0.222222222222
0.428571428571
0.3
0.125
0.3
0.315789473684
0.315789473684
0.4
0.25
0.266666666667
0.315789473684
0.133333333333
0.333333333333
0.375
0.315789473684
0.333333333333
0.285714285714
0.315789473684
0.4
0.3
0.315789473684
0.333333333333
0.272727272727
0.315789473684
0.315789473684
0.315789473684
0.333333333333
0.3
0.421052631579
0.260869565217
0.315789473684
0.3
0.315789473684
0.3
0.315789473684
0.133333333333
0.3
0.3
0.210526315789
0.3
0.3
0.235294117647
0.333333333333
0.352941176471
0.3
0.222222222222
0.315789473684
0.333333333333
0.260869565217
0.352941176471
0.3
0.307692307692
0.333333333333
0.222222222222
0.333333333333
0.25
0.333333333333
0.153846153846
0.266666666667
0.3
0.117647058824
0.333333333333
0.235294117647
0.125
0.3
0.380952380952
0.333333333333
0.315789473684
0.3
0.285714285714
