0.32747788178
0.64184826473
0.649249249249
0.649675162419
0.613540919799
0.640942323314
0.646709001109
0.651896207585
0.625077081192
0.598569324637
0.643028846154
0.628869138829
0.655620597281
0.640798451981
0.653946053946
0.662055335968
0.66751517525
0.668289358388
0.683942796814
0.663065894137
0.688022813688
0.687315914489
0.685665104715
0.717815344603
0.697155605131
0.715498154982
0.711570400443
0.717962810296
0.725957674792
0.712525289682
0.735648476258
0.729923090681
0.724799567607
0.740221013857
0.737727910238
0.743372032577
0.747635985079
0.743228983468
0.754366342597
0.741004693204
0.759227614491
0.750346500347
0.749140893471
0.756592292089
0.753600954573
0.756066411239
0.754235837755
0.752883310719
0.749805816864
0.74940211821
0.759502243291
0.753907918339
0.755439365829
0.75855626327
0.757380386834
0.735203588075
0.758603365988
0.767861557478
0.762143214822
0.73890697276
0.753461668355
0.757811845522
0.764308922769
0.761333333333
0.76013143483
0.761067871788
0.764088029343
0.756664679329
0.76269621422
0.761555759141
0.759959486833
0.763294749203
0.752393053791
0.759706898004
0.763712374582
0.762367935603
0.759430008382
0.763734411864
0.7594639866
0.767091152815
0.762253474245
0.760746558568
0.768884066439
0.756866048863
0.763253265908
0.767808501857
0.764411027569
0.764671508473
0.760826115923
0.750685842547
0.750021020769
0.761407644385
0.765759014073
0.765022793203
0.770804123711
0.768988652365
0.76795261989
0.769981797121
0.765603100008
0.766702276276
0.759595283887
0.767966804979
0.760791517074
0.771973260708
0.757613893783
0.765029142381
0.756701557314
0.760407183646
0.763029652267
0.766052025025
0.764059900166
0.763276177793
0.762204724409
0.76741108354
0.774556116631
0.763883141604
0.769955379276
0.766178165651
0.764091858038
0.761060466672
0.764710736981
0.759340289465
0.765263244624
0.766256300091
0.769435880343
0.765725772678
0.768517752214
0.768537074148
0.77094045447
0.753692072653
0.769613122359
0.769256062474
0.757037533512
0.772059427071
0.76978712912
0.764952005907
0.758899810027
0.754131364818
0.768848384424
0.773331132932
0.769509384261
0.767820607251
0.766639141206
0.770262533737
0.769758888435
0.766852094241
0.770693328962
0.763273057551
0.766760006589
0.772489368662
0.764377259284
0.759939859673
0.762881522809
0.766600265604
0.762938230384
0.759354731415
0.768720457749
0.771766272682
0.768739770867
0.765851636966
0.76587268653
0.769963851462
0.764992968815
0.767005537648
0.768232588699
0.76837564294
0.768722648832
0.768051434224
0.77212681638
0.767323481117
0.764389233954
0.764356766697
0.762886597938
0.763696369637
0.769268693509
0.763819927176
0.773769414085
0.770180202419
0.767207147584
0.766273409785
0.768874938047
0.764467257223
0.765862891943
0.755217899482
0.76417121137
0.762340797469
0.757590924258
0.770040286114
0.76304619226
0.765791870188
0.764995891537
0.769142293789
0.769970966404
0.769784761437
0.768313597387
0.768977441133
0.770323212537
0.767802874743
0.77025925322
0.772283669486
