0.452631578947
0.519774011299
0.536585365854
0.475138121547
0.5625
0.561797752809
0.567164179104
0.424657534247
0.426470588235
0.515337423313
0.526946107784
0.421052631579
0.324786324786
0.396946564885
0.425531914894
0.378787878788
0.408163265306
0.322033898305
0.449612403101
0.344827586207
0.347107438017
0.315789473684
0.34188034188
0.327272727273
0.414285714286
0.466165413534
0.421052631579
0.409448818898
0.487179487179
0.414814814815
0.417910447761
0.424242424242
0.42962962963
0.441379310345
0.508875739645
0.467532467532
0.445945945946
0.486486486486
0.365079365079
0.47619047619
0.484076433121
0.509090909091
0.456790123457
0.52
0.423357664234
0.481481481481
0.532544378698
0.554112554113
0.475138121547
0.511111111111
0.509090909091
0.521739130435
0.536170212766
0.535519125683
0.512077294686
0.509090909091
0.54748603352
0.536
0.53982300885
0.550561797753
0.509615384615
0.510288065844
0.575916230366
0.536585365854
0.54358974359
0.539325842697
0.534031413613
0.479041916168
0.536585365854
0.535714285714
0.518518518519
0.496894409938
0.578199052133
0.535714285714
0.53164556962
0.520408163265
0.597156398104
0.546583850932
0.527918781726
0.51572327044
0.528846153846
0.527607361963
0.573033707865
0.54954954955
0.555555555556
0.551020408163
0.512820512821
0.531073446328
0.493670886076
0.534562211982
0.56
0.552995391705
0.553191489362
0.509615384615
0.552941176471
0.565217391304
0.550898203593
0.527918781726
0.51724137931
0.544600938967
0.575609756098
0.553846153846
0.517766497462
0.543689320388
0.55
0.540816326531
0.551401869159
0.527659574468
0.548523206751
0.545454545455
0.540229885057
0.564814814815
0.584474885845
0.487179487179
0.56043956044
0.545454545455
0.513368983957
0.537735849057
0.583333333333
0.54347826087
0.548672566372
0.56880733945
0.533980582524
0.565445026178
0.56
0.54347826087
0.554913294798
0.557213930348
0.565445026178
0.589371980676
0.553719008264
0.539215686275
0.54358974359
0.563636363636
0.524444444444
0.580357142857
0.507692307692
0.507317073171
0.542857142857
0.565445026178
0.532663316583
0.561085972851
0.528634361233
0.545454545455
0.572614107884
0.56862745098
0.552763819095
0.570212765957
0.534653465347
0.52
0.572972972973
0.505376344086
0.543859649123
0.543352601156
0.558375634518
0.530386740331
0.530386740331
0.566666666667
0.546391752577
0.551401869159
0.541062801932
0.564705882353
0.516129032258
0.533333333333
0.529411764706
0.469798657718
0.526829268293
0.56338028169
0.534090909091
0.533333333333
0.55
0.544378698225
0.551111111111
0.543209876543
0.574585635359
0.552995391705
0.564356435644
0.53807106599
0.555555555556
0.515283842795
0.536585365854
0.487804878049
0.576576576577
0.521739130435
0.487562189055
0.549019607843
0.542857142857
0.522222222222
0.537634408602
0.532544378698
0.562211981567
0.535353535354
0.544444444444
0.54028436019
0.566210045662
0.515151515152
0.562814070352
0.544642857143
0.565217391304
0.546255506608
