0.216666666667
0.224137931034
0.363636363636
0.224137931034
0.345864661654
0.475524475524
0.583333333333
0.516556291391
0.381679389313
0.52
0.535031847134
0.544303797468
0.534161490683
0.519480519481
0.551282051282
0.53164556962
0.662857142857
0.663101604278
0.646153846154
0.627027027027
0.666666666667
0.676616915423
0.683937823834
0.67
0.660098522167
0.673267326733
0.735426008969
0.698564593301
0.707547169811
0.692307692308
0.712328767123
0.709677419355
0.72972972973
0.727272727273
0.737777777778
0.755555555556
0.685714285714
0.758620689655
0.68932038835
0.721461187215
0.712328767123
0.734513274336
0.714932126697
0.740088105727
0.735426008969
0.720720720721
0.706976744186
0.733031674208
0.743362831858
0.728070175439
0.707547169811
0.73127753304
0.718894009217
0.707547169811
0.734513274336
0.723981900452
0.741071428571
0.733031674208
0.723981900452
0.713615023474
0.718181818182
0.720720720721
0.720720720721
0.751091703057
0.741071428571
0.691943127962
0.74678111588
0.733031674208
0.748898678414
0.714932126697
0.738738738739
0.701421800948
0.692307692308
0.744394618834
0.686567164179
0.704761904762
0.709090909091
0.746666666667
0.727272727273
0.739130434783
0.743362831858
0.711538461538
0.747826086957
0.741071428571
0.714285714286
0.765957446809
0.715596330275
0.718894009217
0.744394618834
0.741071428571
0.756302521008
0.742358078603
0.745614035088
0.751091703057
0.776371308017
0.758620689655
0.730593607306
0.709677419355
0.733031674208
0.743362831858
0.775862068966
0.772532188841
0.734513274336
0.72972972973
0.747826086957
0.727272727273
0.747826086957
0.716981132075
0.724770642202
0.751091703057
0.769874476987
0.752212389381
0.72972972973
0.747826086957
0.742358078603
0.737777777778
0.718894009217
0.763948497854
0.748898678414
0.737777777778
0.752212389381
0.742081447964
0.745614035088
0.783333333333
0.772532188841
0.743362831858
0.761904761905
0.736842105263
0.765957446809
0.718894009217
0.740088105727
0.76724137931
0.757709251101
0.742358078603
0.775
0.751091703057
0.740088105727
0.718181818182
0.771186440678
0.759825327511
0.777777777778
0.751091703057
0.706976744186
0.769230769231
0.765217391304
0.803278688525
0.780082987552
0.773109243697
0.762711864407
0.769874476987
0.783333333333
0.756302521008
0.760683760684
0.791836734694
0.753246753247
0.748898678414
0.752136752137
0.743362831858
0.759493670886
0.788381742739
0.726457399103
0.743362831858
0.736842105263
0.776371308017
0.733624454148
0.780082987552
0.786885245902
0.769230769231
0.741071428571
0.744394618834
0.738738738739
0.747826086957
0.727272727273
0.744588744589
0.73127753304
0.790322580645
0.776371308017
0.735426008969
0.742358078603
0.748898678414
0.760683760684
0.762711864407
0.769874476987
0.734513274336
0.75652173913
0.753246753247
0.742081447964
0.751091703057
0.744588744589
0.733031674208
0.744588744589
0.751091703057
0.75
0.757446808511
0.763948497854
0.728888888889
0.759493670886
0.72972972973
0.764705882353
0.75
