1.878703087568283081e-01
3.031450808048248291e-01
1.199868321418762207e-02
1.987748891115188599e-01
2.196211516857147217e-01
2.619502842426300049e-01
2.481481134891510010e-01
1.370790004730224609e-01
1.662125438451766968e-01
4.533678889274597168e-01
1.528443098068237305e-01
1.925198286771774292e-01
5.965801477432250977e-01
5.193630456924438477e-01
4.006168842315673828e-01
5.961552262306213379e-01
5.266438722610473633e-01
4.847685396671295166e-01
6.664618253707885742e-01
6.619958877563476562e-01
6.593039035797119141e-01
5.309758186340332031e-01
4.834337532520294189e-01
3.829776346683502197e-01
6.224440932273864746e-01
6.555231809616088867e-01
4.561106860637664795e-01
7.224219441413879395e-01
5.877324938774108887e-01
4.840319752693176270e-01
5.696027874946594238e-01
5.757282972335815430e-01
4.385111927986145020e-01
6.633634567260742188e-01
6.640728712081909180e-01
7.910884022712707520e-01
6.857219934463500977e-01
5.093834400177001953e-01
4.811306297779083252e-01
4.804641306400299072e-01
4.933800995349884033e-01
5.281132459640502930e-01
5.765662789344787598e-01
6.207605600357055664e-01
7.549334764480590820e-01
8.041009902954101562e-01
2.164618670940399170e-02
8.500946313142776489e-02
2.172579914331436157e-01
2.786480784416198730e-01
4.221358895301818848e-02
1.717431098222732544e-02
1.820734143257141113e-02
5.563442409038543701e-02
2.284925580024719238e-01
6.314291805028915405e-02
1.830520033836364746e-01
2.171909064054489136e-02
1.163153350353240967e-01
3.581529855728149414e-01
2.716612815856933594e-01
5.545547008514404297e-01
3.378161787986755371e-01
1.957109570503234863e-02
6.124675273895263672e-03
6.675803661346435547e-02
9.529046714305877686e-03
7.804603129625320435e-02
2.412670254707336426e-01
2.391390204429626465e-01
5.918909311294555664e-01
2.762874662876129150e-01
5.040917396545410156e-01
8.288165926933288574e-01
5.753732323646545410e-01
6.433873772621154785e-01
8.710665702819824219e-01
4.085445404052734375e-01
1.318402588367462158e-03
7.024899125099182129e-02
2.153411507606506348e-02
1.627252250909805298e-02
1.324827075004577637e-01
1.337869465351104736e-01
3.451207280158996582e-01
3.172464370727539062e-01
3.092012405395507812e-01
1.023157015442848206e-01
3.365236148238182068e-02
9.378615021705627441e-02
6.684661507606506348e-01
2.439745962619781494e-01
8.577620387077331543e-01
8.339087367057800293e-01
5.573617219924926758e-01
2.827301025390625000e-01
6.904714703559875488e-01
5.700308680534362793e-01
8.042362332344055176e-01
3.733495473861694336e-01
8.877779841423034668e-01
8.466019630432128906e-01
5.788597464561462402e-01
4.829502403736114502e-01
5.657816529273986816e-01
2.540854215621948242e-01
6.406537443399429321e-02
3.040456175804138184e-01
5.587824061512947083e-02
2.400018274784088135e-03
7.479742914438247681e-02
1.110783219337463379e-02
1.646310985088348389e-01
3.284232318401336670e-02
9.428528696298599243e-02
1.687885224819183350e-01
7.304918020963668823e-02
6.113880872726440430e-02
3.905113935470581055e-01
4.197767674922943115e-01
4.273952245712280273e-01
3.502655923366546631e-01
4.945659339427947998e-01
6.575217843055725098e-01
5.943985581398010254e-01
4.325544536113739014e-01
6.286099553108215332e-01
4.411839544773101807e-01
4.843890964984893799e-01
5.710616111755371094e-01
1.150947809219360352e-02
2.795694768428802490e-01
2.020798623561859131e-03
2.346648275852203369e-01
1.340106129646301270e-03
2.909462153911590576e-02
6.234569847583770752e-02
4.911039769649505615e-02
1.062466949224472046e-02
4.340319707989692688e-02
1.430397778749465942e-01
1.811119318008422852e-01
3.613532781600952148e-01
7.662697136402130127e-02
5.576817318797111511e-02
6.052948236465454102e-01
7.589685320854187012e-01
5.280132293701171875e-01
2.855931520462036133e-01
4.861086308956146240e-01
4.212757050991058350e-01
4.641581773757934570e-01
6.037272214889526367e-01
1.023105308413505554e-01
2.609256505966186523e-01
2.223226875066757202e-01
4.593740105628967285e-01
3.620463609695434570e-01
5.943979024887084961e-01
4.011515080928802490e-01
6.684145927429199219e-01
4.612990617752075195e-01
5.622899532318115234e-01
3.884041905403137207e-01
1.808369159698486328e-02
7.321669161319732666e-02
2.894815057516098022e-02
7.823070138692855835e-02
2.589315921068191528e-02
6.017822027206420898e-02
4.708370938897132874e-02
1.392163336277008057e-02
1.683426275849342346e-02
4.078686535358428955e-01
7.630484551191329956e-02
5.642155557870864868e-02
1.569679081439971924e-01
2.977434396743774414e-01
1.265529841184616089e-01
3.923584520816802979e-01
5.276894569396972656e-01
4.359003901481628418e-01
1.712597906589508057e-02
1.612512767314910889e-02
3.556579351425170898e-02
3.885987401008605957e-02
1.524418592453002930e-02
1.196561977267265320e-01
1.559942215681076050e-02
4.752697050571441650e-02
4.176606237888336182e-02
2.816906273365020752e-01
4.352330863475799561e-01
2.147519990103319287e-04
4.611672461032867432e-02
7.815809547901153564e-02
2.246971428394317627e-02
9.111142158508300781e-02
2.445258647203445435e-01
4.824174046516418457e-01
4.119810760021209717e-01
4.007063806056976318e-01
7.159284949302673340e-01
3.463093936443328857e-01
3.867405652999877930e-01
4.530623927712440491e-02
2.591374516487121582e-02
3.152112662792205811e-02
2.712510526180267334e-03
7.610237598419189453e-02
8.483131229877471924e-02
9.111660718917846680e-02
3.032140433788299561e-02
3.464485704898834229e-02
5.315393209457397461e-02
7.188680768013000488e-02
3.383392840623855591e-02
4.428316652774810791e-02
4.465214908123016357e-02
1.058135298080742359e-03
1.761463284492492676e-02
1.032108999788761139e-02
7.678715046495199203e-03
2.406753599643707275e-03
5.741100013256072998e-02
4.643378313630819321e-03
4.173573106527328491e-02
2.994423806667327881e-01
2.777409851551055908e-01
4.580302536487579346e-01
5.709073543548583984e-01
3.378002047538757324e-01
3.063299059867858887e-01
2.878420054912567139e-01
6.273222565650939941e-01
5.137791037559509277e-01
5.957165360450744629e-01
1.183558925986289978e-01
1.313114017248153687e-01
3.452018499374389648e-01
3.747456669807434082e-01
5.124308466911315918e-01
3.662244230508804321e-02
1.073620617389678955e-01
2.064993083477020264e-01
8.463941514492034912e-03
2.325536161661148071e-01
4.996159672737121582e-02
8.806623518466949463e-03
1.466780900955200195e-02
3.071419522166252136e-02
1.162233948707580566e-01
1.407442390918731689e-01
1.266227960586547852e-01
5.489623174071311951e-02
2.454120665788650513e-01
5.085191726684570312e-01
3.963193595409393311e-01
5.021223425865173340e-01
3.047743737697601318e-01
5.050019621849060059e-01
6.665158271789550781e-01
6.795681715011596680e-01
2.693417072296142578e-01
4.060847163200378418e-01
2.761937677860260010e-02
1.605492085218429565e-02
1.671925187110900879e-02
4.977297782897949219e-02
1.559580713510513306e-01
1.800202578306198120e-01
2.309775948524475098e-01
8.931715041399002075e-02
2.961612939834594727e-01
6.005481351166963577e-03
5.930387973785400391e-02
4.223249852657318115e-02
4.827371239662170410e-02
1.422600299119949341e-01
1.953778713941574097e-01
1.106437444686889648e-01
1.967303305864334106e-01
2.198372781276702881e-01
3.563485443592071533e-01
3.096564114093780518e-01
8.585705161094665527e-01
9.466521739959716797e-01
3.577106297016143799e-01
4.294382631778717041e-01
3.608453273773193359e-01
2.297632396221160889e-02
5.004596114158630371e-01
7.831262797117233276e-02
4.289604723453521729e-02
4.276863858103752136e-02
2.189317196607589722e-01
1.858143210411071777e-01
2.971373796463012695e-01
5.525534152984619141e-01
6.402254700660705566e-01
4.621944129467010498e-01
3.834765255451202393e-01
1.053339242935180664e-01
2.615982294082641602e-02
2.893545478582382202e-02
1.534245312213897705e-01
1.793509870767593384e-01
3.258994594216346741e-02
2.708613872528076172e-03
3.544200211763381958e-02
5.260713398456573486e-03
4.454745352268218994e-02
3.327167034149169922e-02
5.872234702110290527e-03
2.150460332632064819e-02
8.668506145477294922e-02
7.750367522239685059e-01
3.510085046291351318e-01
3.330463767051696777e-01
4.204410016536712646e-01
3.925359249114990234e-02
7.390381395816802979e-02
8.270844817161560059e-03
4.531174898147583008e-01
3.907497227191925049e-02
4.599953889846801758e-01
3.661963939666748047e-01
3.177523314952850342e-01
7.100012898445129395e-01
5.668582916259765625e-01
3.818756937980651855e-01
6.548166871070861816e-01
5.639864206314086914e-01
5.887284874916076660e-01
2.869608253240585327e-02
2.328503131866455078e-02
1.486618071794509888e-02
4.753680527210235596e-02
2.243461459875106812e-02
2.379488945007324219e-02
1.570939123630523682e-01
1.788770407438278198e-02
2.201011031866073608e-02
1.305318810045719147e-02
3.901575207710266113e-01
2.168182879686355591e-01
3.809477090835571289e-01
1.770310252904891968e-01
3.908689022064208984e-01
4.092261493206024170e-01
3.881468772888183594e-01
6.566691994667053223e-01
3.026889562606811523e-01
3.364153504371643066e-01
3.966836258769035339e-02
2.329293638467788696e-01
1.839921921491622925e-01
1.386798769235610962e-01
1.194744631648063660e-01
2.107532769441604614e-01
4.872626662254333496e-01
5.349248647689819336e-01
4.897792041301727295e-01
4.201702773571014404e-01
1.925510168075561523e-02
1.466519106179475784e-02
4.999145865440368652e-02
4.342012107372283936e-02
2.793804369866847992e-02
3.410512581467628479e-02
3.499507904052734375e-02
8.102560043334960938e-02
6.357318162918090820e-02
1.758497208356857300e-02
2.706149220466613770e-02
2.409648895263671875e-02
1.125990450382232666e-01
1.076906472444534302e-01
3.803172707557678223e-02
4.288552328944206238e-02
4.092860594391822815e-02
6.041601300239562988e-03
2.113446593284606934e-03
8.884468674659729004e-02
3.205400705337524414e-02
2.641365677118301392e-02
6.137073040008544922e-03
5.989254638552665710e-02
6.996173877269029617e-03
2.541082799434661865e-01
2.416319549083709717e-01
1.920072585344314575e-01
1.853494346141815186e-01
9.674773551523685455e-03
2.004627436399459839e-01
4.214381054043769836e-02
3.216297924518585205e-02
1.046648174524307251e-01
2.949714660644531250e-03
5.038094520568847656e-01
5.794818997383117676e-01
4.778227508068084717e-01
7.261732220649719238e-01
4.869832396507263184e-01
4.970237016677856445e-01
7.193784117698669434e-01
6.488963365554809570e-01
5.950053930282592773e-01
5.098982453346252441e-01
5.823265314102172852e-01
4.619666934013366699e-01
5.206801891326904297e-01
5.366097092628479004e-01
6.403534412384033203e-01
6.602463722229003906e-01
4.957025945186614990e-01
8.066992163658142090e-01
4.957618415355682373e-01
6.125917434692382812e-01
4.280841350555419922e-02
2.262118160724639893e-01
1.547088325023651123e-01
4.004570096731185913e-02
1.189009472727775574e-01
3.546894341707229614e-02
2.360647916793823242e-02
1.515838056802749634e-01
5.463707447052001953e-02
4.651841521263122559e-02
4.260372817516326904e-01
2.068895697593688965e-01
6.001845002174377441e-01
4.968148171901702881e-01
1.314506232738494873e-01
5.285792350769042969e-01
4.367846548557281494e-01
4.598476886749267578e-01
3.372950553894042969e-01
3.259080648422241211e-01
3.896662294864654541e-01
3.800849616527557373e-01
3.619945943355560303e-01
1.626135408878326416e-02
1.487859487533569336e-01
2.923360466957092285e-02
4.613804817199707031e-02
6.841379404067993164e-02
1.161053031682968140e-02
1.804839968681335449e-01
5.498712882399559021e-02
4.182855784893035889e-02
8.594632148742675781e-03
3.017628192901611328e-02
1.388722658157348633e-02
2.668589353561401367e-01
4.872818291187286377e-01
3.145300745964050293e-01
3.777018487453460693e-01
5.001047253608703613e-01
1.814301460981369019e-01
5.716994404792785645e-01
6.098452210426330566e-01
6.149278581142425537e-02
2.397847361862659454e-02
4.108051210641860962e-02
7.659775018692016602e-02
2.738448977470397949e-02
2.446012198925018311e-02
4.405416548252105713e-02
3.588671684265136719e-01
5.449309945106506348e-02
1.809193752706050873e-02
2.800907790660858154e-01
4.699623584747314453e-01
6.592117547988891602e-01
3.944058418273925781e-01
6.134504079818725586e-02
1.002582162618637085e-01
1.864129304885864258e-01
4.710307344794273376e-02
7.830844819545745850e-02
1.179009377956390381e-01
8.805941045284271240e-02
4.960623681545257568e-01
4.246974289417266846e-01
7.031129002571105957e-01
6.492219567298889160e-01
5.709356069564819336e-01
4.396897554397583008e-01
3.898290693759918213e-01
5.226860940456390381e-02
2.458999305963516235e-01
1.444088369607925415e-01
5.067487061023712158e-02
5.436230078339576721e-02
2.492130249738693237e-01
2.841885089874267578e-01
1.961044967174530029e-03
9.257614612579345703e-02
3.485763072967529297e-02
1.508633792400360107e-02
1.553041487932205200e-02
