3.852584958076477051e-01
4.150331616401672363e-01
6.240776181221008301e-01
6.953020691871643066e-01
5.410770177841186523e-01
6.080649495124816895e-01
4.083141684532165527e-01
5.934900045394897461e-01
6.315451860427856445e-01
7.273989915847778320e-01
6.850383281707763672e-01
3.799687922000885010e-01
3.835344314575195312e-01
4.931046962738037109e-01
4.533532261848449707e-01
5.135846734046936035e-01
5.059532523155212402e-01
4.757795631885528564e-01
4.840067327022552490e-01
4.753482639789581299e-01
3.338382393121719360e-02
5.565943196415901184e-02
2.798290848731994629e-01
5.647586584091186523e-01
7.201395034790039062e-01
1.531196385622024536e-01
1.037995815277099609e+00
9.957881569862365723e-01
5.455898642539978027e-01
8.498942852020263672e-01
8.235756754875183105e-01
8.668928146362304688e-01
7.150961160659790039e-01
6.571555137634277344e-01
5.074293017387390137e-01
6.317359805107116699e-01
5.762241482734680176e-01
9.135516285896301270e-01
9.795898795127868652e-01
9.647650718688964844e-01
6.277980804443359375e-01
5.102756619453430176e-01
5.214104056358337402e-01
6.598252654075622559e-01
7.766957879066467285e-01
1.644489914178848267e-01
6.196742504835128784e-02
1.294516175985336304e-01
4.940484464168548584e-02
9.582775831222534180e-02
1.355934441089630127e-01
2.494799643754959106e-01
2.224141210317611694e-01
1.136322990059852600e-01
5.042961835861206055e-01
4.504052400588989258e-01
4.225350022315979004e-01
3.809613287448883057e-01
4.813835620880126953e-01
5.825120210647583008e-01
4.357272684574127197e-01
3.055122867226600647e-02
1.755154430866241455e-01
6.610565781593322754e-01
3.776597380638122559e-01
7.213051915168762207e-01
4.213762283325195312e-01
5.660341382026672363e-01
7.038719654083251953e-01
5.137529373168945312e-01
5.942095518112182617e-01
4.934979230165481567e-02
1.366369426250457764e-03
2.810373306274414062e-01
1.395807415246963501e-02
3.681735694408416748e-01
5.689979195594787598e-01
4.946590065956115723e-01
5.200627446174621582e-01
5.008573532104492188e-01
3.212587237358093262e-01
3.619784414768218994e-01
3.772945106029510498e-01
4.362874031066894531e-01
5.872362256050109863e-01
3.743995726108551025e-02
1.082159578800201416e-02
2.285005152225494385e-02
5.483303964138031006e-02
6.733127236366271973e-01
6.362001299858093262e-01
6.774856448173522949e-01
5.554444193840026855e-01
5.348182320594787598e-01
5.432232022285461426e-01
6.476132273674011230e-01
5.455305576324462891e-01
6.227884888648986816e-01
4.782881438732147217e-01
5.193142294883728027e-01
6.620371341705322266e-01
5.814168453216552734e-01
6.892763078212738037e-03
4.050804674625396729e-02
4.070892930030822754e-03
4.120707511901855469e-02
9.390711784362792969e-03
5.343503355979919434e-01
5.344169139862060547e-01
5.082224011421203613e-01
5.906799435615539551e-01
6.134102344512939453e-01
5.982711911201477051e-01
5.393246412277221680e-01
9.862332344055175781e-01
5.465298891067504883e-01
6.138980984687805176e-01
4.888215959072113037e-01
6.074874401092529297e-01
6.122449040412902832e-01
7.633574008941650391e-01
5.336202979087829590e-01
5.074258446693420410e-01
9.004959464073181152e-01
8.589223027229309082e-01
4.476413726806640625e-01
4.835671186447143555e-01
4.002754688262939453e-01
3.835720717906951904e-01
4.090425968170166016e-01
4.500687122344970703e-01
7.150796055793762207e-01
6.278160214424133301e-01
7.722413539886474609e-01
8.870190382003784180e-01
8.608246445655822754e-01
5.471554994583129883e-01
5.192958712577819824e-01
2.699641585350036621e-01
4.300480484962463379e-01
4.954126477241516113e-01
5.377018451690673828e-01
4.388653337955474854e-01
6.169862151145935059e-01
7.838023304939270020e-01
4.306261241436004639e-01
6.044859290122985840e-01
5.070793628692626953e-01
1.082092747092247009e-01
1.655301824212074280e-02
4.228123426437377930e-01
3.209845721721649170e-02
5.483253300189971924e-02
1.335769891738891602e-03
2.295903861522674561e-02
4.965122044086456299e-02
3.739662468433380127e-02
3.900934755802154541e-02
1.687151193618774414e-01
6.786691546440124512e-01
4.299882054328918457e-01
5.226552486419677734e-01
6.164840459823608398e-01
3.634577989578247070e-01
5.724578499794006348e-01
4.863712489604949951e-01
4.440105259418487549e-01
5.941492319107055664e-01
5.488832592964172363e-01
5.480493903160095215e-01
5.022319555282592773e-01
3.959262073040008545e-01
1.357444971799850464e-01
1.175199449062347412e-02
2.361848950386047363e-02
1.980634033679962158e-02
6.867254376411437988e-01
7.116532325744628906e-01
7.237891554832458496e-01
5.822955965995788574e-01
4.084965288639068604e-01
4.565158784389495850e-01
4.140144586563110352e-02
2.890487611293792725e-01
6.635739803314208984e-01
5.740949511528015137e-01
5.756998658180236816e-01
5.256125330924987793e-01
5.614498257637023926e-01
5.197634100914001465e-01
1.144482612609863281e+00
7.555835247039794922e-01
8.702351450920104980e-01
1.078539937734603882e-01
3.617283701896667480e-01
4.352229535579681396e-01
1.089358180761337280e-01
1.574136912822723389e-01
1.335278600454330444e-01
2.740287780761718750e-02
1.821373403072357178e-02
1.935271918773651123e-01
1.977886259555816650e-02
7.994567858986556530e-04
1.317173242568969727e-02
