0.0883353906071
0.0822799098308
0.0811173507982
0.0805519061887
0.0793426464745
0.0788435719102
0.0783721023671
0.0791194640384
0.078863932525
0.0784191721624
0.077972192449
0.0773253758981
0.078373885804
0.0778223199679
0.0772180276262
0.0777051300702
0.07735931648
0.0769541098505
0.077676024132
0.0769222987571
0.0766348096081
0.0765697334963
0.0766262376241
0.0769365235932
0.0769049847082
0.0766939086902
0.0766649891542
0.0762296505613
0.0768986840888
0.0763630895436
0.0762974630535
0.0766075864987
0.0760732712126
0.0765183986342
0.0764443497858
0.0763925547173
0.0766485445496
0.075744358107
0.0758470914305
0.0764831561244
0.0766133022017
0.0762098700976
0.0757808114365
0.0760788404174
0.0762282421886
0.0763126038333
0.0762050109506
0.0755758647382
0.0767013592223
0.075914338256
0.0758903219681
0.0759243671956
0.0760504751559
0.075900530592
0.0759905969683
0.0757276742489
0.0763742849873
0.0760050220802
0.0756248777692
0.0755602365929
0.0755425613946
0.0759456144694
0.0762079830565
0.0763783718215
0.0759206443735
0.0759857767822
0.0763310852384
0.0754728290842
0.0755170249779
0.0757647623137
0.0757369661584
0.0762159646699
0.0755359985742
0.0759722746471
0.0759162255651
0.0757259895054
0.0755196922373
0.0756382254161
0.0754552750444
0.0755283236235
0.0752147680396
0.0749694823139
0.0757321641852
0.0756326980435
0.0762054672849
0.075763747758
0.0755314061682
0.0758653459808
0.0753024585426
0.0758688571902
0.0750307666792
0.0751249382795
0.0755288467535
0.0753846372498
0.075184441614
0.0757979049572
0.0752658492674
0.0758760917413
0.0759446541815
0.0753952126077
