0.593093303675
0.598938460491
0.595373644572
0.608125032357
0.602521483538
0.596735398087
0.610133720589
0.604844142918
0.587022855471
0.603284990405
0.605166141491
0.602422507732
0.593623578986
0.60503982591
0.603143347098
0.605135835059
0.590672366525
0.595133578073
0.606449656711
0.595221356204
0.598168322274
0.59331338887
0.601403286706
0.59428651038
0.611451585038
0.594263271571
0.605974991667
0.601533965018
0.596758171539
0.604407491797
0.611592879326
0.598744057234
0.609573895051
0.590491458647
0.606311125485
0.603514848116
0.593328658426
0.605438201345
0.607081699976
0.601081637152
0.560362153141
0.604764101362
0.594340433725
0.599839742378
0.60041829857
0.610907610754
0.603066592132
0.599261186186
0.604856416733
0.610524359449
0.599567275335
0.608251173429
0.599981327515
0.597283269744
0.61049347132
0.599571550811
0.590220765781
0.605128272993
0.600276480754
0.610352060692
0.598080195125
0.604013188243
0.58716941412
0.596213819151
0.588227143511
0.60622314376
0.598754644126
0.601471752485
0.592227738006
0.599620878747
0.615820044942
0.616034749437
0.608128726135
0.597345133258
0.598041861269
0.601157839506
0.599072890751
0.597987588905
0.594956625737
0.581674322773
0.61001458897
0.603955309355
0.589173390603
0.593837934462
0.578339742669
0.596931051994
0.603817563421
0.589292376798
0.603292756065
0.598317498562
0.603733100965
0.586924548617
0.592680822078
0.603610653671
0.604737343283
0.600394914336
0.601625233333
0.601479692654
0.599927607764
0.596098904838
