0.417622523462
0.420407427438
0.422088006903
0.437835459745
0.432813979513
0.405219913001
0.43553688824
0.435076762946
0.401341430255
0.422100269742
0.43477502616
0.422935779817
0.394783993629
0.432365439093
0.419251134644
0.429756537421
0.391514553527
0.398456820655
0.442038109628
0.405482581382
0.415730337079
0.389116202946
0.417207945025
0.398111723053
0.444983118345
0.402608612257
0.433720003542
0.411143695015
0.409185409185
0.430706280021
0.451314266821
0.401886981833
0.438290293856
0.405474452555
0.448424756117
0.424019156382
0.390407478915
0.435944140862
0.447014743015
0.41175329713
0.273417721519
0.428726483357
0.392958316471
0.411837946557
0.415662650602
0.440837324818
0.420776789892
0.407876779099
0.423846010092
0.44010301039
0.41723691511
0.442378230828
0.415808203783
0.409551786222
0.443014865687
0.409785341327
0.376826943444
0.428233151184
0.41560883874
0.437545126354
0.415212775778
0.423284359308
0.384125721106
0.41034740381
0.387491368255
0.44637351939
0.417779403695
0.425440558189
0.406520537852
0.418176800662
0.459656513286
0.459142064916
0.439676886997
0.399759422614
0.415275343603
0.419384729429
0.416056364142
0.424632512829
0.409886142738
0.353031803676
0.439741432746
0.429044677232
0.397050482133
0.400348297214
0.351889738344
0.402050675343
0.425446224256
0.393956889915
0.420518602029
0.420619294791
0.427475403917
0.374466312611
0.391775325978
0.424326064955
0.427647755214
0.421815546295
0.423034934498
0.421275032151
0.416751977664
0.409061001974
