0.716094584287
0.749714285714
0.756297326534
0.746450617284
0.763149134487
0.773296694415
0.770030248972
0.770008690843
0.76919460984
0.777901430843
0.77362251814
0.775487465181
0.775074556585
0.77150893448
0.777542206517
0.778263585259
0.770921651751
0.778016043205
0.778603498994
0.781314330958
0.781067884706
0.78273381295
0.777156360772
0.782601678502
0.781917456239
0.784006595218
0.782861762328
0.782629674306
0.793946830266
0.779879149337
0.789899952358
0.787614070665
0.784597062326
0.7863180346
0.783994847436
0.782995629718
0.782527301092
0.787005920947
0.778729594311
0.782325359612
0.786349206349
0.789669689119
0.783298883836
0.787554996857
0.785626786443
0.785662621554
0.782472095907
0.786764115332
0.787298067786
0.789381097073
0.785088776412
0.78888977572
0.784847773343
0.787956850749
0.785493072535
0.786046511628
0.791351872689
0.786629434954
0.784569453174
0.788607594937
0.790734320832
0.780285221752
0.787802577806
0.789071726636
0.78707712041
0.787132644956
0.783448720013
0.784730913642
0.78705978706
0.784249114425
0.786719367589
0.784590690209
0.788741507603
0.784755166037
0.783421575116
0.784232365145
0.784915976522
0.785492722501
0.789020893077
0.787721713777
0.790010439252
0.787281399046
0.787021224689
0.790048444043
0.791646966115
0.789196100368
0.790218369183
0.788368592029
0.786604859335
0.785091327958
0.788324708926
0.79048770657
0.788136955473
0.784269662921
0.784300845718
0.793858947705
0.790365315134
0.784559122308
0.785159346758
0.789012738854
0.791226132239
0.78742491614
0.790262776076
0.78848991638
0.785869828212
0.789670902574
0.789737072047
0.78739133967
0.788971539457
0.791841917308
0.786185295087
0.788852459016
0.782125683966
0.78948199621
0.787077826725
0.787109701119
0.785796293259
0.786217178829
0.786216821234
0.788148843027
0.786495020646
0.78930993219
0.79035639413
0.789498655701
0.789790512882
0.787370103917
0.789672645379
0.792955117279
0.791590638635
0.789794238683
0.789319388321
0.78822766337
0.789611212289
0.790648591606
0.787471302066
0.786817054636
0.785778066401
0.785956607495
0.790467551744
0.787922822314
0.78227023592
0.78729689808
0.785008237232
0.791716831206
0.793281442032
0.790186803496
0.787018255578
0.787385229541
0.785857131429
0.785798260052
0.790500285644
0.786250103042
0.788598956242
0.787622617434
0.785946031495
0.792467884784
0.789267656174
0.784774973454
0.789331639943
0.785500498836
0.786962914556
0.792207792208
0.79060068971
0.785893798135
0.788030327472
0.789452463511
0.788823386901
0.791629635614
0.78557844691
0.785958224128
0.784142449185
0.788093893684
0.787766300839
0.78846928094
0.792385581207
0.785244824187
0.783050569625
0.788109629875
0.788244766506
0.78629957391
0.792279855247
0.784353059178
0.776723486439
0.788083192805
0.788186206332
0.787794729542
0.784066743007
0.788064516129
0.785222083852
0.78874847126
0.789898167006
0.791297994967
0.790932811481
0.790149374243
0.788734629115
0.788453871302
0.782473127103
0.781938690969
0.786559008238
0.787032418953
