0.0759949358534
0.0534602702477
0.0490646476302
0.0470318281338
0.0458449076345
0.0444435123118
0.0435768953137
0.042907617787
0.0423139816869
0.0418805260327
0.0418186651177
0.0414704517815
0.0410662095582
0.040701018263
0.0406414059697
0.0401295550049
0.0397637237399
0.040003668375
0.0398394498089
0.0393829186376
0.0395087164959
0.0392229119286
0.038827261545
0.0392394382516
0.0386940887572
0.0387266609221
0.0386294636909
0.0384848927447
0.0383571466942
0.038441241263
0.0381411607089
0.0381616179656
0.038154544026
0.0377789468378
0.0380799707886
0.0382321812324
0.0379735144749
0.037524264469
0.037613176644
0.0379548400839
0.0375239657478
0.0373390957803
0.037458331412
0.0374311213706
0.0373539830159
0.0374295459667
0.0372436306283
0.0373826052913
0.0366993923114
0.0367878249684
0.0368763648828
0.0370174016339
0.0372956104358
0.0368118672016
0.0373803183818
0.0369764978805
0.0366198182919
0.0366502208294
0.0371560285905
0.0363982264614
0.0364965654465
0.0367472747703
0.0369025520878
0.0365616416032
0.0364897002464
0.036588684269
0.0363747566338
0.0362964783052
0.0364154672226
0.0364601255583
0.0363132067403
0.0365760806305
0.0362287306975
0.0362149644174
0.036392417096
0.0362648887196
0.0363255721215
0.0362070220913
0.0362374353751
0.036193077051
0.0359845076465
0.0363115010132
0.0360566509516
0.0358977052681
0.0361246256329
0.0356537650751
0.0357870095846
0.0357792909682
0.0362135739984
0.036217437846
0.0358949069971
0.0358195248378
0.0358728631134
0.0361575028649
0.0359075268161
0.0364537987328
0.0356783293572
0.0359443766655
0.0356421577269
0.0357508742084
0.0358579745438
0.0356031621221
0.0355827108807
0.0357594682142
0.0357254811085
0.0354734214618
0.0356333195576
0.0354862718113
0.0357736576202
0.0355456904049
0.0354181812738
0.0352041150442
0.0356314422764
0.0353000745594
0.0351511988303
0.0353467276803
0.0354007639274
0.0355914200477
0.0354959461874
0.0354480848118
0.0353589865184
0.0351683550503
0.0352897629958
0.0357624412708
0.0357631860199
0.0351057843329
0.0353630775603
0.0354686230906
0.0354673081215
0.0355636982171
0.0353821423226
0.0353469811894
0.0352391774041
0.0354416928284
0.0354709395632
0.0352725805777
0.0352352960255
0.0352471975995
0.0352962400763
0.0353443266239
0.0353989217183
0.0348496409507
0.0348740102147
0.0350486281728
0.0351727793447
0.0349233406511
0.0352185719884
0.0351295558363
0.0353113483208
0.0352033228904
0.0350365330957
0.0351792573506
0.0349182088091
0.0350308263442
0.0351833663871
0.0349118127347
0.0351933884027
0.0353355360205
0.0349653703321
0.0351456077668
0.0349502606992
0.0353663845593
0.0349588734208
0.0353038789771
0.0354022407556
0.035164506559
0.0346337914628
0.0348364092278
0.0349656570323
0.0354613423306
0.0350137659795
0.0349087926764
0.0351741713325
0.0348577168331
0.0352595519454
0.034482518114
0.0346146663821
0.0351661406664
0.0349283754363
0.0348496336184
0.0349295837202
0.0348362467641
0.03521589653
0.0351277709435
0.0348947994594
0.0349179589226
0.034923531988
0.0347451911741
0.0347957089026
0.0349124504727
0.0346030985604
0.0346291138031
0.0345481017617
0.0352249331248
0.0345945660976
0.0347942020505
0.0347750723814
0.034752416953
0.0348173539658
0.0347792318315
