0.810030440223
0.827577050178
0.839587879056
0.83219470923
0.834817117259
0.846146051409
0.849594935045
0.846923809862
0.847510102629
0.851956131875
0.84831133257
0.849978506283
0.851714523878
0.841600813678
0.853500538361
0.854903214285
0.848525775301
0.852170749116
0.856455328261
0.855102678309
0.855727334017
0.854727192665
0.852741714157
0.853213412545
0.853450977746
0.851082713292
0.853140613121
0.853749941103
0.859449266392
0.855363191471
0.861096953244
0.862177543341
0.857141672973
0.859211235833
0.854589301306
0.855823255911
0.858291252377
0.857754985583
0.850151154058
0.855298186791
0.858513751616
0.857919925868
0.850151415822
0.860989513742
0.853650470855
0.856087840955
0.849557357395
0.857000000582
0.859567699974
0.859617638693
0.855712238971
0.859537131778
0.859536899099
0.857525098787
0.85385740969
0.856701037225
0.860280744596
0.853535556542
0.85873209172
0.860698316044
0.862944191374
0.855895909911
0.861127492355
0.861802057696
0.857513552094
0.858977509835
0.854198371596
0.859533059897
0.854263725295
0.851366319839
0.859402876028
0.855501431848
0.857387178343
0.855344315392
0.850155255025
0.856106920628
0.855463127077
0.85754412029
0.855624315415
0.85642903554
0.859426056668
0.858966021312
0.855302287758
0.85604592966
0.863607239107
0.859579304837
0.856766420008
0.860284409289
0.857628495492
0.852155828578
0.857130388044
0.859180813062
0.857904510889
0.855263808477
0.851887520672
0.862944365883
0.859713502417
0.853600590306
0.857793203099
0.860012349435
0.863089848392
0.862008909277
0.859027506723
0.855152907876
0.855704618735
0.85697716896
0.860912991454
0.855720033715
0.857605634786
0.862637665951
0.852677087581
0.855440353625
0.848913505675
0.861652619645
0.854865403957
0.851454621498
0.853152276153
0.851979603364
0.857291227364
0.862227394804
0.855578186814
0.859924222285
0.859046673651
0.861441841607
0.859337900433
0.85817273154
0.858927832881
0.859939753605
0.862499687338
0.855501722697
0.860997279401
0.856639842662
0.861315380602
0.858226567631
0.854390215385
0.857651501623
0.85466221707
0.859134568122
0.855701041296
0.857069048058
0.855328842242
0.854141103492
0.851925883613
0.860763640658
0.858713419235
0.85980546877
0.861686968874
0.858368181853
0.85693863151
0.860038991174
0.857295299245
0.852711582234
0.858406573878
0.858716938504
0.858663189668
0.862250633614
0.856509600624
0.853006590049
0.86072135126
0.850918005686
0.854585636612
0.859380189831
0.860062259068
0.854941984414
0.857283665298
0.858368298192
0.857682273413
0.859671416613
0.858180293606
0.858111333384
0.848472899011
0.857318159952
0.857015386477
0.857866206117
0.859824752037
0.852485418301
0.851247449984
0.85338617666
0.857712899779
0.853639011417
0.860878642225
0.849323689567
0.84326051258
0.858000316443
0.855241035026
0.855375145352
0.852286070617
0.857333487677
0.850925655006
0.856168493293
0.857130475299
0.858701814372
0.857747539856
0.858682589275
0.860361077001
0.859360819309
0.850661069962
0.848875171819
0.854524296626
0.852037133233
