0.143794582272
0.134638029644
0.131994179094
0.128750619748
0.127177624463
0.126382856549
0.124996724382
0.12343194067
0.122394299608
0.121004657438
0.119923340478
0.119273827274
0.118041153504
0.117209082599
0.116647005359
0.115774327086
0.114457036283
0.114675031384
0.113590553445
0.113606296119
0.113606967853
0.112987471588
0.112044552277
0.112408298584
0.111276091225
0.112077694402
0.111880161065
0.111125999387
0.111132034944
0.11081818492
0.110411874693
0.110838655469
0.109961281162
0.11039605112
0.110602016207
0.109865257159
0.109596707181
0.10965975541
0.109156931337
0.10973627319
0.108907478469
0.109433013239
0.1088155076
0.109607638155
0.108758657287
0.108228797456
0.108058085583
0.109081841581
0.109076475154
0.108188511455
0.10818856854
0.108302942064
0.108146796825
0.108621111121
0.107550887164
0.108090230946
0.107944121013
0.10758789637
0.107639188972
0.108055564214
0.107182853162
0.107514056928
0.107963250572
0.107720344543
0.107759576552
0.10780441679
0.107833776842
0.10738654348
0.108045636438
0.107511832715
0.107783073013
0.107214813859
0.106725853456
0.106885416577
0.106772723412
0.106670718067
0.107394829617
0.106886780321
0.10710947381
0.106786246685
0.107215955405
0.10724695789
0.107001806503
0.106438990845
0.107102299671
0.106563919472
0.106557385249
0.106846265233
0.106652300696
0.106533613981
0.106749771732
0.106716207318
0.107194813612
0.106981642025
0.106826393707
0.10719840805
0.106525463163
0.106324385762
0.107090816526
0.106460595038
