0.0020000000949949026
0.0020000000949949026
0.0020000000949949026
0.0020000000949949026
0.0020000000949949026
0.0020000000949949026
0.0020000000949949026
0.0020000000949949026
0.0020000000949949026
0.0020000000949949026
0.0020000000949949026
0.0020000000949949026
0.0020000000949949026
0.0020000000949949026
0.0020000000949949026
0.0020000000949949026
0.0020000000949949026
0.0020000000949949026
0.0020000000949949026
0.0020000000949949026
0.00039999998989515007
0.00039999998989515007
0.00039999998989515007
0.00039999998989515007
0.00039999998989515007
0.00039999998989515007
0.00039999998989515007
0.00039999998989515007
0.00039999998989515007
0.00039999998989515007
0.00039999998989515007
0.00039999998989515007
0.00039999998989515007
0.00039999998989515007
0.00039999998989515007
0.00039999998989515007
0.00039999998989515007
0.00039999998989515007
0.00039999998989515007
0.00039999998989515007
7.999999797903001e-05
7.999999797903001e-05
7.999999797903001e-05
7.999999797903001e-05
7.999999797903001e-05
7.999999797903001e-05
7.999999797903001e-05
7.999999797903001e-05
7.999999797903001e-05
7.999999797903001e-05
7.999999797903001e-05
7.999999797903001e-05
7.999999797903001e-05
7.999999797903001e-05
7.999999797903001e-05
7.999999797903001e-05
7.999999797903001e-05
7.999999797903001e-05
7.999999797903001e-05
7.999999797903001e-05
1.5999999959603883e-05
1.5999999959603883e-05
1.5999999959603883e-05
1.5999999959603883e-05
1.5999999959603883e-05
1.5999999959603883e-05
1.5999999959603883e-05
1.5999999959603883e-05
1.5999999959603883e-05
1.5999999959603883e-05
1.5999999959603883e-05
1.5999999959603883e-05
1.5999999959603883e-05
1.5999999959603883e-05
1.5999999959603883e-05
1.5999999959603883e-05
1.5999999959603883e-05
1.5999999959603883e-05
1.5999999959603883e-05
1.5999999959603883e-05
3.2000000373955118e-06
3.2000000373955118e-06
3.2000000373955118e-06
3.2000000373955118e-06
3.2000000373955118e-06
3.2000000373955118e-06
3.2000000373955118e-06
3.2000000373955118e-06
3.2000000373955118e-06
3.2000000373955118e-06
3.2000000373955118e-06
3.2000000373955118e-06
3.2000000373955118e-06
3.2000000373955118e-06
3.2000000373955118e-06
3.2000000373955118e-06
3.2000000373955118e-06
3.2000000373955118e-06
3.2000000373955118e-06
3.2000000373955118e-06
6.399999961104186e-07
6.399999961104186e-07
6.399999961104186e-07
6.399999961104186e-07
6.399999961104186e-07
6.399999961104186e-07
6.399999961104186e-07
6.399999961104186e-07
6.399999961104186e-07
6.399999961104186e-07
6.399999961104186e-07
6.399999961104186e-07
6.399999961104186e-07
6.399999961104186e-07
6.399999961104186e-07
6.399999961104186e-07
6.399999961104186e-07
6.399999961104186e-07
6.399999961104186e-07
6.399999961104186e-07
1.2799999637991277e-07
1.2799999637991277e-07
1.2799999637991277e-07
1.2799999637991277e-07
1.2799999637991277e-07
1.2799999637991277e-07
1.2799999637991277e-07
1.2799999637991277e-07
1.2799999637991277e-07
1.2799999637991277e-07
1.2799999637991277e-07
1.2799999637991277e-07
1.2799999637991277e-07
1.2799999637991277e-07
1.2799999637991277e-07
1.2799999637991277e-07
1.2799999637991277e-07
1.2799999637991277e-07
1.2799999637991277e-07
1.2799999637991277e-07
2.5600000341796658e-08
2.5600000341796658e-08
2.5600000341796658e-08
2.5600000341796658e-08
2.5600000341796658e-08
2.5600000341796658e-08
2.5600000341796658e-08
2.5600000341796658e-08
2.5600000341796658e-08
2.5600000341796658e-08
2.5600000341796658e-08
2.5600000341796658e-08
2.5600000341796658e-08
2.5600000341796658e-08
2.5600000341796658e-08
2.5600000341796658e-08
2.5600000341796658e-08
2.5600000341796658e-08
2.5600000341796658e-08
2.5600000341796658e-08
5.11999997954149e-09
5.11999997954149e-09
5.11999997954149e-09
5.11999997954149e-09
5.11999997954149e-09
5.11999997954149e-09
5.11999997954149e-09
5.11999997954149e-09
5.11999997954149e-09
5.11999997954149e-09
5.11999997954149e-09
5.11999997954149e-09
5.11999997954149e-09
5.11999997954149e-09
5.11999997954149e-09
5.11999997954149e-09
5.11999997954149e-09
5.11999997954149e-09
