0.620790362325
0.69471133039
0.723898291227
0.734936812067
0.74546809039
0.75144238266
0.763023576116
0.76432933559
0.771355652304
0.771299046428
0.771528046422
0.767781018622
0.773521347434
0.778696761227
0.769041580201
0.776287932251
0.763113242346
0.7695011078
0.777269260107
0.777158992862
0.775305981064
0.778557655226
0.771896955504
0.77731222843
0.776342935738
0.778196355808
0.778399378399
0.779987569919
0.779590898644
0.778247177203
0.780555555556
0.784148529526
0.782105669109
0.77962962963
0.784836065574
0.782148142379
0.783590222637
0.78345194338
0.782122048451
0.77893288488
0.781850451424
0.781457978641
0.782988004362
0.783229813665
0.783277643951
0.783265814896
0.783990032705
0.782069179463
0.783830185734
0.784182201076
0.785697519756
0.78302106818
0.784626201078
0.784322856034
0.785240658398
0.782798379557
0.781257248898
0.782534246575
0.785284698899
0.782372565754
0.783034257749
0.782635658915
0.78330359221
0.782925882809
0.783724910534
0.783433056182
0.783905546062
0.784484772957
0.785955012148
0.784683771348
0.782440083766
0.78234422522
0.782891678289
0.783550120726
0.785624804259
0.78432596987
0.784099766173
0.784564911733
0.782710098733
0.782352027342
0.783141881403
0.78405367452
0.78308279461
0.782900382245
0.783456886461
0.784877362912
0.78435981821
0.782655910642
0.783800720664
0.783827997196
0.784003756456
0.784780396148
0.78345536688
0.783703934069
0.783644859813
0.784185539731
0.783703934069
0.784301461965
0.783392940445
0.783319069478
0.783527583528
0.783347626101
0.784159660564
0.784301461965
0.78420023465
0.782595206701
0.783497114335
0.782777648247
0.782750836771
0.783874755382
0.783777484267
0.783294301327
0.783440977356
0.783785886563
0.783165456391
0.784304584305
0.783519662263
0.784102443976
0.7825
0.785483234714
0.782960199005
0.784011220196
0.783967497461
0.783487522351
0.783802761957
0.783998752339
0.782979383041
0.783815389413
0.7828438949
0.783190661479
0.784231069477
0.783739584145
0.784427385242
0.782251182996
0.782891678289
0.783028415726
0.782656164704
0.782940306639
0.782568093385
0.783239700375
0.783182065007
0.782790697674
0.783946279378
0.783695142902
0.783910196445
0.78407398699
0.783582089552
0.784629832525
0.784178847807
0.78210902314
0.782379401272
0.78177867453
0.783400809717
0.782966819489
0.782210493636
0.783489096573
0.784246575342
0.783758410264
0.78368683718
0.784307620456
0.783162472818
0.784620193811
0.783566351636
0.782500775675
0.784255419047
0.783535636477
0.783034257749
0.783756345178
0.783299579374
0.784014927694
0.782955433933
0.783677944862
0.784430201657
0.783758556316
0.783487522351
0.78295481152
0.783402230715
0.783426616915
