0.0703565207153
0.0521880772684
0.0489045534733
0.0470110912674
0.0453640666009
0.0446118821031
0.044350588881
0.0431067729729
0.0431197201977
0.0428094408481
0.0420337652668
0.0417095984229
0.0411766349862
0.041192408854
0.0411549574941
0.0407601638047
0.0406882352727
0.0404398718496
0.0399396792844
0.0397721810734
0.0396075878996
0.0398123229691
0.0395999333227
0.0394923665736
0.0396336534013
0.0393718313845
0.0391469413594
0.0389221832005
0.039342418663
0.0386664527242
0.0389059625784
0.0389626346713
0.03905281352
0.0384682897337
0.038608742113
0.0384373363523
0.0383145913022
0.0380367453218
0.0383693014985
0.0382365938237
0.0377138326211
0.0377591884466
0.0385930792505
0.03805814994
0.0375960200952
0.0380924726587
0.0373619752487
0.0376779808798
0.0376145463639
0.0374636894546
0.0375093969963
0.0375445855753
0.0374599016376
0.0374969666477
0.0373713706186
0.0374331558975
0.0373267779444
0.0372625360558
0.0370638923599
0.0370411344625
0.0371683179276
0.0370667726296
0.0372113713062
0.0369462975632
0.0370812937467
0.0371654852966
0.0371506431738
0.0369181573787
0.0369506690554
0.0367394606239
0.0368119374384
0.0364450560978
0.0369910672097
0.0367395609468
0.0367638327628
0.0371795333217
0.0368965396036
0.0364415028108
0.0369754826124
0.036777504126
0.0367242482528
0.0368195629235
0.0366048828822
0.0365766695098
0.0365864362451
0.0363947286108
0.0365653870543
0.036407072936
0.036422246028
0.0363626882629
0.0362873153979
0.0367429263301
0.0363689196066
0.0360862407027
0.0364356969613
0.0364686406917
0.0363541579409
0.0359520720194
0.0365414615848
0.0361672278155
