0.79296876227
0.811349991594
0.827304961239
0.836664006371
0.828638996875
0.839109462064
0.841121320546
0.849637311697
0.8457320574
0.844471082952
0.851269990757
0.847422324498
0.848686876384
0.855857488801
0.848169805603
0.854037445022
0.852634390995
0.85187579947
0.852462092237
0.853347232022
0.850649319676
0.8497908798
0.85403348948
0.855573882254
0.857329183117
0.85338946325
0.856601247043
0.853209137069
0.856731401827
0.851427427147
0.855849926735
0.854868923226
0.855830876147
0.858352476024
0.854991603199
0.861840246128
0.851902673888
0.857440665415
0.853964500174
0.860230515029
0.866814776509
0.852519651191
0.852849211829
0.853853570487
0.858061336496
0.855773491702
0.86020393146
0.856639464559
0.859889785802
0.861813633474
0.86380268942
0.862158463667
0.854723411632
0.858755301444
0.85959061885
0.852009997051
0.862656949218
0.853677258018
0.851906571261
0.864783663844
0.854110215362
0.86028435112
0.856290824248
0.849518936285
0.853891613495
0.852374197767
0.854938116127
0.851554091746
0.86865072971
0.863722124335
0.860004845539
0.860821170526
0.86095144165
0.860629501247
0.858184336403
0.864377610003
0.860644741718
0.86341187605
0.86257618054
0.861323117177
0.865044206091
0.860234615995
0.862081970465
0.85836440082
0.858705449981
0.869632053153
0.861372735961
0.860771231808
0.85591167391
0.853037274585
0.86371444593
0.860161816571
0.85956767089
0.854083515453
0.861399668549
0.857781860001
0.859330076604
0.86294058485
0.855459346044
0.857590161636
