0.517777346027
0.593142676568
0.609211502019
0.640908098668
0.63896271241
0.646371056695
0.648580721467
0.6280332598
0.654677369559
0.656379548595
0.657991690836
0.657088122605
0.659094374142
0.661145510836
0.665846153846
0.661080353135
0.658760700542
0.644833333333
0.646800501882
0.66078044935
0.665183207239
0.660176170607
0.667239896819
0.662076606521
0.650916496945
0.656951851574
0.670111972438
0.667876039305
0.6747303993
0.676518398108
0.661013029065
0.667240300375
0.659269458168
0.666875784191
0.676086458413
0.659910581222
0.673467980975
0.660878755851
0.66866476847
0.664189953158
0.677348144983
0.676380695145
0.667291471415
0.67788351732
0.662204159694
0.66479910357
0.663619296384
0.642125042706
0.655931203103
0.675662379647
0.671758964566
0.656718878813
0.64402242115
0.650634827209
0.652933129476
0.668645908762
0.65930725542
0.638167134831
0.671277587815
0.675809258615
0.664549952005
0.656764610914
0.672071055971
0.675102957694
0.666453571999
0.654120378047
0.666074887024
0.668989547038
0.666506679466
0.674535749192
0.67079091621
0.666720425772
0.658392056374
0.676488095238
0.678827165147
0.673632452366
0.671646341463
0.678139603887
0.668404663625
0.67055614487
0.671429657217
0.671885585247
0.668984806108
0.671735588486
0.671197312156
0.66525295365
0.659581268979
0.682327113063
0.672147677034
0.679509379509
0.664620711363
0.675941685784
0.674083167101
0.666562353309
0.666566828903
0.658040364583
0.671029602009
0.664565656566
0.673995451099
0.667350967233
0.668564152498
0.669721267659
0.673614678899
0.674388674389
0.658301158301
0.675627506312
0.659602870015
0.669719868712
0.670326223338
0.673998993602
0.671076809996
0.676887806276
0.65869258244
0.634522315827
0.676751358496
0.659216093239
0.657353187218
0.664591315453
0.667579320341
0.670750819205
0.673414615444
0.67344062894
0.673561430793
0.680698075051
0.659418457649
0.64033408735
0.662865403148
0.667376176832
0.669817578773
0.671794113297
0.666054343666
0.661786724339
0.673155820127
0.674103466347
0.664512569942
0.674221755859
0.678595292895
0.658146964856
0.680915589573
0.677630642176
0.667894610395
0.674307958478
0.657007244567
0.674457177322
0.668522384598
0.671907838406
0.67302368502
0.680952736504
0.685464124063
0.665566297257
0.659050818984
0.676306483301
0.676229827707
0.677443274507
0.671446709986
0.674282087895
0.674418604651
0.663357617485
0.668863755524
0.658769332017
0.676116772661
0.673182840742
0.669276830953
0.667074009012
0.649510210858
0.667458808619
0.673120645398
0.663641258365
0.671018885521
0.642033133836
0.676296296296
0.652206809584
0.678126671251
0.673823663773
0.668503635668
0.67831128289
0.674667679453
0.672338395484
0.666301883843
0.654268241602
0.671930870083
0.665060240964
0.671604540697
0.669971374712
0.668136211614
0.669979038894
0.672943355456
0.657418372526
0.670124045133
0.657340271262
0.667768855298
0.67861003861
0.67529983077
0.673677884615
0.661666263408
0.644842816316
0.660132890365
0.676710222905
0.6589964845
0.669422108665
