0.088590430978
0.0735758153065
0.067158335848
0.0632897281749
0.0612050200977
0.0598887324656
0.0584967403491
0.0572301205018
0.0568765485082
0.0559948426183
0.0549251124673
0.0546508593109
0.0545510322866
0.0535838416333
0.0534126174877
0.0532020223147
0.0527853899394
0.0522484866546
0.0523639812339
0.0523382426403
0.0517565007154
0.0521492517837
0.0517233992703
0.0511697974131
0.0515071196199
0.0511896459
0.0510272326631
0.0504920657922
0.0506798693898
0.0507372961249
0.0505333753797
0.0503891441879
0.0506370565045
0.0497665918379
0.0499541401453
0.0497861357994
0.0487575401696
0.0496824175014
0.0494195373636
0.0496683214342
0.0498485091083
0.0492141483342
0.0487915353114
0.0488283677655
0.0496038731347
0.0490454120147
0.0489914509822
0.0484880528267
0.0488399338704
0.048865547326
0.0487125270314
0.0484965516698
0.0486932355215
0.0484092571251
0.0486359925433
0.0483279558112
0.0484040597005
0.0486166431919
0.0479661321515
0.0482048178121
0.0481978169784
0.0479212262508
0.0481189115803
0.047918230517
0.0475976986058
0.0479584012422
0.0479033877729
0.0478758390581
0.0473047753191
0.0479542531727
0.047763542164
0.047312184951
0.0475656459184
0.0472632603468
0.0475630960994
0.0474038963592
0.0472477670817
0.0474204784384
0.0476553624356
0.0468765290642
0.0470162278505
0.0470818969622
0.0472596082073
0.0471647410214
0.0472868771943
0.0471130407682
0.0470448553344
0.0475239531287
0.0473035021487
0.0475335061877
0.0469588365863
0.0469422902985
0.0467942720545
0.0466973081311
0.0465037953521
0.0467030337106
0.0471913563566
0.0464848204644
0.0469354834112
0.0472865343736
0.0469506087105
0.0468418479315
0.0471937181205
0.0473038558419
0.0470063498714
0.0464214008042
0.0470235733595
0.0472541691579
0.0467521779516
0.0465615048109
0.0466199652177
0.0467052468725
0.0467655982076
0.0462038592572
0.0467153134176
0.0463318405817
0.0467610946197
0.0469200239575
0.0466710599051
0.0468177447734
0.0463039680151
0.0467196904496
0.0463780495296
0.0467575547491
0.0467285364984
0.0464381806682
0.0463464345765
0.0462151207112
0.0465796754986
0.0464622241744
0.0466002559913
0.0461506644371
0.0466697287935
0.0465974831324
0.0462752591096
0.0459781750151
0.0466368471395
0.0463258393383
0.0460204854018
0.0462895937783
0.04633527906
0.0465459702566
0.0460523220849
0.0456560274155
0.0466245690224
0.0462673846445
0.0464243456855
0.0461823992299
0.0460743485019
0.0461896003586
0.0466131493918
0.0458313195034
0.046484733123
0.0460383365462
0.0461248982446
0.0464669082181
0.045986844677
0.0458321156092
0.0461213513625
0.0463903229428
0.0464762246877
0.0460635884508
0.0459761697066
0.0461863452437
0.0462430578258
0.046231492707
0.0458786383023
0.0462068749286
0.0460390981053
0.0461857128245
0.046367805982
0.0460527681223
0.0461240395501
0.0462800193005
0.0465961380548
0.046008019695
0.0452110525771
0.0443696884024
0.0449850421463
0.0444295286859
0.0446831014081
0.0447993204561
0.0448950956632
0.0446833835592
0.0444354764985
0.0447079487709
0.0447064221006
0.0449364508327
0.0446248454442
0.0445623501262
0.0444706188106
0.0449038551842
0.0447799668855
0.0443211996195
0.0446757641965
0.0444864872322
0.0444519668477
0.0447864798016
0.0448065105502
0.044462578129
