0.666098474382
0.71393903928
0.725138487599
0.753739935909
0.747559139716
0.75763786082
0.759136487723
0.737721357658
0.761520923363
0.763145894933
0.763157645219
0.761433174317
0.765675347724
0.766327081444
0.770339775244
0.768407783809
0.763629081843
0.750299864988
0.754656865454
0.764928390147
0.772247975257
0.765687010756
0.770351467361
0.765668134677
0.755784107679
0.764889474593
0.772417278273
0.773099056661
0.781246775215
0.781622551709
0.76646884109
0.770305484185
0.762211369042
0.769864761181
0.77877531765
0.767733189383
0.784534441428
0.767675863108
0.774325391032
0.765994146961
0.78521325316
0.784554015544
0.770447272916
0.78041564603
0.765342442326
0.767002024889
0.764928797335
0.747303018369
0.757589667193
0.784856643595
0.781070084643
0.759360092187
0.749544879987
0.753990792894
0.757907244866
0.776735683119
0.762958588383
0.743470679836
0.773823764315
0.785749519954
0.77204478837
0.760559464885
0.781587446273
0.779480276679
0.768331930473
0.75719088457
0.767431375708
0.772321327294
0.768305114225
0.77872913088
0.772927019668
0.767952605626
0.762218902023
0.78106307519
0.781921747745
0.776441315171
0.775467728303
0.782619086537
0.776532554402
0.775034567365
0.775498354669
0.77654837657
0.773965233112
0.774287493449
0.774988671444
0.770906813828
0.763223028002
0.787083933693
0.774624761577
0.785941625507
0.767936987052
0.781040010889
0.77688971658
0.769780415064
0.772708010612
0.761038638084
0.775099775639
0.766235609534
0.7776867583
0.769776692201
0.77427172945
0.773835049244
0.779790466795
0.778100665055
0.761893180587
0.780522649259
0.760762971706
0.773865704694
0.772478618259
0.781687352794
0.777628879412
0.784343324761
0.760360495304
0.740255318604
0.78228935139
0.76301222088
0.759015320163
0.767017323529
0.768673125059
0.779682765529
0.776410630636
0.778866934984
0.775525461766
0.783895475965
0.760065545658
0.745298751038
0.765361696509
0.767477533394
0.768428172301
0.777759266875
0.770830291541
0.76249145632
0.772858350295
0.77869841726
0.767760703668
0.784005736699
0.782914210692
0.760743601184
0.787033936806
0.785466204256
0.769263286113
0.781725715735
0.759019101196
0.778460881144
0.77205685859
0.774191716979
0.775904757528
0.784347687491
0.788460026048
0.768726495791
0.759992688064
0.776855512775
0.777376655438
0.782090178215
0.776762906556
0.774663357196
0.775924098965
0.765917391995
0.774509352821
0.760958276594
0.778560729495
0.775406620996
0.773126076504
0.771765428214
0.753822013406
0.769646421078
0.779445520261
0.768641916995
0.773620635597
0.746586483564
0.781250818012
0.755109920441
0.780339036488
0.777242225179
0.772731278507
0.782599948694
0.778073877891
0.773049845065
0.769638597248
0.756750248821
0.77733776897
0.773217432074
0.771658744918
0.780544841013
0.772918992244
0.77290008708
0.775590524615
0.758459711932
0.780387753642
0.757953896994
0.770282565309
0.779906079145
0.780963285008
0.778112066323
0.764219621001
0.748579436882
0.761395305819
0.778786893428
0.76279760364
0.774720189028
