0.544149084379
0.588677231842
0.59429750446
0.612335881362
0.639164752398
0.611757645103
0.62334485288
0.634602994462
0.623481871693
0.622742476181
0.64517932857
0.627547238188
0.628151010961
0.63958025882
0.628351318446
0.623815765976
0.623655741033
0.625495940625
0.626284605903
0.638469100527
0.627123297154
0.631695263878
0.630417158443
0.624698608056
0.632750637395
0.634237484927
0.636008258939
0.63239719808
0.632345194336
0.632945186076
0.637296514993
0.629206180883
0.636985423246
0.636015093883
0.626495005837
0.626964144757
0.635539992566
0.638027243214
0.628668634355
0.635444652369
0.629058487924
0.62972554937
0.638258584253
0.634996599979
0.636567793628
0.633816888652
0.633692812606
0.627937789794
0.635640771633
0.636694632737
0.638349794399
0.635031065547
0.637545830481
0.636463640716
0.643527569837
0.640664891714
0.636544874752
0.632144857766
0.638020059252
0.64094096528
0.635027778957
0.632360609316
0.639400078064
0.63170029556
0.63095182557
0.634297952367
0.642750451252
0.637924282782
0.634845707684
0.634850274009
0.631252126831
0.640776024994
0.635122450202
0.639299851609
0.638633517285
0.63622718074
0.638208412856
0.631512698162
0.636426266661
0.643849742919
0.640442741493
0.644206788757
0.633965308733
0.641787422191
0.636805562423
0.64338938763
0.642178235561
0.634196475263
0.640370465596
0.632870496135
0.642209734473
0.636233550326
0.640718553295
0.637756026821
0.637889846298
0.641500878072
0.635706096246
0.637994464568
0.643102756257
0.647513854577
