0.453565544834
0.462636897199
0.455172413793
0.487967994268
0.513103786902
0.484374036861
0.489496498833
0.491395648548
0.495441488697
0.492894015678
0.514224940175
0.481390718334
0.494685473628
0.505784897652
0.488258176055
0.49314186361
0.486881068797
0.485269873127
0.492028254289
0.502765912751
0.496915959907
0.50379191476
0.490418685371
0.485359801489
0.497096238938
0.50010208943
0.501576422207
0.501562907007
0.491246138002
0.502590673575
0.500177720907
0.487979539642
0.50359127253
0.506106623586
0.494701033626
0.484808454425
0.504830287206
0.508215810584
0.493922726964
0.502126510498
0.500598500599
0.500318918229
0.50085812357
0.499479997227
0.502393653399
0.493325509755
0.501978891821
0.484843982169
0.498476797733
0.500421466704
0.505402485143
0.499688645956
0.499278499278
0.50593297692
0.511855324849
0.507049965777
0.501925722146
0.497755407428
0.505720976915
0.506699820417
0.496287217937
0.49066943128
0.505833390189
0.49710431287
0.502522704339
0.504870546014
0.506158693784
0.505401596994
0.50702811245
0.503233469711
0.495038512248
0.507248358862
0.503213836061
0.508740915341
0.505138501327
0.499077883388
0.502856346663
0.49564375605
0.500593451093
0.511067220595
0.506017429797
0.5082668187
0.500135538086
0.510550763106
0.501831755029
0.512705431985
0.511551372343
0.492723492723
0.502810203199
0.490260713215
0.507272727273
0.506363460172
0.507086614173
0.503103876397
0.505053227328
0.505422839725
0.497488158461
0.498459280998
0.508227715146
0.514729108013
