0.94094488189
0.9296875
0.93023255814
0.919847328244
0.930769230769
0.93690248566
0.928709055877
0.929254302103
0.928433268859
0.939096267191
0.926356589147
0.931506849315
0.925714285714
0.93023255814
0.929961089494
0.934362934363
0.934362934363
0.925430210325
0.924242424242
0.927203065134
0.937743190661
0.936170212766
0.929254302103
0.931506849315
0.93023255814
0.931034482759
0.940499040307
0.932038834951
0.942084942085
0.92337164751
0.935922330097
0.934108527132
0.932562620424
0.935922330097
0.937984496124
0.938223938224
0.938223938224
0.932562620424
0.932562620424
0.932562620424
0.934108527132
0.932301740812
0.934108527132
0.934108527132
0.932301740812
0.932562620424
0.936170212766
0.934362934363
0.932562620424
0.932562620424
