0.934481109517
0.920325203252
0.919368723099
0.904256336681
0.918412242946
0.924294595887
0.916451458632
0.915494978479
0.916929698709
0.932042085127
0.914968914395
0.922764227642
0.910616929699
0.919368723099
0.919846963176
0.923290291726
0.923290291726
0.911095169775
0.907699665232
0.913534194165
0.928646580583
0.925729316117
0.915494978479
0.922764227642
0.919368723099
0.917934002869
0.929172644668
0.921807747489
0.932089909134
0.909134385462
0.926207556193
0.923768531803
0.920851267336
0.926207556193
0.928168340507
0.92769010043
0.92769010043
0.920851267336
0.920851267336
0.920851267336
0.923768531803
0.921329507413
0.923768531803
0.923768531803
0.921329507413
0.920851267336
0.925729316117
0.923290291726
0.920851267336
0.920851267336
