4.487454593181610107e-01
8.953009247779846191e-01
8.269233107566833496e-01
1.027465462684631348e+00
1.015546917915344238e+00
3.607225418090820312e-01
1.165156960487365723e+00
1.263140559196472168e+00
8.656147718429565430e-01
9.242944121360778809e-01
9.651836752891540527e-01
9.466543197631835938e-01
9.102356433868408203e-01
9.354878664016723633e-01
6.161696314811706543e-01
1.136900186538696289e+00
1.229464888572692871e+00
1.158559441566467285e+00
6.027424335479736328e-01
8.064526319503784180e-02
1.564599424600601196e-01
1.270672082901000977e-01
2.920450866222381592e-01
1.015681326389312744e-01
1.056066080927848816e-01
1.055949449539184570e+00
6.464290022850036621e-01
3.616169691085815430e-01
1.182885915040969849e-01
3.274342715740203857e-01
5.379678681492805481e-02
4.701398909091949463e-01
8.707970976829528809e-01
7.813714146614074707e-01
3.896065354347229004e-01
5.540489405393600464e-02
7.386156171560287476e-02
5.377216339111328125e-01
7.866317778825759888e-02
1.535690724849700928e-01
6.249320507049560547e-02
1.623059511184692383e-01
4.207929074764251709e-01
1.947738677263259888e-01
4.678849875926971436e-01
3.275705575942993164e-01
1.911308467388153076e-01
1.314260512590408325e-01
1.410018354654312134e-01
3.275068104267120361e-01
4.261612892150878906e-01
5.237662196159362793e-01
3.351945579051971436e-01
6.917734444141387939e-02
9.307063221931457520e-01
9.672982692718505859e-01
1.105555176734924316e+00
7.678399085998535156e-01
9.052391648292541504e-01
1.079662084579467773e+00
3.221130967140197754e-01
5.029886960983276367e-01
8.286858797073364258e-01
1.185191154479980469e+00
9.383363127708435059e-01
9.572612643241882324e-01
1.083664536476135254e+00
9.147590398788452148e-01
9.415282607078552246e-01
1.166190981864929199e+00
1.011461615562438965e+00
9.835853576660156250e-01
8.639551401138305664e-01
8.712685704231262207e-01
1.240880012512207031e+00
1.254041194915771484e+00
9.259015917778015137e-01
8.989726901054382324e-01
1.074101999402046204e-01
1.059476584196090698e-01
1.450182497501373291e-01
6.054186075925827026e-02
1.687652319669723511e-01
6.471542716026306152e-01
2.615304589271545410e-01
2.775886356830596924e-01
1.336578130722045898e-01
9.233988821506500244e-02
1.022925898432731628e-01
9.664868563413619995e-02
1.514599323272705078e-01
9.587152004241943359e-01
1.146113872528076172e+00
8.922356963157653809e-01
4.605883657932281494e-01
8.863545656204223633e-01
4.579132497310638428e-01
1.998027116060256958e-01
1.624129414558410645e-01
2.863984405994415283e-01
1.116065263748168945e+00
1.030413389205932617e+00
9.918827414512634277e-01
7.803477644920349121e-01
9.424539804458618164e-01
9.724404811859130859e-01
8.400098681449890137e-01
8.432148098945617676e-01
8.877862691879272461e-01
1.010591149330139160e+00
8.719462752342224121e-01
9.406655430793762207e-01
5.550005435943603516e-01
4.957806766033172607e-01
1.195213124155998230e-01
1.071523189544677734e+00
9.342691898345947266e-01
8.896988630294799805e-01
8.966538310050964355e-01
1.009521603584289551e+00
9.144518971443176270e-01
9.740928411483764648e-01
1.510040462017059326e-01
1.095651507377624512e+00
7.238785624504089355e-01
9.465776681900024414e-01
6.967756897211074829e-02
7.961118221282958984e-02
9.449173510074615479e-02
2.029668390750885010e-01
4.887902736663818359e-02
2.830292284488677979e-01
2.202985286712646484e-01
2.773655652999877930e-01
2.380589246749877930e-01
4.057361483573913574e-01
4.416954517364501953e-02
1.252108067274093628e-01
8.344171643257141113e-01
3.391118943691253662e-01
2.347833961248397827e-01
7.628389000892639160e-01
8.505358099937438965e-01
8.830785751342773438e-01
8.485542535781860352e-01
1.189910769462585449e+00
6.863787174224853516e-01
2.051441520452499390e-01
9.979348778724670410e-01
9.421884417533874512e-01
9.271211028099060059e-01
9.363939166069030762e-01
9.044782519340515137e-01
8.024989962577819824e-01
8.450474143028259277e-01
9.145029187202453613e-01
7.153596878051757812e-01
8.136291503906250000e-01
5.169709026813507080e-02
6.984897702932357788e-02
1.548268795013427734e-01
8.843655586242675781e-01
1.075782328844070435e-01
5.851618051528930664e-01
1.908639967441558838e-01
2.392948269844055176e-01
3.762534260749816895e-01
6.241807714104652405e-02
2.652602195739746094e-01
2.741371691226959229e-01
1.134593337774276733e-01
1.821115761995315552e-01
7.056924700736999512e-01
8.445031642913818359e-01
1.482571661472320557e-01
1.026689410209655762e+00
8.860608339309692383e-01
7.795974612236022949e-02
7.512278854846954346e-02
7.989778369665145874e-02
9.549780488014221191e-01
1.009874939918518066e+00
5.512948632240295410e-01
1.039979219436645508e+00
1.696341037750244141e-01
1.539802700281143188e-01
8.796694874763488770e-01
1.113824844360351562e+00
9.230281114578247070e-01
9.039406776428222656e-01
8.799198269844055176e-01
7.809975743293762207e-01
6.069390773773193359e-01
2.183514535427093506e-01
2.419378310441970825e-01
9.057292342185974121e-01
7.428446412086486816e-01
1.057440862059593201e-01
1.985165327787399292e-01
2.550298571586608887e-01
1.484628319740295410e-01
1.231866329908370972e-01
9.013348817825317383e-02
7.545419037342071533e-02
1.790372282266616821e-01
1.525078564882278442e-01
3.927370905876159668e-01
8.442420959472656250e-01
1.614983230829238892e-01
1.534144431352615356e-01
1.457173228263854980e-01
8.325831890106201172e-01
1.150225326418876648e-01
1.356999278068542480e-01
1.358274817466735840e-01
5.272480249404907227e-01
2.389525920152664185e-01
1.508824378252029419e-01
8.647198081016540527e-01
2.980910539627075195e-01
9.129313826560974121e-01
8.602489233016967773e-01
9.400296211242675781e-01
9.550176262855529785e-01
8.429449796676635742e-01
8.732944726943969727e-01
7.623571157455444336e-01
9.605131745338439941e-01
9.672302007675170898e-01
1.025075912475585938e+00
8.751267790794372559e-01
9.295177459716796875e-01
9.005644321441650391e-01
8.879379630088806152e-01
8.382768630981445312e-01
7.831023335456848145e-01
7.193565964698791504e-01
7.639111876487731934e-01
7.773914933204650879e-01
9.499775767326354980e-01
9.579645991325378418e-01
9.033408164978027344e-01
8.996346592903137207e-01
9.997049570083618164e-01
1.301917076110839844e+00
8.595330119132995605e-01
8.818919658660888672e-01
9.379829764366149902e-01
8.753178119659423828e-01
8.777229785919189453e-01
8.616681098937988281e-01
9.930629134178161621e-01
9.960787892341613770e-01
9.213712215423583984e-01
4.509056210517883301e-01
5.671835318207740784e-02
8.938944339752197266e-02
2.952916026115417480e-01
9.141018986701965332e-01
7.441794276237487793e-01
1.097686290740966797e+00
1.077940940856933594e+00
1.444457024335861206e-01
6.897757649421691895e-01
9.615490585565567017e-02
8.422725647687911987e-02
7.909919321537017822e-02
1.529813855886459351e-01
3.316682279109954834e-01
9.076873064041137695e-01
8.256794810295104980e-01
7.740599513053894043e-01
1.221534490585327148e+00
2.951522171497344971e-01
2.468499094247817993e-01
1.070238947868347168e+00
9.075425863265991211e-01
7.735608816146850586e-01
8.118335008621215820e-01
9.083822369575500488e-01
9.479007124900817871e-01
8.944982886314392090e-01
8.596925139427185059e-01
9.644711017608642578e-01
5.069185495376586914e-01
1.043085217475891113e+00
2.634891271591186523e-01
1.504442691802978516e-01
6.474977731704711914e-01
4.091606140136718750e-01
6.891992092132568359e-01
7.559375166893005371e-01
6.921808719635009766e-01
8.036319613456726074e-01
8.198750019073486328e-01
8.525583893060684204e-02
1.127981692552566528e-01
1.594942659139633179e-01
4.089482128620147705e-02
8.709659427404403687e-02
1.631279438734054565e-01
4.920157492160797119e-01
1.076295375823974609e-01
2.024376094341278076e-01
3.631187677383422852e-01
1.948761045932769775e-01
8.661984801292419434e-01
2.155218422412872314e-01
7.774268835783004761e-02
9.070877730846405029e-02
2.067717313766479492e-01
7.893860340118408203e-02
1.164207816123962402e+00
1.118870377540588379e+00
6.560156941413879395e-01
6.750438213348388672e-01
7.155702114105224609e-01
6.193591356277465820e-01
8.825886249542236328e-01
9.395231008529663086e-01
2.619488835334777832e-01
1.009487271308898926e+00
8.116189837455749512e-01
9.280783683061599731e-02
1.645265519618988037e-01
3.256480395793914795e-01
1.313922554254531860e-01
1.081929914653301239e-02
9.802746772766113281e-02
9.629726409912109375e-02
8.560565859079360962e-02
3.414723873138427734e-01
5.088772624731063843e-02
6.111176311969757080e-02
5.483314394950866699e-02
6.486263871192932129e-02
2.199956774711608887e-01
1.196845471858978271e-01
1.284659206867218018e-01
5.339918732643127441e-01
2.511169314384460449e-01
3.055859208106994629e-01
4.074381291866302490e-01
2.138748466968536377e-01
1.236982122063636780e-01
1.100849881768226624e-01
1.121717020869255066e-01
8.311504721641540527e-01
1.014907121658325195e+00
7.713555693626403809e-01
5.842521786689758301e-01
5.281764268875122070e-01
9.034069776535034180e-01
8.918816447257995605e-01
9.152860045433044434e-01
2.129316776990890503e-01
8.679924011230468750e-01
9.092335700988769531e-01
1.003752589225769043e+00
1.697991043329238892e-01
9.242255687713623047e-01
8.882811665534973145e-01
9.160409122705459595e-02
9.648429602384567261e-02
1.133652180433273315e-01
9.284333139657974243e-02
1.504337489604949951e-01
1.099614575505256653e-01
2.962600886821746826e-01
6.607638299465179443e-02
1.352968811988830566e-01
1.866990923881530762e-01
9.721916913986206055e-01
9.825777411460876465e-01
8.375842571258544922e-01
1.025610327720642090e+00
8.961477875709533691e-01
8.380700945854187012e-01
8.114317059516906738e-01
9.889011383056640625e-01
8.289597630500793457e-01
1.042083263397216797e+00
1.015668749809265137e+00
5.648297667503356934e-01
1.017879366874694824e+00
7.768934965133666992e-01
1.995570361614227295e-01
5.339642986655235291e-02
7.388418912887573242e-01
3.265961706638336182e-01
7.868050336837768555e-01
5.970449447631835938e-01
9.169547557830810547e-01
7.579146027565002441e-01
8.952572345733642578e-01
7.586871385574340820e-01
9.292256236076354980e-01
8.083614706993103027e-01
8.027089238166809082e-01
7.773781418800354004e-01
7.927520871162414551e-01
7.887863516807556152e-01
9.192411899566650391e-01
8.984271883964538574e-01
8.648645281791687012e-01
7.316408157348632812e-01
9.206104278564453125e-02
5.604863911867141724e-02
1.667152158915996552e-02
1.421080976724624634e-01
4.063951969146728516e-01
6.908137202262878418e-01
9.292922019958496094e-01
4.836884438991546631e-01
9.564222395420074463e-02
2.819854319095611572e-01
7.204889059066772461e-01
3.291410505771636963e-01
7.866861820220947266e-01
1.035145640373229980e+00
9.408542513847351074e-01
1.365866810083389282e-01
9.458777308464050293e-02
4.750277101993560791e-01
9.727701544761657715e-01
8.899838328361511230e-01
2.353231012821197510e-01
6.081843376159667969e-01
3.100203871726989746e-01
1.065623164176940918e+00
9.064688682556152344e-01
5.781813263893127441e-01
8.870956301689147949e-01
5.698066353797912598e-01
1.293385028839111328e+00
9.445371031761169434e-01
9.463763236999511719e-01
1.157697558403015137e+00
3.407093882560729980e-01
1.460153758525848389e-01
2.198950797319412231e-01
2.139143049716949463e-01
5.025596022605895996e-01
8.088077306747436523e-01
2.811543345451354980e-01
9.498655796051025391e-02
1.711743772029876709e-01
1.467184424400329590e-01
8.780533820390701294e-02
2.743561565876007080e-01
2.213066965341567993e-01
4.796354770660400391e-01
2.459913343191146851e-01
7.661691904067993164e-01
2.146848291158676147e-01
2.292767316102981567e-01
9.444365501403808594e-01
3.991096615791320801e-01
2.226812690496444702e-01
1.996820569038391113e-01
