7.141643762588500977e-01
5.764968395233154297e-01
3.951140344142913818e-01
3.427010178565979004e-01
1.145885884761810303e-01
1.078664977103471756e-02
3.586445376276969910e-02
1.010420620441436768e-01
4.657417833805084229e-01
4.838657379150390625e-01
4.195216298103332520e-01
4.917007386684417725e-01
6.518577337265014648e-01
4.023899734020233154e-01
4.488422572612762451e-01
2.358466833829879761e-01
3.872904181480407715e-01
6.295828819274902344e-01
6.524892151355743408e-02
5.164808630943298340e-01
4.589279368519783020e-02
6.206010654568672180e-02
4.607272893190383911e-02
4.113745689392089844e-01
1.598098129034042358e-01
1.970068365335464478e-02
4.950183629989624023e-01
4.873283505439758301e-01
1.414168030023574829e-01
2.199325710535049438e-02
1.471886783838272095e-01
3.964005038142204285e-02
9.513770788908004761e-02
8.113602548837661743e-02
1.347621530294418335e-01
2.859996818006038666e-02
1.504552066326141357e-01
1.753120422363281250e-01
5.238588154315948486e-02
8.889926224946975708e-02
1.389117240905761719e-01
1.398530453443527222e-01
1.265916973352432251e-01
1.798418015241622925e-01
1.083107516169548035e-01
5.257034301757812500e-02
1.317193806171417236e-01
1.127303913235664368e-01
4.099628329277038574e-01
2.222276479005813599e-01
7.432989031076431274e-02
8.716072887182235718e-02
1.147973090410232544e-01
3.435311615467071533e-01
2.428899556398391724e-01
3.944110572338104248e-01
6.797353923320770264e-02
5.976174399256706238e-02
8.307474851608276367e-01
8.786161541938781738e-01
1.336619257926940918e-01
4.838353991508483887e-01
1.073191463947296143e-01
6.634231805801391602e-01
7.098796367645263672e-01
3.708958327770233154e-01
2.766545414924621582e-01
6.241731718182563782e-02
5.394930243492126465e-01
5.751735568046569824e-01
6.324836015701293945e-01
9.265457391738891602e-01
8.978330492973327637e-01
9.971055388450622559e-01
8.691757321357727051e-01
9.318786263465881348e-01
6.230357885360717773e-01
6.476216316223144531e-01
6.904237270355224609e-01
1.130836486816406250e+00
5.330379605293273926e-01
8.614262193441390991e-02
4.720422998070716858e-02
7.396060973405838013e-02
7.614166289567947388e-02
9.364240765571594238e-01
7.898596525192260742e-01
8.120487928390502930e-01
8.089884519577026367e-01
6.669077277183532715e-01
4.854275286197662354e-01
6.064709424972534180e-01
9.641260504722595215e-01
6.777098774909973145e-01
1.026100516319274902e+00
1.077911734580993652e+00
4.528486430644989014e-01
5.778902173042297363e-01
6.362076401710510254e-01
6.544713377952575684e-01
5.929750204086303711e-01
4.947056174278259277e-01
2.561325728893280029e-01
3.773977756500244141e-01
9.491655230522155762e-01
3.955292105674743652e-01
6.432636380195617676e-01
8.274814486503601074e-01
4.715539515018463135e-01
8.808062076568603516e-01
1.434692591428756714e-01
8.365305066108703613e-01
9.942122697830200195e-01
5.661047101020812988e-01
6.300399303436279297e-01
7.984918355941772461e-01
7.676298618316650391e-01
6.253480315208435059e-01
9.576986432075500488e-01
6.468420624732971191e-01
5.763942599296569824e-01
4.934065341949462891e-01
6.202620863914489746e-01
7.858040332794189453e-01
8.445996046066284180e-01
8.773742318153381348e-01
1.122479796409606934e+00
4.832699000835418701e-01
1.004184365272521973e+00
9.002544879913330078e-01
6.435863971710205078e-01
5.996189713478088379e-01
9.947302341461181641e-01
1.007359385490417480e+00
7.156364917755126953e-01
7.986962795257568359e-01
4.844245016574859619e-01
7.752636671066284180e-01
9.636451005935668945e-01
4.856254458427429199e-01
6.991062164306640625e-01
1.272105276584625244e-01
6.505097150802612305e-01
1.151443123817443848e+00
1.945817768573760986e-01
9.959943890571594238e-01
9.139464497566223145e-01
8.864797949790954590e-01
1.201189398765563965e+00
4.341848194599151611e-01
1.784400343894958496e-01
7.415944337844848633e-01
6.592764258384704590e-01
1.196281433105468750e+00
9.844285845756530762e-01
4.495221674442291260e-01
7.448168992996215820e-01
1.148643016815185547e+00
9.252276420593261719e-01
1.922566890716552734e-01
2.488094717264175415e-01
3.357230722904205322e-01
8.618212938308715820e-01
1.214678287506103516e+00
1.004785299301147461e+00
5.721576213836669922e-01
1.529063880443572998e-01
5.242828726768493652e-01
5.286568999290466309e-01
3.180241882801055908e-01
3.431311547756195068e-01
1.056191444396972656e+00
1.154921174049377441e+00
5.277959108352661133e-01
9.126523733139038086e-01
9.739894866943359375e-01
6.091619133949279785e-01
1.073251962661743164e+00
5.053554475307464600e-02
5.816491320729255676e-02
1.497161537408828735e-01
1.294775493443012238e-02
7.177300751209259033e-02
1.819036155939102173e-01
3.448893129825592041e-02
1.685643643140792847e-01
8.204793184995651245e-02
5.502636358141899109e-02
4.176713153719902039e-02
6.690590828657150269e-02
7.393615692853927612e-02
7.865461520850658417e-03
7.065623998641967773e-02
1.018623858690261841e-01
1.202609837055206299e-01
6.747452020645141602e-01
7.664976716041564941e-01
5.181112885475158691e-01
3.457480967044830322e-01
2.842704951763153076e-01
1.762917786836624146e-01
5.250172615051269531e-01
8.692879080772399902e-01
1.033393025398254395e+00
3.876792192459106445e-01
5.589921474456787109e-01
9.731860756874084473e-01
6.703285034745931625e-03
4.226388633251190186e-01
4.486614465713500977e-01
1.235905215144157410e-01
6.921218335628509521e-02
1.190415769815444946e-01
1.266776323318481445e-01
7.264649868011474609e-02
1.303552538156509399e-01
1.359116733074188232e-01
5.069734454154968262e-01
5.774372443556785583e-02
6.392455846071243286e-02
1.939239352941513062e-01
9.317865222692489624e-02
6.178082898259162903e-02
7.560999691486358643e-02
9.320174902677536011e-02
7.222055792808532715e-01
6.510441303253173828e-01
2.823428809642791748e-01
6.329936385154724121e-01
1.372651308774948120e-01
6.470889598131179810e-02
3.617444261908531189e-02
1.509956419467926025e-01
1.126764640212059021e-01
6.818699091672897339e-02
1.450725197792053223e-01
8.445079922676086426e-01
5.181151628494262695e-01
1.461640745401382446e-01
1.023662462830543518e-01
5.002133175730705261e-02
2.787721753120422363e-01
2.080035209655761719e-01
5.080222487449645996e-01
1.013224720954895020e-01
1.796040385961532593e-01
7.193623781204223633e-01
8.856476098299026489e-02
1.696960479021072388e-01
7.877504825592041016e-01
9.148098230361938477e-01
1.357511132955551147e-01
3.690444678068161011e-02
7.550474405288696289e-01
7.372032999992370605e-01
6.310544013977050781e-01
2.578888237476348877e-01
4.913327470421791077e-02
3.946659713983535767e-02
3.106172569096088409e-02
1.808575391769409180e-01
2.555264830589294434e-01
1.475418359041213989e-01
1.167940795421600342e-01
1.826199442148208618e-01
5.693944096565246582e-01
3.520359992980957031e-01
1.222875714302062988e-01
6.885121464729309082e-01
1.010466217994689941e-01
4.708260893821716309e-01
6.846955418586730957e-01
7.661621570587158203e-01
1.369295716285705566e-01
2.115594781935214996e-02
3.132738471031188965e-01
2.305069863796234131e-01
1.458706259727478027e-01
8.799129724502563477e-02
9.540398716926574707e-01
3.088679313659667969e-01
4.222960770130157471e-01
5.861830711364746094e-01
3.330154418945312500e-01
8.396097272634506226e-02
6.647899150848388672e-01
5.110154747962951660e-01
6.051232218742370605e-01
1.071786805987358093e-01
2.834634482860565186e-01
6.723912060260772705e-02
4.279100000858306885e-01
1.394181847572326660e-01
1.410277932882308960e-01
4.521925449371337891e-01
9.657186269760131836e-02
1.792375296354293823e-01
1.307473927736282349e-01
1.305632442235946655e-01
1.182510778307914734e-01
2.722836434841156006e-01
1.984525471925735474e-02
3.177963942289352417e-02
9.366296231746673584e-02
7.722974568605422974e-02
1.197155192494392395e-01
5.246209353208541870e-02
7.615715861320495605e-01
8.237350732088088989e-02
1.442012637853622437e-01
2.000803202390670776e-01
1.305219382047653198e-01
1.979613006114959717e-01
1.263786256313323975e-01
1.637985259294509888e-01
5.803127214312553406e-02
7.563170045614242554e-02
3.833137154579162598e-01
7.621598243713378906e-01
6.355754733085632324e-01
8.169896602630615234e-01
7.915287613868713379e-01
8.837887644767761230e-01
3.600018620491027832e-01
5.546713471412658691e-01
3.639586269855499268e-01
9.758052229881286621e-02
8.802106976509094238e-01
7.550983428955078125e-01
6.580358147621154785e-01
6.414309740066528320e-01
6.093734502792358398e-01
8.590397238731384277e-01
3.852753043174743652e-01
1.721355319023132324e-01
1.777873933315277100e-01
2.292557954788208008e-01
1.677301079034805298e-01
6.590692698955535889e-02
4.950510710477828979e-02
1.278659850358963013e-01
2.353982776403427124e-01
6.698598265647888184e-01
1.028595492243766785e-01
6.054220348596572876e-02
6.582313030958175659e-02
4.271037131547927856e-02
3.899382352828979492e-01
3.795390427112579346e-01
7.243054360151290894e-02
9.656032919883728027e-02
4.090171158313751221e-01
3.303485214710235596e-01
5.448192954063415527e-01
1.755056828260421753e-01
3.939293324947357178e-02
4.471334218978881836e-01
1.314837485551834106e-01
8.690705895423889160e-01
7.083817124366760254e-01
7.371545433998107910e-01
1.648744642734527588e-01
5.368933454155921936e-02
6.703791767358779907e-02
6.756941974163055420e-02
2.782877981662750244e-01
9.030824527144432068e-03
2.144462317228317261e-01
1.371540315449237823e-02
9.300341457128524780e-02
6.109203770756721497e-02
1.596168279647827148e-01
7.616519182920455933e-02
7.954678684473037720e-02
6.861752271652221680e-02
1.692330390214920044e-01
1.291140764951705933e-01
3.986680880188941956e-02
3.941428661346435547e-02
5.994309112429618835e-02
4.909323900938034058e-02
1.606219708919525146e-01
1.641516685485839844e-01
9.456153959035873413e-02
1.028833389282226562e-01
4.529708251357078552e-02
7.418052852153778076e-02
7.311931997537612915e-02
1.319496184587478638e-01
5.803203582763671875e-02
7.483036816120147705e-02
1.451013386249542236e-01
5.948099866509437561e-02
7.890710979700088501e-02
9.803594648838043213e-02
8.296521753072738647e-02
1.413194239139556885e-01
2.431310527026653290e-02
2.107566408812999725e-02
1.368532180786132812e-01
1.090349853038787842e-01
4.681150913238525391e-01
1.733718365430831909e-01
8.959385007619857788e-02
1.020427495241165161e-01
1.276884227991104126e-01
3.977959156036376953e-01
2.870579659938812256e-01
2.173959165811538696e-01
2.645503282546997070e-01
3.340088427066802979e-01
1.471752971410751343e-01
1.694926023483276367e-01
2.086954712867736816e-01
3.155143857002258301e-01
7.437148690223693848e-02
1.358626633882522583e-01
4.298911392688751221e-01
1.336589008569717407e-01
1.264933794736862183e-01
7.964601367712020874e-02
1.038600355386734009e-01
5.310805048793554306e-03
4.189321100711822510e-01
1.628300100564956665e-01
1.192220821976661682e-01
1.003987118601799011e-01
1.203605905175209045e-01
1.747640222311019897e-01
2.725231051445007324e-01
2.809319198131561279e-01
5.207639336585998535e-01
3.721541166305541992e-01
1.919618993997573853e-01
1.654251813888549805e-01
3.349633216857910156e-01
2.255761921405792236e-01
1.001633927226066589e-01
2.382822334766387939e-01
3.496234714984893799e-01
6.937820911407470703e-01
3.195756971836090088e-01
2.183600515127182007e-01
5.863189101219177246e-01
4.676055014133453369e-01
1.965000033378601074e-01
3.051088750362396240e-01
4.946768879890441895e-01
2.662757337093353271e-01
4.118284881114959717e-01
3.242186605930328369e-01
4.738444089889526367e-01
2.361410558223724365e-01
2.283661514520645142e-01
7.930598258972167969e-01
7.664738297462463379e-01
3.088855147361755371e-01
3.056507408618927002e-01
1.274397075176239014e-01
1.266945004463195801e-01
5.499132350087165833e-02
5.916346237063407898e-02
8.741462230682373047e-02
3.477993607521057129e-02
5.117089301347732544e-02
9.867294877767562866e-02
3.914471343159675598e-02
4.488391056656837463e-02
3.197104856371879578e-02
3.412716090679168701e-02
3.971398249268531799e-02
9.305220097303390503e-02
1.233268305659294128e-01
1.046188324689865112e-01
8.398654311895370483e-02
3.127546980977058411e-02
7.405320554971694946e-02
4.119597375392913818e-01
1.373981088399887085e-01
2.342803403735160828e-02
2.874291129410266876e-02
3.261417895555496216e-02
7.530713826417922974e-02
2.999859452247619629e-01
2.565997838973999023e-01
4.339785873889923096e-01
5.714252963662147522e-02
3.258916735649108887e-02
1.289280056953430176e-01
4.084986448287963867e-02
4.392747581005096436e-02
4.628826305270195007e-02
5.287494044750928879e-03
9.439064562320709229e-02
1.212172731757164001e-01
1.203077062964439392e-01
1.057338044047355652e-01
4.706112444400787354e-01
5.212924629449844360e-02
1.237683296203613281e-01
4.760982394218444824e-01
2.814172506332397461e-01
2.741735577583312988e-01
3.409955799579620361e-01
3.150062859058380127e-01
1.499101221561431885e-01
1.870836764574050903e-01
2.169074565172195435e-01
6.556895375251770020e-02
6.189865246415138245e-02
1.658235639333724976e-01
9.846761077642440796e-02
8.842058479785919189e-02
9.072450548410415649e-02
3.019079007208347321e-02
4.276260361075401306e-02
4.742575436830520630e-02
1.248005926609039307e-01
4.848170280456542969e-02
2.076402753591537476e-01
2.894733250141143799e-01
1.681265234947204590e-01
2.632801532745361328e-01
8.278665691614151001e-02
1.138391867280006409e-01
1.194500550627708435e-01
6.659072637557983398e-02
1.322228014469146729e-01
1.433131285011768341e-02
8.225712925195693970e-03
6.673560291528701782e-02
1.575735360383987427e-01
9.609971940517425537e-02
7.334021478891372681e-02
9.781520813703536987e-02
1.338213831186294556e-01
6.766548752784729004e-02
8.740092813968658447e-02
1.357545405626296997e-01
1.414335370063781738e-01
1.904805190861225128e-02
6.304392218589782715e-02
2.813339233398437500e-04
8.561220020055770874e-02
1.208622679114341736e-01
1.315441876649856567e-01
8.616223931312561035e-03
9.972035884857177734e-02
6.467942893505096436e-02
1.372696459293365479e-01
5.692791566252708435e-02
9.171232581138610840e-02
1.149590760469436646e-01
1.882670372724533081e-01
3.885833323001861572e-01
1.857124269008636475e-01
9.600314497947692871e-02
1.568903923034667969e-01
3.080791234970092773e-01
4.682780802249908447e-01
1.521992087364196777e-01
3.461949154734611511e-02
2.405738681554794312e-01
4.625700712203979492e-01
7.328666001558303833e-02
2.843219554051756859e-03
6.186730414628982544e-02
3.692898899316787720e-02
5.348817259073257446e-02
3.640255033969879150e-01
3.321531116962432861e-01
7.099769115447998047e-01
3.895180523395538330e-01
3.331293761730194092e-01
3.132214844226837158e-01
1.552154719829559326e-01
2.090010046958923340e-01
2.529685497283935547e-01
2.453801333904266357e-01
2.909934520721435547e-01
1.429150849580764771e-01
1.489842832088470459e-01
2.016906291246414185e-01
1.114678978919982910e-01
9.364879876375198364e-02
3.084947466850280762e-01
1.300837695598602295e-01
3.299520313739776611e-01
1.179096549749374390e-01
1.319481432437896729e-01
1.276323944330215454e-01
4.978556632995605469e-01
2.575404644012451172e-01
2.680553793907165527e-01
4.046105146408081055e-01
3.150833249092102051e-01
5.290188193321228027e-01
2.047617137432098389e-01
2.980949580669403076e-01
6.108526587486267090e-01
4.664325416088104248e-01
1.257557570934295654e-01
2.315868884325027466e-01
4.899849593639373779e-01
2.293455302715301514e-01
5.558225885033607483e-02
3.131724894046783447e-01
6.070215702056884766e-01
3.042872548103332520e-01
1.189276725053787231e-01
3.547214567661285400e-01
1.889545768499374390e-01
1.932165324687957764e-01
6.473842263221740723e-01
8.521991968154907227e-01
1.060039028525352478e-01
1.571158766746520996e-01
2.451910227537155151e-01
1.094137057662010193e-01
5.278499722480773926e-01
1.588776856660842896e-01
4.003731310367584229e-01
5.295243263244628906e-01
5.828499794006347656e-01
3.193859159946441650e-01
6.331376433372497559e-01
1.916232705116271973e-01
3.651561141014099121e-01
1.173730865120887756e-01
2.999798059463500977e-01
1.067302152514457703e-01
1.122194230556488037e-01
5.210870504379272461e-02
7.714820653200149536e-02
1.246001943945884705e-01
1.651447415351867676e-01
1.512263715267181396e-01
1.348724365234375000e-01
4.947361722588539124e-02
1.493825614452362061e-01
6.063592061400413513e-02
6.807065755128860474e-02
1.085315495729446411e-01
2.374565601348876953e-02
1.234292984008789062e-02
7.809612154960632324e-02
4.560671001672744751e-02
6.131370738148689270e-02
3.745110332965850830e-01
6.835202872753143311e-02
1.210840139538049698e-02
2.778429090976715088e-01
1.481202542781829834e-01
3.041515685617923737e-02
1.281409757211804390e-03
1.651592105627059937e-01
1.454973071813583374e-01
7.145471125841140747e-02
1.033094972372055054e-01
3.642713725566864014e-01
1.323599070310592651e-01
2.018273808062076569e-02
4.880541935563087463e-02
3.078406751155853271e-01
8.372893184423446655e-02
1.101553738117218018e-01
2.812041640281677246e-01
3.475950956344604492e-01
2.164540439844131470e-01
6.145942024886608124e-03
9.518563002347946167e-02
2.533874660730361938e-02
7.364631444215774536e-02
1.599857509136199951e-01
5.001559481024742126e-02
2.861910760402679443e-01
1.191150471568107605e-01
2.181352525949478149e-01
4.102069512009620667e-02
1.295508467592298985e-03
1.144622787833213806e-01
1.899788379669189453e-01
4.159499704837799072e-02
2.671454250812530518e-01
4.913788735866546631e-01
4.107291698455810547e-01
1.891804784536361694e-01
3.387008309364318848e-01
7.008174061775207520e-02
7.660322636365890503e-02
2.730022668838500977e-01
2.076180726289749146e-01
2.986789941787719727e-01
6.639869511127471924e-02
4.577598869800567627e-01
7.380527257919311523e-02
2.769686579704284668e-01
3.209689557552337646e-01
1.085657551884651184e-01
1.899837106466293335e-01
7.104599475860595703e-02
9.749341756105422974e-02
8.921395242214202881e-02
6.674756109714508057e-02
4.969675466418266296e-02
1.481399964541196823e-02
1.875689625740051270e-01
7.059685885906219482e-02
5.181527137756347656e-01
7.942166924476623535e-01
2.507654130458831787e-01
2.950609624385833740e-01
1.046451687812805176e+00
1.157244086265563965e+00
9.997125864028930664e-01
9.656803607940673828e-01
1.066616654396057129e+00
1.034157514572143555e+00
9.156563878059387207e-01
1.068533539772033691e+00
1.043433189392089844e+00
1.083001494407653809e+00
8.838643431663513184e-01
8.237648606300354004e-01
9.925121068954467773e-01
7.767404317855834961e-01
9.794304966926574707e-01
8.201145380735397339e-02
5.485583543777465820e-01
1.082616597414016724e-01
1.738968789577484131e-01
1.009474769234657288e-01
2.515752315521240234e-01
1.622360795736312866e-01
2.316612452268600464e-01
2.500485181808471680e-01
4.219080209732055664e-01
1.221166774630546570e-01
1.638361364603042603e-01
2.922075092792510986e-01
1.534177064895629883e-01
1.014260500669479370e-01
1.199745312333106995e-01
8.786258101463317871e-02
1.078390851616859436e-01
8.933167159557342529e-02
1.385354995727539062e-01
7.001573592424392700e-02
1.296177953481674194e-01
9.919455647468566895e-02
1.057278513908386230e-01
9.520366191864013672e-01
1.148820877075195312e+00
8.583254814147949219e-01
5.135896801948547363e-01
6.710883378982543945e-01
6.585463881492614746e-01
7.191429138183593750e-01
1.007385849952697754e+00
8.797825574874877930e-01
8.872742056846618652e-01
3.487751781940460205e-01
8.917683362960815430e-01
8.550938367843627930e-01
4.473268687725067139e-01
6.746534109115600586e-01
8.575353622436523438e-01
7.169056534767150879e-01
1.021291017532348633e+00
9.719275236129760742e-01
7.169809341430664062e-01
2.314124852418899536e-01
1.232456922531127930e+00
1.009148836135864258e+00
2.832276225090026855e-01
7.020679116249084473e-01
1.166677713394165039e+00
1.099447011947631836e+00
9.916607141494750977e-01
9.884905219078063965e-01
1.133425593376159668e+00
1.169277310371398926e+00
1.185444593429565430e+00
5.841385722160339355e-01
1.066195011138916016e+00
1.270657420158386230e+00
9.460897445678710938e-01
8.417398929595947266e-01
4.813196659088134766e-01
8.485174775123596191e-01
3.432369828224182129e-01
1.165894150733947754e+00
8.048633337020874023e-01
7.725365757942199707e-01
8.095994591712951660e-01
8.174452781677246094e-01
1.130399584770202637e+00
1.084192395210266113e+00
1.125838279724121094e+00
6.226009726524353027e-01
7.642973661422729492e-01
6.596266627311706543e-01
1.058674931526184082e+00
1.160028934478759766e+00
1.149575948715209961e+00
1.018121361732482910e+00
1.183168768882751465e+00
1.076149463653564453e+00
9.956943392753601074e-01
4.223484694957733154e-01
1.918398886919021606e-01
1.068462133407592773e+00
1.013325452804565430e+00
1.002114772796630859e+00
1.046708941459655762e+00
7.135892510414123535e-01
8.679462671279907227e-01
8.643266558647155762e-01
9.813805818557739258e-01
1.120387554168701172e+00
8.413307666778564453e-01
5.210755467414855957e-01
7.904897332191467285e-01
5.973277091979980469e-01
6.876248717308044434e-01
8.487860560417175293e-01
1.167424678802490234e+00
1.160894751548767090e+00
1.242053747177124023e+00
7.409654855728149414e-01
8.168707489967346191e-01
8.112123608589172363e-01
8.935402631759643555e-01
9.126890897750854492e-01
1.031235098838806152e+00
2.681899666786193848e-01
1.253839373588562012e+00
1.002595067024230957e+00
1.161809325218200684e+00
9.727386236190795898e-01
1.003016352653503418e+00
9.733078479766845703e-01
1.032929182052612305e+00
7.751983404159545898e-01
1.005196571350097656e+00
7.752861380577087402e-01
1.132325410842895508e+00
7.313521504402160645e-01
4.598017036914825439e-01
1.231371045112609863e+00
7.229629755020141602e-01
8.189169764518737793e-01
2.610734105110168457e-01
8.447181582450866699e-01
1.085453391075134277e+00
1.273573875427246094e+00
1.416214466094970703e+00
1.350509881973266602e+00
1.355012416839599609e+00
1.065018653869628906e+00
8.107231855392456055e-01
1.010448336601257324e+00
1.059903621673583984e+00
8.145003318786621094e-01
7.389588356018066406e-01
5.127913951873779297e-01
9.245213270187377930e-01
5.011048913002014160e-01
2.488874495029449463e-01
9.101998209953308105e-01
9.686798453330993652e-01
1.142686724662780762e+00
1.198220014572143555e+00
8.112809658050537109e-01
7.725239396095275879e-01
3.116991817951202393e-01
8.941042423248291016e-01
1.441855072975158691e+00
1.049268484115600586e+00
1.022061109542846680e+00
1.127041935920715332e+00
7.677437663078308105e-01
7.124591469764709473e-01
1.216888070106506348e+00
5.484811663627624512e-01
4.010397791862487793e-01
4.264449775218963623e-01
8.145396709442138672e-01
6.983160972595214844e-01
7.633780837059020996e-01
1.158682942390441895e+00
7.748721837997436523e-01
6.867812871932983398e-01
9.315837025642395020e-01
8.643098473548889160e-01
7.138866782188415527e-01
9.321997165679931641e-01
1.160002112388610840e+00
1.050950765609741211e+00
1.177325367927551270e+00
1.206541776657104492e+00
1.013995260000228882e-01
2.083965390920639038e-01
2.696571350097656250e-01
1.203156933188438416e-01
9.655337035655975342e-02
9.057060629129409790e-02
5.632681027054786682e-02
1.067979559302330017e-01
2.098175287246704102e-01
9.556084871292114258e-02
1.555443406105041504e-01
3.847610205411911011e-02
1.042967960238456726e-01
1.013309881091117859e-01
1.177881732583045959e-01
1.451489925384521484e-01
1.624911278486251831e-01
9.112231433391571045e-02
5.449705198407173157e-02
8.051718771457672119e-02
1.123988181352615356e-01
3.226006329059600830e-01
4.505033195018768311e-01
5.521261692047119141e-01
2.184429615736007690e-01
4.094160497188568115e-01
6.208490133285522461e-01
3.451583087444305420e-01
1.831121146678924561e-01
1.734158098697662354e-01
5.122761726379394531e-01
6.336573958396911621e-01
1.005208134651184082e+00
1.503254324197769165e-01
8.334548771381378174e-02
9.473930299282073975e-02
2.620113790035247803e-01
1.753931790590286255e-01
9.053936600685119629e-02
1.574967801570892334e-01
1.986991614103317261e-01
2.638359963893890381e-01
7.096638083457946777e-01
2.426257729530334473e-01
1.152533516287803650e-01
1.660162955522537231e-01
2.399323135614395142e-01
2.484663575887680054e-01
1.475745886564254761e-01
2.628515958786010742e-01
5.113004446029663086e-01
7.661699056625366211e-01
3.827883005142211914e-01
7.567422986030578613e-01
2.935303747653961182e-01
1.212878003716468811e-01
5.194432735443115234e-01
5.757821202278137207e-01
2.052744179964065552e-01
8.061005175113677979e-02
2.971947789192199707e-01
9.229423403739929199e-01
1.596796512603759766e-01
2.494026124477386475e-01
5.652366280555725098e-01
6.374228596687316895e-01
3.965014219284057617e-01
6.694377064704895020e-01
2.159515768289566040e-01
4.128921627998352051e-01
4.838406145572662354e-01
8.220056295394897461e-01
1.899250298738479614e-01
4.947210252285003662e-01
5.753505825996398926e-01
9.097877740859985352e-01
3.414978682994842529e-01
7.440631389617919922e-01
1.029781341552734375e+00
2.196644991636276245e-01
5.676423907279968262e-01
7.755407094955444336e-01
7.191981673240661621e-01
3.055490255355834961e-01
1.110927462577819824e+00
9.516934156417846680e-01
7.406817674636840820e-01
6.089470982551574707e-01
9.646289348602294922e-01
6.143208742141723633e-01
5.829427838325500488e-01
8.531063199043273926e-01
4.146409034729003906e-01
3.652339875698089600e-01
1.142398357391357422e+00
3.160527050495147705e-01
2.516072690486907959e-01
2.420869469642639160e-01
8.619145154953002930e-01
5.162312984466552734e-01
5.307097434997558594e-01
5.325821638107299805e-01
6.327106952667236328e-01
1.657058894634246826e-01
1.243227124214172363e+00
7.700349092483520508e-01
7.182505130767822266e-01
4.842430651187896729e-01
9.278997778892517090e-01
5.312848091125488281e-01
1.216389417648315430e+00
5.756576657295227051e-01
1.122489929199218750e+00
2.108888775110244751e-01
1.087931752204895020e+00
9.822759628295898438e-01
1.149025917053222656e+00
4.648631513118743896e-01
9.934492111206054688e-01
9.783883094787597656e-01
4.541247487068176270e-01
3.510874211788177490e-01
7.258690595626831055e-01
6.783364415168762207e-01
4.344715774059295654e-01
7.371177077293395996e-01
2.174740731716156006e-01
9.115822613239288330e-02
8.591639995574951172e-02
8.907581865787506104e-02
1.063134595751762390e-01
1.458190530538558960e-01
1.712646633386611938e-01
3.162145912647247314e-01
7.081931233406066895e-01
3.554613888263702393e-01
3.030955195426940918e-01
6.206043437123298645e-02
1.143537759780883789e-01
3.863148391246795654e-01
9.130864590406417847e-02
3.316602110862731934e-01
7.587475776672363281e-01
5.144832655787467957e-02
6.624484434723854065e-03
3.277285993099212646e-01
1.683011502027511597e-01
2.606424391269683838e-01
5.686084628105163574e-01
7.638131827116012573e-02
2.587188184261322021e-01
1.334758549928665161e-01
7.737349718809127808e-02
7.073692232370376587e-02
1.928069442510604858e-01
2.142292708158493042e-01
1.780632734298706055e-01
1.245144829154014587e-01
1.906969249248504639e-01
9.170366078615188599e-02
1.539896130561828613e-01
1.159643754363059998e-01
1.395084112882614136e-01
7.341358810663223267e-02
1.045202612876892090e-01
8.293330669403076172e-02
9.511091560125350952e-02
1.347777545452117920e-01
6.901251524686813354e-02
1.829947382211685181e-01
1.303860098123550415e-01
9.765427112579345703e-01
6.906374096870422363e-01
5.345051288604736328e-01
4.199088811874389648e-01
5.941994190216064453e-01
2.254631072282791138e-01
3.612918257713317871e-01
6.785824298858642578e-01
6.272169947624206543e-02
6.425940990447998047e-01
5.018779039382934570e-01
1.936686336994171143e-01
7.951018810272216797e-01
8.393290638923645020e-01
4.631899893283843994e-01
4.498513042926788330e-01
8.983627706766128540e-02
2.533280253410339355e-01
9.596904516220092773e-01
9.729849100112915039e-01
5.686557292938232422e-01
7.074277997016906738e-01
6.880202293395996094e-01
7.031034827232360840e-01
3.743387460708618164e-01
4.410137832164764404e-01
1.111374139785766602e+00
1.133320093154907227e+00
1.807294040918350220e-01
6.995256543159484863e-01
1.020478725433349609e+00
6.221758127212524414e-01
7.856391668319702148e-01
9.128920435905456543e-01
3.343805074691772461e-01
8.807199597358703613e-01
4.744549989700317383e-01
6.639575958251953125e-01
8.933719992637634277e-01
9.179795384407043457e-01
1.056870102882385254e+00
6.240636110305786133e-01
7.227553129196166992e-01
9.343383908271789551e-01
8.101496696472167969e-01
9.901086688041687012e-01
6.222905516624450684e-01
3.482201397418975830e-01
6.520425677299499512e-01
6.116070151329040527e-01
9.366725087165832520e-01
9.871671199798583984e-01
1.345453858375549316e+00
1.572292447090148926e-01
4.909976124763488770e-01
4.015833437442779541e-01
5.304448604583740234e-01
6.961386799812316895e-01
3.327834606170654297e-01
1.138087749481201172e+00
2.260152995586395264e-01
1.003919601440429688e+00
9.943941831588745117e-01
9.229099154472351074e-01
1.057429194450378418e+00
4.286516010761260986e-01
6.165356040000915527e-01
6.369808912277221680e-01
7.013913989067077637e-01
5.090423822402954102e-01
4.555788636207580566e-01
7.661264538764953613e-01
8.968620300292968750e-01
6.585013866424560547e-01
6.076610684394836426e-01
9.166291952133178711e-01
1.349321156740188599e-01
7.383648753166198730e-01
1.179917097091674805e+00
1.125833630561828613e+00
1.113644480705261230e+00
6.510231494903564453e-01
5.504432916641235352e-01
6.952358484268188477e-01
1.138220191001892090e+00
7.672451734542846680e-01
8.081293702125549316e-01
2.630465328693389893e-01
5.148285627365112305e-01
6.363926529884338379e-01
8.433963060379028320e-01
8.101080656051635742e-01
4.462946653366088867e-01
5.256267189979553223e-01
7.586850523948669434e-01
2.578903436660766602e-01
7.170974016189575195e-01
6.742446869611740112e-02
1.215595975518226624e-01
9.769029170274734497e-02
2.349749580025672913e-02
2.504664957523345947e-01
7.112995535135269165e-02
3.718935325741767883e-02
2.683210745453834534e-02
1.264215558767318726e-01
1.719534993171691895e-01
6.447283029556274414e-01
5.734318494796752930e-01
2.737994790077209473e-01
1.540526002645492554e-01
5.118048563599586487e-02
2.530736289918422699e-02
3.682890161871910095e-02
6.662270426750183105e-02
6.115875020623207092e-02
2.214083261787891388e-02
6.906111538410186768e-02
6.648506224155426025e-02
7.719995081424713135e-02
6.813339889049530029e-02
2.176646292209625244e-01
6.582533568143844604e-02
1.503915041685104370e-01
9.470225870609283447e-02
4.875633865594863892e-02
9.288906306028366089e-02
6.618629693984985352e-01
1.298997849225997925e-01
1.829267591238021851e-01
2.755846083164215088e-01
3.712693229317665100e-02
6.337274312973022461e-01
3.668487071990966797e-01
5.818543434143066406e-01
4.972321391105651855e-01
6.471453309059143066e-01
4.134124517440795898e-01
7.622990757226943970e-02
2.403685599565505981e-01
4.777476191520690918e-01
1.775364577770233154e-01
2.547948062419891357e-01
4.571658968925476074e-01
1.420782953500747681e-01
1.330069303512573242e-01
1.884037405252456665e-01
1.970331817865371704e-01
2.512528598308563232e-01
6.439789533615112305e-01
4.434830248355865479e-01
3.568572700023651123e-01
5.901874303817749023e-01
1.475807577371597290e-01
2.633587718009948730e-01
8.039052486419677734e-01
8.899179100990295410e-01
6.180819496512413025e-02
8.344275504350662231e-02
1.260107457637786865e-01
1.082227975130081177e-01
3.555695712566375732e-02
4.109743237495422363e-02
1.985998824238777161e-02
9.481073170900344849e-02
4.116944968700408936e-01
5.012277960777282715e-01
6.013287231326103210e-02
2.766662538051605225e-01
4.723986089229583740e-01
1.184639707207679749e-01
1.116936504840850830e-01
2.380140721797943115e-01
1.720110177993774414e-01
5.536665022373199463e-02
8.999889343976974487e-02
1.135147586464881897e-01
1.024339646100997925e-01
5.190241932868957520e-01
1.216696128249168396e-01
1.591918021440505981e-01
7.653020620346069336e-01
5.781560540199279785e-01
8.006604909896850586e-01
3.608860075473785400e-01
1.109942421317100525e-01
5.356068015098571777e-01
8.042193204164505005e-02
8.517256379127502441e-02
2.066319584846496582e-01
5.254321694374084473e-01
5.270494818687438965e-01
4.477646648883819580e-01
9.365958571434020996e-01
5.992039442062377930e-01
8.731073141098022461e-01
2.305025458335876465e-01
5.285594463348388672e-01
4.349253475666046143e-01
3.240252435207366943e-01
6.251770257949829102e-01
9.886788725852966309e-01
1.423452943563461304e-01
6.209298372268676758e-01
1.193016171455383301e-01
7.467439770698547363e-01
8.072564601898193359e-01
8.786846399307250977e-01
1.216880202293395996e+00
5.611513257026672363e-01
4.214474260807037354e-01
1.025466099381446838e-01
8.482358455657958984e-01
1.192948743700981140e-01
1.580376476049423218e-01
3.075745403766632080e-01
3.341391682624816895e-01
8.639381825923919678e-02
2.408035844564437866e-02
1.112127006053924561e-01
1.574866771697998047e-01
9.294699132442474365e-02
1.924492791295051575e-02
6.323634833097457886e-02
4.802859574556350708e-02
1.230767071247100830e-01
4.613118618726730347e-02
8.176060020923614502e-02
1.229347065091133118e-01
5.964515358209609985e-02
4.870757833123207092e-02
2.198811322450637817e-01
4.011037349700927734e-01
1.091733798384666443e-01
6.157170236110687256e-02
3.111024759709835052e-02
6.597390770912170410e-02
7.419661432504653931e-02
1.153001189231872559e-01
1.051606312394142151e-01
3.803726732730865479e-01
6.789917498826980591e-02
6.733317673206329346e-02
6.336180865764617920e-02
6.112341955304145813e-02
1.542865037918090820e-01
3.626528009772300720e-02
2.198075801134109497e-01
5.769963264465332031e-01
1.040029972791671753e-01
3.112575970590114594e-02
2.284497208893299103e-02
4.813796654343605042e-02
1.835284978151321411e-01
1.074074581265449524e-01
4.970933794975280762e-01
3.126695752143859863e-01
4.464610219001770020e-01
1.424694955348968506e-01
4.735126495361328125e-01
4.668451100587844849e-02
1.584560275077819824e-01
3.330959677696228027e-01
3.430052697658538818e-01
1.040766835212707520e-01
6.932495236396789551e-01
1.438530087471008301e-01
2.764500379562377930e-01
2.205491662025451660e-01
2.069084197282791138e-01
1.288852840662002563e-01
1.350794285535812378e-01
3.917822837829589844e-01
1.071742847561836243e-01
1.210306286811828613e-01
3.720380663871765137e-01
1.134942770004272461e-01
7.333566546440124512e-01
1.612932831048965454e-01
2.266862094402313232e-01
5.168878436088562012e-01
2.243866473436355591e-01
8.034143596887588501e-02
7.313881069421768188e-02
2.067874968051910400e-01
1.021402329206466675e-01
9.061614423990249634e-02
8.470721542835235596e-02
1.505111306905746460e-01
6.762539502233266830e-03
1.119490116834640503e-01
1.588724851608276367e-01
9.504067897796630859e-02
1.087993755936622620e-01
8.074443787336349487e-02
8.067836612462997437e-02
9.928967803716659546e-02
1.190874129533767700e-01
9.736271947622299194e-02
1.678546071052551270e-01
6.159568205475807190e-02
6.531803309917449951e-02
9.056271612644195557e-02
1.312913894653320312e-01
7.889174669981002808e-02
9.995275735855102539e-02
6.740365177392959595e-02
8.587897568941116333e-02
4.879539310932159424e-01
2.791163921356201172e-01
5.687212944030761719e-01
6.393340826034545898e-01
3.546345829963684082e-01
1.709824800491333008e-01
7.081333994865417480e-01
5.359873771667480469e-01
1.879879236221313477e-01
4.666113853454589844e-01
5.029955506324768066e-01
4.990813136100769043e-01
1.045440435409545898e-01
5.496590733528137207e-01
7.246256470680236816e-01
2.722757160663604736e-01
3.636370301246643066e-01
8.045120835304260254e-01
7.949551939964294434e-01
1.965304017066955566e-01
5.891827940940856934e-01
2.626705467700958252e-01
6.571306586265563965e-01
3.359981179237365723e-01
9.521072357892990112e-02
6.716502904891967773e-01
4.008616134524345398e-02
3.624199330806732178e-01
1.791055351495742798e-01
7.809638977050781250e-01
1.386324167251586914e-01
6.559177488088607788e-02
8.490469455718994141e-01
3.617690205574035645e-01
1.118803858757019043e+00
8.867105841636657715e-01
9.725568294525146484e-01
6.657394766807556152e-01
7.927959561347961426e-01
8.661814928054809570e-01
9.199339747428894043e-01
7.787395119667053223e-01
4.232308268547058105e-01
5.877109766006469727e-01
4.486104249954223633e-01
3.067775666713714600e-01
1.114717721939086914e+00
7.049474120140075684e-01
7.411865592002868652e-01
9.794898629188537598e-01
1.649010032415390015e-01
8.865144252777099609e-01
7.634177207946777344e-01
1.126753926277160645e+00
6.731079220771789551e-01
9.821252226829528809e-01
7.355099320411682129e-01
1.069777727127075195e+00
7.143709063529968262e-01
6.447253823280334473e-01
7.544175982475280762e-01
5.144372582435607910e-01
5.397676825523376465e-01
3.095084130764007568e-01
9.442821741104125977e-01
1.056723117828369141e+00
1.081770539283752441e+00
1.849837750196456909e-01
9.055210351943969727e-01
1.548546552658081055e-01
2.043692171573638916e-01
2.077388316392898560e-01
5.628748536109924316e-01
1.253132075071334839e-01
1.018494367599487305e+00
7.541388273239135742e-01
2.652854025363922119e-01
5.018266439437866211e-01
9.700877070426940918e-01
6.637802124023437500e-01
9.668306112289428711e-01
8.911252021789550781e-01
2.806541621685028076e-01
1.517422199249267578e-01
1.056492567062377930e+00
9.975768327713012695e-01
8.177214860916137695e-01
6.460118293762207031e-01
9.357511997222900391e-01
1.073723793029785156e+00
9.203216433525085449e-01
7.560822963714599609e-01
5.487406253814697266e-01
6.656839251518249512e-01
8.111264705657958984e-01
1.193278074264526367e+00
4.391111135482788086e-01
1.426051855087280273e-01
1.696259528398513794e-01
4.862767457962036133e-02
9.959491342306137085e-02
1.407592892646789551e-01
7.294611632823944092e-02
1.200537607073783875e-01
6.499172002077102661e-02
8.064723759889602661e-02
1.262134313583374023e-01
6.563345342874526978e-02
6.279703974723815918e-02
1.547774374485015869e-01
5.669727176427841187e-02
7.999590784311294556e-02
7.457765936851501465e-02
1.801049411296844482e-01
4.886152446269989014e-01
1.691888719797134399e-01
1.059866920113563538e-01
5.094210505485534668e-01
9.842690825462341309e-02
2.545540966093540192e-02
3.509301543235778809e-01
2.552390992641448975e-01
2.671939432621002197e-01
6.884891986846923828e-01
2.819139510393142700e-02
7.158426195383071899e-02
9.374375641345977783e-02
5.139914751052856445e-01
9.683589637279510498e-02
5.637797713279724121e-02
2.265210002660751343e-01
5.036672204732894897e-02
2.736699022352695465e-02
1.078304946422576904e-01
8.339896798133850098e-02
7.615601271390914917e-02
2.925893664360046387e-01
4.059851169586181641e-02
1.926936656236648560e-01
1.094555705785751343e-01
4.700398817658424377e-02
8.133226633071899414e-02
7.581107318401336670e-02
1.624911278486251831e-01
1.111515015363693237e-01
1.144029945135116577e-01
9.306657314300537109e-02
4.587922692298889160e-01
6.773992627859115601e-02
7.999920099973678589e-02
9.992518275976181030e-02
1.634467840194702148e-01
6.162797808647155762e-01
1.666308045387268066e-01
1.990498900413513184e-01
2.213129401206970215e-01
3.644014298915863037e-01
2.592647969722747803e-01
7.185183763504028320e-01
8.789659291505813599e-02
1.032222360372543335e-01
2.860471010208129883e-01
3.007105588912963867e-01
4.520054757595062256e-01
3.614435195922851562e-01
4.530960917472839355e-01
4.001076519489288330e-02
4.089311361312866211e-01
3.801909685134887695e-01
2.373887896537780762e-01
2.454782724380493164e-01
3.001860156655311584e-02
5.528364777565002441e-01
7.683570384979248047e-01
6.465777754783630371e-01
8.240435123443603516e-01
3.593479990959167480e-01
6.193435192108154297e-01
1.128714233636856079e-01
5.420136079192161560e-02
4.640902876853942871e-01
1.643761992454528809e-01
2.041407823562622070e-01
9.432687610387802124e-02
3.700358867645263672e-01
2.673451974987983704e-02
5.194393545389175415e-02
7.037328481674194336e-01
5.546004772186279297e-01
3.622514903545379639e-01
2.041155546903610229e-01
1.997737288475036621e-01
4.864536225795745850e-01
4.645904302597045898e-01
8.181316256523132324e-01
1.751051247119903564e-01
3.395902514457702637e-01
9.193368256092071533e-02
5.869696736335754395e-01
1.037061363458633423e-01
2.797022461891174316e-01
3.576630055904388428e-01
4.582600295543670654e-01
8.677129149436950684e-01
5.383463501930236816e-01
7.254011631011962891e-01
8.580052107572555542e-02
6.354072690010070801e-02
1.078322008252143860e-01
1.381748914718627930e-01
1.191051751375198364e-01
5.616881325840950012e-02
1.304163224995136261e-02
5.317251384258270264e-02
1.527178138494491577e-01
7.024824619293212891e-02
6.379252672195434570e-01
4.851019755005836487e-02
2.640775144100189209e-01
1.233534216880798340e-01
7.987849712371826172e-01
2.890205383300781250e-01
1.443094760179519653e-01
9.490523487329483032e-02
2.918397784233093262e-01
1.087350547313690186e-01
9.618864953517913818e-02
4.039175435900688171e-02
7.121685892343521118e-02
1.162899583578109741e-01
1.060861572623252869e-01
7.139018923044204712e-02
1.293366551399230957e-01
9.454382956027984619e-02
3.442845344543457031e-01
8.941929787397384644e-02
3.188648223876953125e-01
8.750430494546890259e-02
4.545844718813896179e-02
7.731647044420242310e-02
2.229972034692764282e-01
1.198529545217752457e-02
1.132734641432762146e-01
3.052724897861480713e-01
2.032636702060699463e-01
9.252285212278366089e-02
8.408942818641662598e-02
8.810570836067199707e-02
5.324070807546377182e-03
6.570208817720413208e-02
8.492416143417358398e-01
1.479053646326065063e-01
2.978457808494567871e-01
7.932990044355392456e-02
7.243815660476684570e-01
4.421596825122833252e-01
8.817704319953918457e-01
2.723223865032196045e-01
1.943197846412658691e-01
8.848913311958312988e-01
1.389666795730590820e-01
6.538984775543212891e-01
8.703240752220153809e-01
6.901805847883224487e-02
5.151798725128173828e-01
3.051479756832122803e-01
6.269112229347229004e-01
6.533467173576354980e-01
1.011802792549133301e+00
8.014211058616638184e-01
7.615224123001098633e-01
2.819540202617645264e-01
2.076773494482040405e-01
7.299811393022537231e-02
8.951167017221450806e-02
1.906888037919998169e-01
6.329978704452514648e-01
2.844516634941101074e-01
6.952356100082397461e-01
6.366509944200515747e-02
5.820693820714950562e-02
6.999997049570083618e-02
3.878412246704101562e-01
7.302582859992980957e-01
1.421496868133544922e-01
3.109565675258636475e-01
3.641401231288909912e-01
2.623527646064758301e-01
2.842320203781127930e-01
1.014372855424880981e-01
2.275818884372711182e-01
1.049108386039733887e+00
1.105072259902954102e+00
8.838266134262084961e-01
4.401227235794067383e-01
8.590458631515502930e-01
1.059180617332458496e+00
7.403878569602966309e-01
8.320031762123107910e-01
7.580192685127258301e-01
8.677443265914916992e-01
9.614306092262268066e-01
3.615910410881042480e-01
4.828417599201202393e-01
1.095842361450195312e+00
3.976533114910125732e-01
2.109768539667129517e-01
1.348376721143722534e-01
1.320180445909500122e-01
6.352664232254028320e-01
4.430045783519744873e-01
9.327877163887023926e-01
4.533027708530426025e-01
3.318150043487548828e-01
6.042817831039428711e-01
7.776253223419189453e-01
6.492482423782348633e-01
1.139681339263916016e+00
1.026447176933288574e+00
8.490702509880065918e-01
2.228196114301681519e-01
8.388054370880126953e-01
9.890080094337463379e-01
1.015799164772033691e+00
7.244346141815185547e-01
6.566691398620605469e-01
7.653833627700805664e-01
8.049283623695373535e-01
1.091439962387084961e+00
9.944539666175842285e-01
6.294228434562683105e-01
7.160065770149230957e-01
2.562875747680664062e-01
6.711790561676025391e-01
1.908494532108306885e-01
9.083676338195800781e-01
9.234403371810913086e-01
6.839959621429443359e-01
1.475628316402435303e-01
1.037623405456542969e+00
4.881553351879119873e-01
2.344934642314910889e-01
9.725228548049926758e-01
1.702813804149627686e-01
9.712434411048889160e-01
9.778385758399963379e-01
9.341805577278137207e-01
7.303506731986999512e-01
7.080178260803222656e-01
8.213082551956176758e-01
9.721944928169250488e-01
1.729661077260971069e-01
3.468529582023620605e-01
1.776381880044937134e-01
9.194686412811279297e-01
6.708803176879882812e-01
9.441189467906951904e-02
5.601798892021179199e-01
8.250217437744140625e-01
1.066011905670166016e+00
1.100894093513488770e+00
1.008284211158752441e+00
1.081228137016296387e+00
1.358198672533035278e-01
1.262888908386230469e-01
7.494099140167236328e-01
6.982620358467102051e-01
1.002782702445983887e+00
6.466817855834960938e-01
1.808620840311050415e-01
1.099121347069740295e-01
1.918093562126159668e-01
8.145958930253982544e-02
6.787602603435516357e-02
1.442125439643859863e-01
1.214194595813751221e-01
1.502366214990615845e-01
5.625601112842559814e-02
8.982529491186141968e-02
5.226646736264228821e-02
9.674326330423355103e-02
7.392074167728424072e-02
4.842519015073776245e-02
7.075772434473037720e-02
2.032141834497451782e-01
1.204958632588386536e-01
7.662959396839141846e-02
2.798526585102081299e-01
8.178944140672683716e-02
9.929668158292770386e-02
8.137650489807128906e-01
3.480668663978576660e-01
4.068753719329833984e-01
8.310728520154953003e-02
8.946833014488220215e-02
4.792726635932922363e-01
6.011578440666198730e-01
3.086418509483337402e-01
6.530364155769348145e-01
6.678748130798339844e-01
9.620165824890136719e-01
8.108147233724594116e-02
9.830007702112197876e-02
5.665725469589233398e-02
9.517858922481536865e-02
7.639420777559280396e-02
2.174136787652969360e-01
7.082061469554901123e-02
1.569580584764480591e-01
1.069722101092338562e-01
1.217732056975364685e-01
1.051637977361679077e-01
7.419639825820922852e-02
1.720044910907745361e-01
1.756571531295776367e-01
5.687273740768432617e-01
8.296295255422592163e-02
2.828163802623748779e-01
1.409595161676406860e-01
1.091359928250312805e-01
7.591267675161361694e-02
1.683566272258758545e-01
1.452763825654983521e-01
1.976015865802764893e-01
1.263309866189956665e-01
3.113005161285400391e-01
3.281241655349731445e-01
1.178678572177886963e-01
6.190133094787597656e-01
1.719686388969421387e-01
4.310314357280731201e-01
6.240991503000259399e-02
7.753492146730422974e-02
6.413862854242324829e-02
1.579853296279907227e-01
4.179178178310394287e-02
1.849788129329681396e-01
2.235238552093505859e-01
4.365347027778625488e-01
9.897851943969726562e-02
2.845376431941986084e-01
1.032285615801811218e-01
6.407774090766906738e-01
1.904059052467346191e-01
2.505996823310852051e-01
6.730049848556518555e-01
2.558403462171554565e-02
4.066887497901916504e-01
3.167778253555297852e-02
1.123298257589340210e-01
2.474386692047119141e-01
3.858692348003387451e-01
1.146574690937995911e-01
1.971372067928314209e-01
8.802866935729980469e-01
5.165777206420898438e-01
6.625742316246032715e-01
4.986731708049774170e-01
1.205737814307212830e-01
9.768216609954833984e-01
3.871063590049743652e-01
9.551874548196792603e-02
8.554400503635406494e-02
6.973822116851806641e-01
3.217351734638214111e-01
6.317793726921081543e-01
1.128184329718351364e-02
1.026304602622985840e+00
1.066609844565391541e-01
6.955690979957580566e-01
7.543693184852600098e-01
1.140425205230712891e-01
1.375514119863510132e-01
3.710404932498931885e-01
7.536047101020812988e-01
1.819108873605728149e-01
1.042826995253562927e-01
7.485391497611999512e-01
1.004770159721374512e+00
4.895382821559906006e-01
1.911097019910812378e-01
2.393758296966552734e-01
8.043669909238815308e-02
5.793792009353637695e-02
5.479620397090911865e-02
9.422336518764495850e-02
7.564959675073623657e-02
9.992425143718719482e-02
8.807898312807083130e-02
9.771512448787689209e-02
2.532369494438171387e-01
1.548735797405242920e-01
2.350429296493530273e-01
4.384518563747406006e-01
2.965727746486663818e-01
5.044625997543334961e-01
3.357383236289024353e-02
2.436117529869079590e-01
7.612329125404357910e-01
5.035307407379150391e-01
4.721398651599884033e-01
1.254898309707641602e-01
1.124358326196670532e-01
9.725207090377807617e-02
9.838854521512985229e-02
6.133434176445007324e-02
4.446470439434051514e-01
2.572154700756072998e-01
3.726767599582672119e-01
4.492803514003753662e-01
2.198054343461990356e-01
1.987626105546951294e-01
2.132885903120040894e-01
1.209089085459709167e-01
2.169806957244873047e-01
7.669502496719360352e-02
1.371970921754837036e-01
6.308379769325256348e-02
8.714025467634201050e-02
8.593385666608810425e-02
1.837703287601470947e-01
7.168132066726684570e-02
8.212506771087646484e-02
1.592174768447875977e-01
7.586897164583206177e-02
2.426114529371261597e-01
1.568393707275390625e-01
1.162608712911605835e-01
2.051810324192047119e-01
8.201169222593307495e-02
7.524088025093078613e-01
8.994461297988891602e-01
5.398463010787963867e-01
5.058405995368957520e-01
3.150707185268402100e-01
6.534366011619567871e-01
4.748795926570892334e-01
5.255746841430664062e-01
8.442116379737854004e-01
8.541605621576309204e-02
5.403759479522705078e-01
6.125679612159729004e-01
4.314973354339599609e-01
8.391062021255493164e-01
8.018524646759033203e-01
8.301730751991271973e-01
6.329970955848693848e-01
8.939681053161621094e-01
5.202307701110839844e-01
8.236322402954101562e-01
1.083133593201637268e-01
6.752833127975463867e-01
2.223496586084365845e-01
3.254421055316925049e-02
1.156183481216430664e+00
7.708165645599365234e-01
1.133364677429199219e+00
1.056976795196533203e+00
6.510297060012817383e-01
7.981088757514953613e-01
3.036950528621673584e-01
3.187248706817626953e-01
2.750613093376159668e-01
6.524686813354492188e-01
1.971529424190521240e-01
6.085134744644165039e-01
6.170876622200012207e-01
6.818446516990661621e-01
3.750003874301910400e-01
7.443717122077941895e-01
9.352706074714660645e-01
2.063351124525070190e-01
3.465852439403533936e-01
6.491008400917053223e-01
4.781436920166015625e-01
5.199214816093444824e-01
2.984249293804168701e-01
9.121083021163940430e-01
6.944158673286437988e-01
6.322150826454162598e-01
6.495189070701599121e-01
6.654602289199829102e-01
1.076009035110473633e+00
7.256614565849304199e-01
2.213003188371658325e-01
8.543890714645385742e-01
5.407798886299133301e-01
4.309015274047851562e-01
5.034462213516235352e-01
6.739017963409423828e-01
6.454707384109497070e-01
1.003363132476806641e+00
9.910261034965515137e-01
7.918953895568847656e-01
6.080023050308227539e-01
1.092354416847229004e+00
6.237000226974487305e-01
1.057038426399230957e+00
2.062854021787643433e-01
1.289024204015731812e-01
7.844799757003784180e-01
6.333371996879577637e-01
6.784311532974243164e-01
4.271604418754577637e-01
1.033871769905090332e+00
8.149133324623107910e-01
6.129157543182373047e-01
6.528994441032409668e-01
1.686252504587173462e-01
5.639569759368896484e-01
1.615630388259887695e-01
7.235442399978637695e-01
5.810738801956176758e-01
1.670726835727691650e-01
7.232540249824523926e-01
9.188828468322753906e-01
9.527317881584167480e-01
1.005039453506469727e+00
9.412884712219238281e-01
6.140367388725280762e-01
9.331925511360168457e-01
7.597827911376953125e-01
4.968408644199371338e-01
8.510957360267639160e-01
9.813483357429504395e-01
7.748121023178100586e-01
6.176206469535827637e-01
1.734324991703033447e-01
5.441167354583740234e-01
9.433349967002868652e-01
8.901997208595275879e-01
1.088735461235046387e+00
1.028034210205078125e+00
6.853042244911193848e-01
8.656647205352783203e-01
4.305244982242584229e-01
7.084791064262390137e-01
1.955173611640930176e-01
8.654835820198059082e-01
9.975492358207702637e-01
5.168633460998535156e-01
9.131973981857299805e-01
8.563610911369323730e-01
8.805366754531860352e-01
6.894704699516296387e-01
5.084980726242065430e-01
1.708630621433258057e-01
4.867564737796783447e-01
7.531920671463012695e-01
6.439122557640075684e-01
1.070026993751525879e+00
1.140302658081054688e+00
9.271920323371887207e-01
8.184262514114379883e-01
1.899997591972351074e-01
1.139540314674377441e+00
3.621258139610290527e-01
5.187717080116271973e-01
6.505929231643676758e-01
4.954131245613098145e-01
5.088747739791870117e-01
1.626831740140914917e-01
9.280133247375488281e-01
9.626865386962890625e-01
8.780209422111511230e-01
1.079406857490539551e+00
5.538007020950317383e-01
1.134035959839820862e-01
6.400057077407836914e-01
8.642995357513427734e-01
9.390885233879089355e-01
1.380924433469772339e-01
4.820893704891204834e-01
6.532189846038818359e-01
1.095937728881835938e+00
8.637963533401489258e-01
4.974950253963470459e-01
1.191979289054870605e+00
1.922166496515274048e-01
2.489878982305526733e-01
1.760444790124893188e-01
2.624556422233581543e-01
1.986060887575149536e-01
1.693892627954483032e-01
9.990088641643524170e-02
5.533571913838386536e-02
9.425674378871917725e-02
6.543444842100143433e-02
2.579290978610515594e-02
1.345026493072509766e-01
1.737770289182662964e-01
7.952823489904403687e-02
7.022598385810852051e-02
1.057092249393463135e-01
8.167140185832977295e-02
2.561498433351516724e-02
3.713759034872055054e-02
5.780350416898727417e-02
1.164180189371109009e-01
1.375481039285659790e-01
1.295879036188125610e-01
1.532183587551116943e-01
1.474921405315399170e-01
4.562355279922485352e-01
1.227424666285514832e-01
6.653818488121032715e-02
2.179449796676635742e-01
2.638703584671020508e-01
6.965376138687133789e-01
1.265419423580169678e-01
8.058412671089172363e-01
2.299892604351043701e-01
1.338258534669876099e-01
2.742159068584442139e-01
6.993407011032104492e-01
1.158019080758094788e-01
1.418964117765426636e-01
9.573262929916381836e-02
6.200143322348594666e-02
3.642803132534027100e-01
2.137118726968765259e-01
2.892511487007141113e-01
5.822704434394836426e-01
3.345525562763214111e-01
1.859878897666931152e-01
1.190900653600692749e-01
3.228396773338317871e-01
2.693451046943664551e-01
7.911691069602966309e-02
8.146807551383972168e-02
3.200219571590423584e-01
7.608819752931594849e-02
5.002110600471496582e-01
1.142132729291915894e-01
4.467649459838867188e-01
5.578988194465637207e-01
2.445302605628967285e-01
2.463431358337402344e-01
4.451498389244079590e-01
5.497221276164054871e-02
5.619369149208068848e-01
4.163501262664794922e-01
1.066079139709472656e-01
1.194068863987922668e-01
1.516809910535812378e-01
1.770832240581512451e-01
8.637710809707641602e-01
1.370886713266372681e-01
6.841653585433959961e-02
2.122381776571273804e-01
1.850765645503997803e-01
3.720713555812835693e-01
4.697399139404296875e-01
8.545671701431274414e-01
7.862861752510070801e-01
9.223096966743469238e-01
1.307364255189895630e-01
7.270964235067367554e-02
5.212475657463073730e-01
1.393902450799942017e-01
3.944948911666870117e-01
1.303081959486007690e-01
1.057366281747817993e-01
1.969933062791824341e-01
3.936488628387451172e-01
8.268246054649353027e-01
6.011359095573425293e-01
2.510258853435516357e-01
4.609249830245971680e-01
8.680629134178161621e-01
1.233948394656181335e-01
5.197446942329406738e-01
1.075675845146179199e+00
3.292076885700225830e-01
2.615671455860137939e-01
5.992573499679565430e-01
7.021668553352355957e-01
1.694228351116180420e-01
5.696911215782165527e-01
2.330847382545471191e-01
3.414604961872100830e-01
6.514097452163696289e-01
8.935317397117614746e-02
7.803714871406555176e-01
2.826619744300842285e-01
4.333650693297386169e-02
1.898724585771560669e-01
9.620641171932220459e-02
8.230742812156677246e-02
6.515523791313171387e-02
7.896971702575683594e-02
6.129778176546096802e-02
4.919128119945526123e-02
1.683055609464645386e-01
5.157384872436523438e-01
1.078886091709136963e-01
9.082014113664627075e-02
2.289978414773941040e-01
7.137641906738281250e-01
3.032820522785186768e-01
3.033968806266784668e-01
5.002460479736328125e-01
2.260292917490005493e-01
3.921940028667449951e-01
2.997625768184661865e-01
8.509515225887298584e-02
1.739532351493835449e-01
2.638596296310424805e-01
1.685259491205215454e-01
9.611619263887405396e-02
2.856192290782928467e-01
7.399702817201614380e-02
8.057330548763275146e-02
6.435777544975280762e-01
2.208005040884017944e-01
1.004915758967399597e-01
5.729484558105468750e-02
5.728391557931900024e-02
9.055624902248382568e-02
9.615654498338699341e-02
1.080322861671447754e+00
6.274027824401855469e-01
1.017696037888526917e-01
6.577650308609008789e-01
6.793307662010192871e-01
1.016541719436645508e+00
7.305623292922973633e-01
8.193929195404052734e-01
6.084187030792236328e-01
9.572051763534545898e-01
5.686733722686767578e-01
6.522423624992370605e-01
5.657300725579261780e-02
1.261206120252609253e-01
1.226383686065673828e+00
1.007289528846740723e+00
7.941600084304809570e-01
8.888121843338012695e-01
9.038715958595275879e-01
1.637620776891708374e-01
9.285885095596313477e-01
2.355563342571258545e-01
7.326389551162719727e-01
7.026774287223815918e-01
7.750309109687805176e-01
2.898855805397033691e-01
8.360011577606201172e-01
8.320966362953186035e-01
2.964970767498016357e-01
5.953590273857116699e-01
6.118170022964477539e-01
8.132547736167907715e-01
9.982825517654418945e-01
5.747030973434448242e-01
6.102574467658996582e-01
2.597883343696594238e-01
8.521003127098083496e-01
8.818265199661254883e-01
4.791259169578552246e-01
8.414319753646850586e-01
8.232011795043945312e-01
6.584517955780029297e-01
1.172636747360229492e+00
9.501554369926452637e-01
4.075274765491485596e-01
7.124356627464294434e-01
9.011154770851135254e-01
9.088435173034667969e-01
1.122949838638305664e+00
8.655202388763427734e-01
6.670706868171691895e-01
6.513153910636901855e-01
3.499586582183837891e-01
2.812042236328125000e-01
8.306737542152404785e-01
1.358153373003005981e-01
1.099153608083724976e-01
2.430037111043930054e-01
1.403974741697311401e-01
2.416139245033264160e-01
1.070189848542213440e-01
1.253041476011276245e-01
9.902977198362350464e-02
7.590077072381973267e-02
9.194734692573547363e-02
1.412619948387145996e-01
1.186152771115303040e-01
3.812173381447792053e-02
4.334222376346588135e-01
5.848971009254455566e-01
3.570296168327331543e-01
1.057734265923500061e-01
5.272537469863891602e-01
5.675073266029357910e-01
5.534303784370422363e-01
7.695297896862030029e-02
1.532708853483200073e-01
3.277873694896697998e-01
1.408682465553283691e-01
5.504637956619262695e-02
8.380340784788131714e-02
8.967898786067962646e-02
3.948427438735961914e-01
4.260142147541046143e-01
4.162138700485229492e-01
5.986118912696838379e-01
6.021326407790184021e-02
2.615458667278289795e-01
7.752286642789840698e-02
1.669285744428634644e-01
5.869020521640777588e-02
7.167384028434753418e-01
3.330099955201148987e-02
1.346666514873504639e-01
4.291913658380508423e-02
4.395758509635925293e-01
1.345718204975128174e-01
3.911564648151397705e-01
2.145675271749496460e-01
2.347103059291839600e-01
1.236899793148040771e-01
3.056862652301788330e-01
9.754496812820434570e-01
1.150869131088256836e-01
2.083115875720977783e-01
6.957418471574783325e-02
7.296012341976165771e-02
1.741645336151123047e-01
6.844961643218994141e-02
1.740473061800003052e-01
1.206477805972099304e-01
1.221556216478347778e-02
2.551256716251373291e-01
5.550783500075340271e-02
1.157692223787307739e-01
2.826461493968963623e-01
3.194907680153846741e-02
3.296266496181488037e-01
1.045904681086540222e-01
4.282497465610504150e-01
3.794322311878204346e-01
5.876614525914192200e-02
1.067248806357383728e-01
5.549460649490356445e-02
9.142058342695236206e-02
1.137991696596145630e-01
2.269547730684280396e-01
2.270595282316207886e-01
1.370913833379745483e-01
4.887947812676429749e-02
1.568468064069747925e-01
9.827134609222412109e-01
3.620979785919189453e-01
4.050679504871368408e-01
1.756951399147510529e-02
3.959942460060119629e-01
8.659331798553466797e-01
2.164024561643600464e-01
1.014054268598556519e-01
7.764043807983398438e-01
4.086229801177978516e-01
5.013659596443176270e-01
5.083235502243041992e-01
1.321562677621841431e-01
5.817159414291381836e-01
3.232883810997009277e-01
5.308399200439453125e-01
3.044027835130691528e-02
4.845088720321655273e-02
4.698561728000640869e-01
6.516110301017761230e-01
9.261497110128402710e-02
3.167494535446166992e-01
1.208845153450965881e-01
3.606775104999542236e-01
1.007849097251892090e+00
1.055731892585754395e+00
2.148157358169555664e-01
9.627913236618041992e-01
1.136264324188232422e+00
7.914700508117675781e-01
3.133644759654998779e-01
6.690827608108520508e-01
1.387457400560379028e-01
4.756880104541778564e-01
6.984564661979675293e-01
1.082016348838806152e+00
1.689002811908721924e-01
6.336965560913085938e-01
1.418138146400451660e-01
7.765111327171325684e-01
9.464637041091918945e-01
8.264814615249633789e-01
4.640901982784271240e-01
1.041127204895019531e+00
5.498893857002258301e-01
6.107764840126037598e-01
9.861648678779602051e-01
6.006596684455871582e-01
6.702528595924377441e-01
7.562021613121032715e-01
6.510364413261413574e-01
5.702890753746032715e-01
5.275730490684509277e-01
5.665528178215026855e-01
5.486241579055786133e-01
3.766759037971496582e-01
8.062236905097961426e-01
1.250957101583480835e-01
5.738899707794189453e-01
1.064028069376945496e-01
3.690721392631530762e-01
6.902301311492919922e-01
7.568444609642028809e-01
9.458732604980468750e-01
6.262614727020263672e-01
5.122667178511619568e-02
2.935375273227691650e-02
3.983376175165176392e-02
9.201191365718841553e-02
2.057867869734764099e-02
6.791478954255580902e-03
4.210041463375091553e-02
6.112902984023094177e-02
1.164790336042642593e-02
1.096232309937477112e-01
1.249252930283546448e-01
9.228231906890869141e-01
3.937508910894393921e-02
3.869205247610807419e-03
2.417322061955928802e-02
5.117360875010490417e-02
7.675281167030334473e-02
3.911445140838623047e-01
2.730187214910984039e-02
9.794902801513671875e-02
4.428097009658813477e-01
2.949135564267635345e-02
7.635632902383804321e-02
8.692508190870285034e-02
1.559960544109344482e-01
1.397989410907030106e-02
2.566735446453094482e-01
2.371457219123840332e-01
7.847052067518234253e-02
5.838879346847534180e-01
6.469495296478271484e-01
5.932716131210327148e-01
7.184813618659973145e-01
1.948870420455932617e-01
5.650267004966735840e-01
4.362647831439971924e-01
2.813499271869659424e-01
7.348339259624481201e-02
1.237603724002838135e-01
4.926674664020538330e-01
1.310938596725463867e-01
3.701789081096649170e-01
1.083027571439743042e-01
1.712541431188583374e-01
8.198698610067367554e-02
6.529062390327453613e-01
6.669556498527526855e-01
3.424541652202606201e-02
7.689190506935119629e-01
5.504344105720520020e-01
7.697560787200927734e-01
7.395234107971191406e-01
8.670045733451843262e-01
5.277894437313079834e-02
4.292369186878204346e-01
7.725533246994018555e-01
5.267285183072090149e-02
2.818038463592529297e-01
1.195374727249145508e-01
5.625987052917480469e-01
6.585416942834854126e-02
8.886931091547012329e-02
1.025020554661750793e-01
1.974607631564140320e-02
2.869846820831298828e-01
7.570060342550277710e-02
2.787663042545318604e-01
9.139560908079147339e-02
9.155596792697906494e-02
2.461719512939453125e-01
5.344450473785400391e-02
5.539506673812866211e-02
8.268106728792190552e-02
1.777500472962856293e-02
1.143060177564620972e-01
7.366503030061721802e-02
2.596077322959899902e-02
7.589744031429290771e-02
1.376052200794219971e-01
1.754062175750732422e-01
3.034211099147796631e-01
1.903499066829681396e-01
5.695752501487731934e-01
7.384939491748809814e-02
1.664298623800277710e-01
2.548284828662872314e-01
6.333452463150024414e-01
5.362494587898254395e-01
2.221794128417968750e-01
6.251698136329650879e-01
3.556358516216278076e-01
1.060524880886077881e-01
2.486797571182250977e-01
2.507333755493164062e-01
5.831468701362609863e-01
8.990538865327835083e-02
2.345568835735321045e-01
2.008000016212463379e-01
1.625492982566356659e-02
5.404310673475265503e-02
1.117866262793540955e-01
1.271669566631317139e-01
7.906352728605270386e-02
4.205268993973731995e-02
1.288701687008142471e-02
1.939125359058380127e-02
1.186986938118934631e-01
1.362528353929519653e-01
8.693848550319671631e-02
8.667075634002685547e-02
8.066413551568984985e-02
1.080635786056518555e-01
1.379299610853195190e-01
1.199846342206001282e-01
3.827380239963531494e-01
2.472287565469741821e-01
2.946069650352001190e-02
1.437204927206039429e-01
8.038504421710968018e-02
1.622635871171951294e-01
5.223792791366577148e-02
1.434836536645889282e-01
5.045763030648231506e-02
2.389231771230697632e-01
4.241107776761054993e-02
9.488001465797424316e-02
1.803853735327720642e-02
1.321496367454528809e-01
7.262108474969863892e-02
1.225855350494384766e-01
6.440882384777069092e-02
8.596954494714736938e-02
4.561269581317901611e-01
1.780675649642944336e-01
4.380917847156524658e-01
1.442393064498901367e-01
6.525871157646179199e-02
9.363915026187896729e-02
1.393906921148300171e-01
1.799511760473251343e-01
1.559354215860366821e-01
8.266603201627731323e-02
3.405313491821289062e-01
1.264193952083587646e-01
8.120471239089965820e-02
6.585143506526947021e-02
8.719910383224487305e-01
7.361614108085632324e-01
8.671203255653381348e-01
2.132059335708618164e-01
1.290036737918853760e-01
6.153622865676879883e-01
5.132010579109191895e-01
1.457053273916244507e-01
3.155205026268959045e-02
1.355512887239456177e-01
8.387069106101989746e-01
1.015264749526977539e+00
3.888996243476867676e-01
8.185593485832214355e-01
3.520618677139282227e-01
1.930409520864486694e-01
1.937257647514343262e-01
7.257077097892761230e-02
1.486202180385589600e-01
9.021406173706054688e-01
9.951118230819702148e-01
3.018116950988769531e-01
5.786951780319213867e-01
2.279832512140274048e-01
3.871120810508728027e-01
5.760443210601806641e-01
2.159868180751800537e-01
5.016667842864990234e-01
7.494419813156127930e-01
7.088425159454345703e-01
5.568294525146484375e-01
5.275366306304931641e-01
4.104066193103790283e-01
1.178970858454704285e-01
6.241471767425537109e-01
6.118182539939880371e-01
2.862823903560638428e-01
4.572485685348510742e-01
7.182936668395996094e-01
7.078461050987243652e-01
6.170424818992614746e-01
5.712448358535766602e-01
1.137004017829895020e+00
8.400708436965942383e-01
6.884973645210266113e-01
6.671431064605712891e-01
4.706054329872131348e-01
5.726449564099311829e-02
7.888662070035934448e-02
9.825413674116134644e-02
6.972550600767135620e-02
2.244763672351837158e-01
1.399714350700378418e-01
8.756560832262039185e-02
1.739276200532913208e-01
4.392991065979003906e-01
6.335367560386657715e-01
1.178947016596794128e-01
1.059324145317077637e-01
2.926456369459629059e-02
5.011042952537536621e-02
3.827434778213500977e-01
4.509315490722656250e-01
2.960920333862304688e-02
2.946811728179454803e-02
2.841935753822326660e-01
3.282926231622695923e-02
4.646917283535003662e-01
2.980399727821350098e-01
1.210948228836059570e-01
1.012603938579559326e-01
4.005112126469612122e-02
1.005631312727928162e-01
7.689569890499114990e-02
2.149117588996887207e-01
8.239113539457321167e-02
4.349083900451660156e-01
8.054509013891220093e-02
1.004615053534507751e-01
9.105952829122543335e-02
2.287282049655914307e-01
6.494188308715820312e-02
2.634656727313995361e-01
5.668918043375015259e-02
2.295580208301544189e-01
5.174461752176284790e-02
1.690284311771392822e-01
6.197964027523994446e-02
2.472956925630569458e-01
2.810661196708679199e-01
3.779039382934570312e-01
2.955083250999450684e-01
1.508742570877075195e-01
1.239618062973022461e-01
4.711232185363769531e-01
7.881763577461242676e-02
5.792329832911491394e-02
2.521151304244995117e-01
1.093081906437873840e-01
2.901035174727439880e-02
1.506468802690505981e-01
1.483538895845413208e-01
2.005384564399719238e-01
9.764477610588073730e-02
7.286556065082550049e-02
2.975317537784576416e-01
3.953251540660858154e-01
1.053261607885360718e-01
2.922231554985046387e-01
2.424031347036361694e-01
3.819291293621063232e-02
1.946086138486862183e-01
1.337980777025222778e-01
2.419679760932922363e-01
9.418319165706634521e-02
8.100973814725875854e-02
1.272870600223541260e-01
1.570529639720916748e-01
1.532508283853530884e-01
7.287940382957458496e-02
1.565413624048233032e-01
5.682262033224105835e-02
9.819748252630233765e-02
7.377392798662185669e-02
5.620452016592025757e-02
9.944687783718109131e-02
3.296582996845245361e-01
1.277826875448226929e-01
6.327321380376815796e-02
1.212431043386459351e-01
7.869475483894348145e-01
5.079827308654785156e-01
1.374060511589050293e-01
7.564675807952880859e-01
3.112279176712036133e-01
6.174647808074951172e-01
5.409259796142578125e-01
5.327363014221191406e-01
6.103513240814208984e-01
1.104603931307792664e-01
4.845852255821228027e-01
8.519399166107177734e-01
2.236031889915466309e-01
1.489311605691909790e-01
5.272065401077270508e-01
5.583665147423744202e-02
1.759562492370605469e-01
9.644044935703277588e-02
6.659707427024841309e-02
1.247003003954887390e-01
5.085509270429611206e-02
4.276291280984878540e-02
2.590465247631072998e-01
3.200795650482177734e-01
9.528154730796813965e-01
7.440394759178161621e-01
1.211232319474220276e-01
5.273961424827575684e-01
2.341936379671096802e-01
6.796175241470336914e-01
7.767930030822753906e-01
2.250926494598388672e-01
7.145379185676574707e-01
9.079561233520507812e-01
8.126744627952575684e-01
9.747970104217529297e-01
7.888216972351074219e-01
2.107262462377548218e-01
1.111452102661132812e+00
7.268928289413452148e-01
7.607993483543395996e-01
7.987270355224609375e-01
2.737775146961212158e-01
5.670411586761474609e-01
2.771191298961639404e-01
3.690267205238342285e-01
5.835745334625244141e-01
2.384333759546279907e-01
6.488051414489746094e-01
6.964961290359497070e-01
7.903299927711486816e-01
1.037931561470031738e+00
1.450099498033523560e-01
6.280770897865295410e-01
5.215486288070678711e-01
8.988958597183227539e-01
9.244637936353683472e-02
8.669846057891845703e-01
7.377617061138153076e-02
5.620374679565429688e-01
1.118879795074462891e+00
1.716106384992599487e-01
6.181316971778869629e-01
4.557134807109832764e-01
2.779706418514251709e-01
8.687146306037902832e-01
1.001772403717041016e+00
1.139725565910339355e+00
8.417853713035583496e-01
8.727716803550720215e-01
1.268805861473083496e+00
7.990734577178955078e-01
1.114788651466369629e+00
2.150392234325408936e-01
9.292677640914916992e-01
1.085495471954345703e+00
4.816436469554901123e-01
2.973282337188720703e-01
6.473360061645507812e-01
8.421047925949096680e-01
4.853923618793487549e-01
1.028318405151367188e-01
5.471224337816238403e-02
9.109651297330856323e-02
8.192332834005355835e-02
1.403693854808807373e-01
7.714269310235977173e-02
1.013786867260932922e-01
9.503021091222763062e-02
1.679537594318389893e-01
6.481670588254928589e-02
8.043531328439712524e-02
1.009194254875183105e-01
1.374258846044540405e-01
2.065378725528717041e-01
1.120211929082870483e-01
4.319712892174720764e-02
7.722355425357818604e-02
4.434978589415550232e-02
9.833838790655136108e-02
9.298098087310791016e-02
1.092527806758880615e-01
6.074023991823196411e-02
3.505318611860275269e-02
7.982995361089706421e-02
9.695879369974136353e-02
7.538425922393798828e-02
9.923143684864044189e-02
4.003823548555374146e-02
6.459413468837738037e-02
6.314630806446075439e-02
9.615635126829147339e-02
3.909874334931373596e-02
1.244780719280242920e-01
9.902543574571609497e-02
2.243155390024185181e-01
6.498917192220687866e-02
1.833980977535247803e-01
8.634090423583984375e-02
6.114336475729942322e-02
6.845951825380325317e-02
6.602453589439392090e-01
3.030737340450286865e-01
2.382361292839050293e-01
1.534654051065444946e-01
1.181572154164314270e-01
5.217717215418815613e-02
3.951250910758972168e-01
9.636981040239334106e-02
9.922229498624801636e-02
8.120027929544448853e-02
5.366167984902858734e-03
1.039469912648200989e-01
1.028126776218414307e-01
4.799759387969970703e-02
7.291144132614135742e-02
1.695433109998703003e-01
1.776574403047561646e-01
1.058571785688400269e-01
9.278059005737304688e-02
8.910812437534332275e-02
1.454435884952545166e-01
1.634351313114166260e-01
9.049043804407119751e-02
1.580272465944290161e-01
7.104722410440444946e-02
1.202220469713211060e-01
4.047525525093078613e-01
2.383265346288681030e-01
1.452751010656356812e-01
5.703728646039962769e-02
1.373670548200607300e-01
2.937520742416381836e-01
7.375452667474746704e-02
5.220978334546089172e-02
1.077290698885917664e-01
1.118290051817893982e-01
1.709926128387451172e-02
4.047129675745964050e-02
1.332341730594635010e-01
5.361503958702087402e-01
1.388108581304550171e-01
5.876743197441101074e-01
1.295189708471298218e-01
3.942095041275024414e-01
8.146498352289199829e-02
4.751863703131675720e-02
1.297848224639892578e-01
3.164567649364471436e-01
5.362864732742309570e-01
7.667350769042968750e-01
1.445779949426651001e-01
6.790244579315185547e-02
5.709146857261657715e-01
2.642345428466796875e-01
1.415186673402786255e-01
1.231144070625305176e-01
5.260651111602783203e-01
7.473985850811004639e-02
3.340624272823333740e-02
1.063512489199638367e-01
9.412764906883239746e-01
2.157280445098876953e-01
9.497770667076110840e-02
9.701943397521972656e-02
7.530516386032104492e-02
1.056763455271720886e-01
6.757739186286926270e-01
6.664254665374755859e-01
1.971914917230606079e-01
4.969992116093635559e-02
3.219077587127685547e-01
5.854789540171623230e-02
1.956404745578765869e-01
4.635203182697296143e-01
9.120312333106994629e-02
8.378303796052932739e-02
1.183825954794883728e-01
1.084511131048202515e-01
4.056645929813385010e-01
7.392197251319885254e-01
1.033872291445732117e-01
6.531059145927429199e-01
6.792541742324829102e-01
1.748765408992767334e-01
2.485406100749969482e-01
5.648240447044372559e-01
5.874748528003692627e-02
5.990139245986938477e-01
2.235326319932937622e-01
4.920886754989624023e-01
8.219065517187118530e-02
9.593991637229919434e-01
1.113459825515747070e+00
1.369244158267974854e-01
1.358358561992645264e-01
1.058000549674034119e-01
1.213698536157608032e-01
1.697460860013961792e-01
8.642347157001495361e-02
4.242362380027770996e-01
5.769712105393409729e-02
1.014381870627403259e-01
6.282511353492736816e-02
1.100576743483543396e-01
9.900822490453720093e-02
1.092711538076400757e-01
9.141842275857925415e-02
9.656744450330734253e-02
1.297363936901092529e-01
2.771329879760742188e-01
8.812962472438812256e-02
9.735511243343353271e-02
2.283063903450965881e-02
1.891070157289505005e-01
1.142085567116737366e-01
4.945310056209564209e-01
1.000902876257896423e-01
1.810195893049240112e-01
1.710252016782760620e-01
1.701130717992782593e-01
1.029812321066856384e-01
2.743858397006988525e-01
2.741015255451202393e-01
2.069639265537261963e-01
1.726154983043670654e-01
1.867758780717849731e-01
8.053707331418991089e-02
3.642786145210266113e-01
2.233357429504394531e-01
2.701524645090103149e-02
7.147109508514404297e-02
1.481890082359313965e-01
1.139073222875595093e-01
1.797386407852172852e-01
3.561134636402130127e-02
2.895525395870208740e-01
3.308997452259063721e-01
9.539394080638885498e-02
5.717306211590766907e-02
1.184587702155113220e-01
6.159336492419242859e-02
2.222329825162887573e-01
2.056248635053634644e-01
1.847787946462631226e-01
9.462065249681472778e-02
8.257872611284255981e-02
4.861482083797454834e-01
3.720318675041198730e-01
3.314379453659057617e-01
8.240108937025070190e-02
6.785291433334350586e-02
4.032300040125846863e-02
3.431933000683784485e-02
6.302240304648876190e-03
1.366592794656753540e-01
6.756340712308883667e-02
5.157660841941833496e-01
6.069220900535583496e-01
1.690829843282699585e-01
6.057859659194946289e-01
9.289509654045104980e-01
3.790204226970672607e-01
8.498761057853698730e-02
9.128860235214233398e-01
4.579388499259948730e-01
8.337543010711669922e-01
2.435744106769561768e-01
5.593589544296264648e-01
1.615677326917648315e-01
1.295901834964752197e-01
5.154357552528381348e-01
9.587228298187255859e-01
1.112020015716552734e+00
6.866896152496337891e-01
4.122979044914245605e-01
4.852439463138580322e-01
7.330277562141418457e-01
9.045542478561401367e-01
8.128103613853454590e-01
8.895044922828674316e-01
1.017461180686950684e+00
6.142946481704711914e-01
1.219045743346214294e-01
1.510237902402877808e-01
5.005278587341308594e-01
8.725394606590270996e-01
1.124319911003112793e+00
7.686026096343994141e-01
6.744940876960754395e-01
5.074007511138916016e-01
9.069625735282897949e-01
6.287608146667480469e-01
1.674769818782806396e-01
7.518365383148193359e-01
5.364142060279846191e-01
3.833246529102325439e-01
7.082511782646179199e-01
4.506657719612121582e-01
3.603486418724060059e-01
7.517420053482055664e-01
5.852850675582885742e-01
8.114677667617797852e-01
7.909533381462097168e-01
9.307315945625305176e-01
9.025052189826965332e-01
9.364116787910461426e-01
9.008335471153259277e-01
1.072700381278991699e+00
9.222364425659179688e-01
2.568159103393554688e-01
8.327355980873107910e-01
8.405070304870605469e-01
8.156130909919738770e-01
1.672810614109039307e-01
3.506475985050201416e-01
7.032874822616577148e-01
4.766001701354980469e-01
2.045444101095199585e-01
9.038653373718261719e-01
6.320548653602600098e-01
1.549374610185623169e-01
1.237929016351699829e-01
3.312210142612457275e-01
1.486776173114776611e-01
6.142013669013977051e-01
1.095887660980224609e+00
2.982416749000549316e-01
7.785966396331787109e-01
4.322070181369781494e-01
9.709183573722839355e-01
1.128446698188781738e+00
1.041241407394409180e+00
1.410792469978332520e-01
9.976229071617126465e-01
8.276072144508361816e-01
9.516013264656066895e-01
9.081490635871887207e-01
1.358396410942077637e-01
7.972325086593627930e-01
9.657367467880249023e-01
9.929740428924560547e-01
1.109366059303283691e+00
1.169682502746582031e+00
1.203647375106811523e+00
5.628928542137145996e-01
1.089983105659484863e+00
9.078764915466308594e-01
1.073374271392822266e+00
6.552889347076416016e-01
9.324383139610290527e-01
4.604443311691284180e-01
3.779113590717315674e-01
6.894041895866394043e-01
2.962838411331176758e-01
4.889979958534240723e-01
8.173047900199890137e-01
9.286258220672607422e-01
9.057658910751342773e-02
8.088483810424804688e-01
6.684898734092712402e-01
5.757575631141662598e-01
7.672839164733886719e-01
3.453259170055389404e-01
1.059474825859069824e+00
1.185730099678039551e+00
9.480668306350708008e-01
2.798569202423095703e-01
9.810304045677185059e-01
9.525339603424072266e-01
9.800651669502258301e-01
9.469183087348937988e-01
1.017818570137023926e+00
9.710867404937744141e-01
8.705369234085083008e-01
8.559552431106567383e-01
4.739242792129516602e-01
5.471565127372741699e-01
4.404573142528533936e-01
7.185261249542236328e-01
9.885938167572021484e-01
4.309962689876556396e-01
8.274081945419311523e-01
6.378244757652282715e-01
6.313520669937133789e-01
7.989034056663513184e-01
6.167001128196716309e-01
1.076234817504882812e+00
9.993893504142761230e-01
1.635843366384506226e-01
2.897507548332214355e-01
8.535530567169189453e-01
9.122965335845947266e-01
6.589719653129577637e-01
1.719902008771896362e-01
8.377850055694580078e-01
8.848545551300048828e-01
4.086708426475524902e-01
5.512632131576538086e-01
9.111964106559753418e-01
1.029441118240356445e+00
7.164903283119201660e-01
7.404441833496093750e-01
5.780882388353347778e-02
2.447933405637741089e-01
6.458576768636703491e-02
8.049213886260986328e-02
1.298330277204513550e-01
3.244519233703613281e-02
1.051613464951515198e-01
4.667859524488449097e-02
4.186937212944030762e-02
3.134031593799591064e-02
1.718541681766510010e-01
7.741358876228332520e-02
9.480702131986618042e-02
8.535008877515792847e-02
6.106081604957580566e-02
6.867355704307556152e-01
6.438663601875305176e-01
7.845117151737213135e-02
2.459030896425247192e-01
2.601339817047119141e-01
3.527057468891143799e-01
5.314896106719970703e-01
4.735413789749145508e-01
1.646128743886947632e-01
4.915479198098182678e-02
1.930779367685317993e-01
6.223321557044982910e-01
3.979666233062744141e-01
7.032980024814605713e-02
8.078612387180328369e-02
6.972566992044448853e-02
4.985730350017547607e-02
3.275623545050621033e-02
7.172231376171112061e-02
3.497833013534545898e-02
1.384955048561096191e-01
1.542122662067413330e-01
6.634625047445297241e-02
1.397626549005508423e-01
4.509555548429489136e-02
4.300751388072967529e-01
4.839814826846122742e-02
2.443273216485977173e-01
1.596846133470535278e-01
1.976553350687026978e-01
8.200554549694061279e-02
1.594496816396713257e-01
1.302166730165481567e-01
1.055674441158771515e-02
8.664514869451522827e-02
1.029460132122039795e-01
2.136901766061782837e-01
1.377525925636291504e-01
4.125301837921142578e-01
1.220906153321266174e-01
3.331048414111137390e-02
4.885666072368621826e-01
8.029020428657531738e-01
2.741079330444335938e-01
3.044124841690063477e-01
8.023959994316101074e-01
3.919218480587005615e-02
5.779356881976127625e-02
5.399103835225105286e-02
1.130070164799690247e-01
8.997482061386108398e-02
4.720785915851593018e-01
6.613999605178833008e-02
6.004033684730529785e-01
2.155868113040924072e-01
2.026254683732986450e-01
1.250794343650341034e-02
4.699061810970306396e-01
1.247396245598793030e-01
8.640621304512023926e-01
9.482916444540023804e-02
1.133352816104888916e-01
3.217040300369262695e-01
4.312041029334068298e-02
4.167323559522628784e-02
2.218162715435028076e-01
4.571323841810226440e-02
1.980744153261184692e-01
1.524172872304916382e-01
6.243608519434928894e-02
1.363059580326080322e-01
3.531490862369537354e-01
9.422615170478820801e-02
8.885441422462463379e-01
7.011262774467468262e-01
7.339691370725631714e-02
1.700017452239990234e-01
9.827575087547302246e-02
3.134381771087646484e-01
7.074317336082458496e-01
8.317541480064392090e-01
1.299696266651153564e-01
2.277217656373977661e-01
7.635595202445983887e-01
7.982298135757446289e-01
5.079328417778015137e-01
2.507865242660045624e-02
2.446164488792419434e-01
9.552044421434402466e-02
1.090075373649597168e-01
1.392248123884201050e-01
2.810778096318244934e-02
5.702537670731544495e-02
1.688402891159057617e-01
9.264647960662841797e-02
1.339623611420392990e-02
1.432526111602783203e-01
2.245921194553375244e-01
3.501128852367401123e-01
1.191862002015113831e-01
2.006150186061859131e-01
7.460797578096389771e-02
7.346786558628082275e-02
1.423251032829284668e-01
2.511273622512817383e-01
3.933089226484298706e-02
1.220117658376693726e-01
6.977214664220809937e-02
3.973371163010597229e-02
1.796349436044692993e-01
1.099421009421348572e-01
4.329552054405212402e-01
7.590565830469131470e-02
7.106581330299377441e-02
4.486718773841857910e-02
5.115796998143196106e-02
2.092440277338027954e-01
7.576828598976135254e-01
6.475203633308410645e-01
7.471134066581726074e-01
4.685710966587066650e-01
2.874338924884796143e-01
5.743171572685241699e-01
1.373321190476417542e-02
2.446828484535217285e-01
1.209359988570213318e-01
6.827120184898376465e-01
7.148874998092651367e-01
1.060685366392135620e-01
6.030530929565429688e-01
3.751633465290069580e-01
4.254246354103088379e-01
4.993383288383483887e-01
2.172783613204956055e-01
7.348902821540832520e-01
8.687108755111694336e-02
6.564893722534179688e-01
1.086719274520874023e+00
1.419357508420944214e-01
2.297749044373631477e-03
7.841553539037704468e-03
3.201961517333984375e-02
1.003315210342407227e+00
9.266616702079772949e-01
4.915047883987426758e-01
3.513315618038177490e-01
2.060268819332122803e-01
9.224072098731994629e-01
5.938924551010131836e-01
8.595550060272216797e-01
5.332055091857910156e-01
9.823905229568481445e-01
4.565478265285491943e-01
5.350983738899230957e-01
5.715759992599487305e-01
7.925439476966857910e-01
8.051595091819763184e-01
1.761399954557418823e-01
8.210687637329101562e-01
5.461392998695373535e-01
7.706383466720581055e-01
7.682269215583801270e-01
5.172896981239318848e-01
1.243781805038452148e+00
9.787060022354125977e-01
9.651405215263366699e-01
9.618644118309020996e-01
2.985581159591674805e-01
5.560490489006042480e-01
1.009982109069824219e+00
5.554400682449340820e-01
7.300873398780822754e-01
6.969870328903198242e-01
5.305718183517456055e-01
1.338442265987396240e-01
6.748191118240356445e-01
8.843333721160888672e-01
4.540464878082275391e-01
4.179364740848541260e-01
6.905513405799865723e-01
1.077379465103149414e+00
7.968790531158447266e-01
1.009446978569030762e+00
1.011860445141792297e-01
1.267735064029693604e-01
1.757981628179550171e-01
6.201612949371337891e-01
1.626672744750976562e-01
1.924103200435638428e-01
8.089886903762817383e-01
7.298422455787658691e-01
1.095931529998779297e-01
6.280444562435150146e-02
7.310659438371658325e-02
9.016203880310058594e-02
8.105914294719696045e-02
2.449441514909267426e-02
2.156396023929119110e-02
7.692630589008331299e-02
3.969584777951240540e-02
8.777325600385665894e-02
5.936326831579208374e-02
5.171272531151771545e-02
7.271568477153778076e-02
1.019177213311195374e-01
1.404264122247695923e-01
9.121592342853546143e-02
8.874943852424621582e-02
1.510660946369171143e-01
2.167486548423767090e-01
4.739809036254882812e-02
8.859065175056457520e-02
4.675159454345703125e-01
1.982943713665008545e-01
5.357329845428466797e-01
6.144489049911499023e-01
1.302741467952728271e-01
8.918543159961700439e-02
4.021131247282028198e-02
6.638135761022567749e-02
1.276719123125076294e-01
8.272886276245117188e-02
6.722210347652435303e-02
6.523563712835311890e-02
3.410163819789886475e-01
1.180569604039192200e-01
5.241073295474052429e-02
1.143732890486717224e-01
4.911680221557617188e-01
7.273802161216735840e-02
5.390635132789611816e-01
4.636710882186889648e-01
1.040360331535339355e-01
1.235894039273262024e-01
8.888541907072067261e-02
3.173222020268440247e-02
2.057230472564697266e-01
1.338882893323898315e-01
7.959154993295669556e-02
2.732336521148681641e-01
8.504894375801086426e-02
7.920943945646286011e-02
4.484401643276214600e-01
4.638535678386688232e-01
4.988666772842407227e-01
2.707412093877792358e-02
1.201356500387191772e-01
1.937151253223419189e-01
4.276574552059173584e-01
5.802074670791625977e-01
1.831447780132293701e-01
4.447519779205322266e-02
2.883003652095794678e-02
3.156065940856933594e-02
4.541189968585968018e-02
1.306465417146682739e-01
4.811302125453948975e-01
7.094140052795410156e-01
2.525214552879333496e-01
2.365355789661407471e-01
8.536331355571746826e-02
8.421461582183837891e-01
3.024498522281646729e-01
2.213679701089859009e-01
1.286626160144805908e-01
6.905344128608703613e-02
1.244574710726737976e-01
5.934881567955017090e-01
6.959078907966613770e-01
1.416596490889787674e-02
2.786830067634582520e-01
9.658065438270568848e-01
9.892319887876510620e-02
8.266538381576538086e-02
4.959836974740028381e-02
1.245958358049392700e-01
2.744837403297424316e-01
1.049652546644210815e-01
4.923341274261474609e-01
1.176156848669052124e-01
4.263117164373397827e-02
4.645118117332458496e-01
5.514538884162902832e-01
2.151142209768295288e-01
7.017342746257781982e-02
4.059279337525367737e-02
1.094680055975914001e-01
1.212395653128623962e-01
8.252177387475967407e-02
1.012129783630371094e-01
2.016760259866714478e-01
1.540138274431228638e-01
8.555278927087783813e-02
1.190008297562599182e-01
6.876822561025619507e-02
8.815667778253555298e-02
9.363914281129837036e-02
1.261179745197296143e-01
1.244318783283233643e-01
2.280201166868209839e-01
1.782243996858596802e-01
1.954594254493713379e-02
9.165860712528228760e-02
6.323104351758956909e-02
5.720078349113464355e-01
5.844023227691650391e-01
5.453100204467773438e-01
1.858113557100296021e-01
3.856684863567352295e-01
1.029746457934379578e-01
1.225342079997062683e-01
4.050901830196380615e-01
5.472642779350280762e-01
4.002316594123840332e-01
2.278656512498855591e-01
3.020786941051483154e-01
1.229429990053176880e-01
2.467006444931030273e-01
3.270195722579956055e-01
6.879222989082336426e-01
2.721002697944641113e-01
1.271295547485351562e-01
3.676694929599761963e-01
7.838218212127685547e-01
5.689617395401000977e-01
5.436168909072875977e-01
2.620617449283599854e-01
5.246309041976928711e-01
5.890488997101783752e-02
1.012090444564819336e+00
1.150596737861633301e+00
1.096607923507690430e+00
9.389756321907043457e-01
8.705409765243530273e-01
1.123855471611022949e+00
4.928946495056152344e-01
1.396969705820083618e-01
2.012521922588348389e-01
4.858939647674560547e-01
7.183356285095214844e-01
9.585042595863342285e-01
9.251728653907775879e-01
8.428171873092651367e-01
7.585980892181396484e-01
6.643335819244384766e-01
8.747257590293884277e-01
5.870646834373474121e-01
5.398404598236083984e-01
8.475742340087890625e-01
3.594226837158203125e-01
5.773757696151733398e-01
6.639406681060791016e-01
9.244590252637863159e-02
1.131322979927062988e+00
6.455224752426147461e-01
2.113974839448928833e-01
7.135022282600402832e-01
1.113955378532409668e+00
3.090948164463043213e-01
1.091319441795349121e+00
6.684388518333435059e-01
7.727571129798889160e-01
6.367216706275939941e-01
9.771858453750610352e-01
6.835129261016845703e-01
3.298171162605285645e-01
6.156102418899536133e-01
7.155454754829406738e-01
4.494131207466125488e-01
4.898974299430847168e-01
8.417595624923706055e-01
8.250696659088134766e-01
8.920493721961975098e-01
1.029797792434692383e+00
8.454681038856506348e-01
5.089052915573120117e-01
1.006856322288513184e+00
8.556280732154846191e-01
6.789797544479370117e-01
1.057777762413024902e+00
6.030759215354919434e-01
6.714819073677062988e-01
1.893355846405029297e-01
9.092389345169067383e-01
6.677719950675964355e-01
6.176793575286865234e-01
8.085294365882873535e-01
1.833108663558959961e-01
7.130480408668518066e-01
8.302414417266845703e-01
6.020208001136779785e-01
8.880954384803771973e-01
3.901264965534210205e-01
1.024425029754638672e+00
6.888644099235534668e-01
2.759084999561309814e-01
3.719541132450103760e-01
5.356230139732360840e-01
1.127675771713256836e+00
3.118894398212432861e-01
1.029908657073974609e-01
8.589427918195724487e-02
6.470704823732376099e-02
1.547722220420837402e-01
1.327481269836425781e-01
1.588381081819534302e-01
1.613036990165710449e-01
4.040049761533737183e-02
3.717748075723648071e-02
5.082673206925392151e-02
5.594565719366073608e-02
6.036429852247238159e-02
5.913986265659332275e-02
5.293725430965423584e-02
4.931869357824325562e-02
5.535009130835533142e-02
3.617392778396606445e-01
8.303774148225784302e-02
2.925125956535339355e-01
1.428761780261993408e-01
3.744978606700897217e-01
2.241387516260147095e-01
5.028625130653381348e-01
6.032440662384033203e-01
9.333899617195129395e-02
6.128266826272010803e-02
5.166782438755035400e-02
7.700049132108688354e-02
5.534214526414871216e-02
6.948509067296981812e-02
3.639989718794822693e-02
7.027952373027801514e-02
9.831364452838897705e-02
1.120316684246063232e-01
1.669468134641647339e-01
4.904310777783393860e-02
5.140595883131027222e-02
8.672966808080673218e-02
1.592685282230377197e-01
3.267262876033782959e-01
8.125273138284683228e-02
1.879099942743778229e-02
1.584798842668533325e-01
3.714139014482498169e-02
1.605279445648193359e-01
1.371878981590270996e-01
3.862693011760711670e-01
2.212546020746231079e-01
7.016899436712265015e-02
3.550648689270019531e-01
2.829396724700927734e-01
1.423325687646865845e-01
1.223342344164848328e-01
1.229975745081901550e-01
2.714188396930694580e-01
1.453818976879119873e-01
1.503030359745025635e-01
2.323092520236968994e-01
9.383329749107360840e-02
5.517835170030593872e-02
1.729611456394195557e-01
1.257055401802062988e-01
9.868859052658081055e-01
5.663651227951049805e-01
5.454964935779571533e-02
3.083567023277282715e-01
8.546690940856933594e-01
3.552197813987731934e-01
6.061631813645362854e-02
5.977707505226135254e-01
1.882004737854003906e-01
9.730914980173110962e-02
2.664994001388549805e-01
5.221202373504638672e-01
1.658466309309005737e-01
1.625154167413711548e-01
8.811761438846588135e-02
1.440766751766204834e-01
1.090716123580932617e-01
5.767540261149406433e-02
1.433502137660980225e-01
1.736721098423004150e-01
1.214949414134025574e-01
7.812330126762390137e-02
6.706144660711288452e-02
1.716027855873107910e-01
6.434060633182525635e-02
1.178264692425727844e-01
1.126794144511222839e-01
3.608529567718505859e-01
2.798070609569549561e-01
7.888973504304885864e-02
3.523487746715545654e-01
8.781479299068450928e-02
2.350398004055023193e-01
6.803820282220840454e-02
8.701699227094650269e-02
3.837626576423645020e-01
1.580802351236343384e-01
8.708146214485168457e-02
9.137212485074996948e-02
8.781679272651672363e-01
3.513033986091613770e-01
1.139516010880470276e-01
1.194564625620841980e-01
1.531881988048553467e-01
8.097839355468750000e-01
1.025685548782348633e+00
8.973051905632019043e-01
7.060863375663757324e-01
9.239588379859924316e-01
6.008301377296447754e-01
1.154205054044723511e-01
8.116190433502197266e-01
1.014177560806274414e+00
1.049506902694702148e+00
9.727659821510314941e-01
1.443247646093368530e-01
5.908572673797607422e-01
1.026417970657348633e+00
9.687068462371826172e-01
1.549551934003829956e-01
9.126067757606506348e-01
8.320442438125610352e-01
6.282051801681518555e-01
9.217502474784851074e-01
1.068657517433166504e+00
8.721902370452880859e-01
1.384674906730651855e-01
1.021483615040779114e-01
1.246958822011947632e-01
2.697967886924743652e-01
1.452386379241943359e-01
8.733075112104415894e-02
7.998415231704711914e-01
2.074730247259140015e-01
7.549443840980529785e-01
1.151508092880249023e-01
5.659600719809532166e-02
1.681790500879287720e-01
1.096194684505462646e-01
2.041083276271820068e-01
1.077133044600486755e-01
5.272151902318000793e-02
1.016232743859291077e-01
1.769993901252746582e-01
2.147285342216491699e-01
9.172604978084564209e-02
1.719191968441009521e-01
1.090970709919929504e-01
9.615906327962875366e-02
2.605466544628143311e-01
4.329289793968200684e-01
1.106975674629211426e+00
9.463343769311904907e-02
4.120333492755889893e-01
5.651555955410003662e-02
2.954541146755218506e-01
8.942779302597045898e-01
4.556688964366912842e-01
9.752634167671203613e-02
2.948606014251708984e-01
1.387318521738052368e-01
2.770618200302124023e-01
2.446681112051010132e-01
4.735551476478576660e-01
1.301615089178085327e-01
2.886540591716766357e-01
4.217688143253326416e-01
2.885433137416839600e-01
6.922013163566589355e-01
3.219276666641235352e-01
1.041704788804054260e-01
3.550584018230438232e-01
3.257789611816406250e-01
1.995631903409957886e-01
1.852282881736755371e-01
1.152492985129356384e-01
4.723568260669708252e-02
9.044868499040603638e-02
1.600522100925445557e-01
2.846540510654449463e-01
1.230910271406173706e-01
1.498055607080459595e-01
1.932339966297149658e-01
2.178388684988021851e-01
3.808607459068298340e-01
5.199322700500488281e-01
1.647634506225585938e-01
2.895608842372894287e-01
2.610601484775543213e-01
2.909455001354217529e-01
3.714130818843841553e-01
5.285249948501586914e-01
3.165645599365234375e-01
1.055530235171318054e-01
1.559131890535354614e-01
1.462498456239700317e-01
9.491263329982757568e-02
1.185064077377319336e+00
7.573512792587280273e-01
5.176065564155578613e-01
3.078443706035614014e-01
4.083949029445648193e-01
4.832591414451599121e-01
3.570074439048767090e-01
2.644258141517639160e-01
4.282330572605133057e-01
8.992447853088378906e-01
7.473202347755432129e-01
4.621782302856445312e-01
1.036506295204162598e+00
7.760918736457824707e-01
6.843736767768859863e-01
5.192397236824035645e-01
6.928489804267883301e-01
9.385345578193664551e-01
3.397480249404907227e-01
3.471514284610748291e-01
7.132608890533447266e-01
8.355535268783569336e-01
1.384112358093261719e+00
8.901625126600265503e-02
1.029215827584266663e-01
1.642487645149230957e-01
1.116952538490295410e+00
1.131539702415466309e+00
1.226364612579345703e+00
1.269376158714294434e+00
7.211905717849731445e-01
9.137098789215087891e-01
6.742634773254394531e-01
9.332187771797180176e-01
3.414047956466674805e-01
8.641687035560607910e-01
1.015344977378845215e+00
1.092954635620117188e+00
9.083372354507446289e-01
9.752663373947143555e-01
1.130123019218444824e+00
1.008181095123291016e+00
1.090440034866333008e+00
9.011734724044799805e-01
9.691070318222045898e-01
1.026865601539611816e+00
6.787443161010742188e-01
3.975577950477600098e-01
9.343786239624023438e-01
2.101290822029113770e-01
1.030675768852233887e+00
6.559701561927795410e-01
9.144995808601379395e-01
1.020771265029907227e+00
1.354791641235351562e+00
1.176529645919799805e+00
9.465182423591613770e-01
8.700571656227111816e-01
1.066686272621154785e+00
8.237636089324951172e-01
8.526910543441772461e-01
8.977605700492858887e-01
9.369371533393859863e-01
9.582889676094055176e-01
7.153000235557556152e-01
9.697932600975036621e-01
3.705109357833862305e-01
9.956701397895812988e-01
1.238997817039489746e+00
2.601001560688018799e-01
1.203505635261535645e+00
1.091432809829711914e+00
8.576725125312805176e-01
1.162045955657958984e+00
1.990397423505783081e-01
6.978502273559570312e-01
7.300271987915039062e-01
1.097656369209289551e+00
8.507454991340637207e-01
9.039826989173889160e-01
9.291828274726867676e-01
9.732414484024047852e-01
1.107487916946411133e+00
8.618687391281127930e-01
5.407019257545471191e-01
1.115705490112304688e+00
1.237977147102355957e+00
1.003470063209533691e+00
9.955171346664428711e-01
9.609429240226745605e-01
9.960554838180541992e-01
5.480424165725708008e-01
9.352695941925048828e-01
9.333550333976745605e-01
7.875448465347290039e-01
1.027359843254089355e+00
9.155356287956237793e-01
9.269776940345764160e-01
2.382290661334991455e-01
8.623570203781127930e-01
8.707385063171386719e-01
9.125894308090209961e-01
8.381416797637939453e-01
3.012834787368774414e-01
1.130759954452514648e+00
1.168972015380859375e+00
1.185264110565185547e+00
1.233151674270629883e+00
1.112350583076477051e+00
7.404779791831970215e-01
7.483941912651062012e-01
1.153525710105895996e+00
8.698007464408874512e-01
8.515518903732299805e-01
1.007668375968933105e+00
5.349523425102233887e-01
1.831264942884445190e-01
1.265594005584716797e+00
9.842611551284790039e-01
9.941342473030090332e-01
2.369201779365539551e-01
1.114188194274902344e+00
7.598096728324890137e-01
2.730726301670074463e-01
9.966691136360168457e-01
9.943763613700866699e-01
8.223839998245239258e-01
1.108767271041870117e+00
1.243958830833435059e+00
2.654442191123962402e-01
3.193793296813964844e-01
1.329434961080551147e-01
4.154470264911651611e-01
4.735192358493804932e-01
4.086504578590393066e-01
3.671287298202514648e-01
4.891862273216247559e-01
1.182979717850685120e-01
7.673449814319610596e-02
1.492343395948410034e-01
1.059756129980087280e-01
8.272163569927215576e-02
8.315553516149520874e-02
1.432517468929290771e-01
8.883694559335708618e-02
7.527314871549606323e-02
5.518816411495208740e-02
1.221799328923225403e-01
1.617589741945266724e-01
3.362153768539428711e-01
1.286351680755615234e-01
8.751927018165588379e-01
3.739692866802215576e-01
5.871948003768920898e-01
8.036339879035949707e-01
3.760792613029479980e-01
8.504574298858642578e-01
8.949453830718994141e-01
1.595876216888427734e-01
8.644176721572875977e-01
5.644828677177429199e-01
9.402128309011459351e-02
1.146150380373001099e-01
1.541945487260818481e-01
1.168412640690803528e-01
1.786960512399673462e-01
3.509840071201324463e-01
9.379588812589645386e-02
2.111168354749679565e-01
1.426920294761657715e-01
3.673247098922729492e-01
3.689361810684204102e-01
7.734358310699462891e-02
8.782317489385604858e-02
1.318743526935577393e-01
9.613498300313949585e-02
3.042669594287872314e-01
1.664158254861831665e-01
1.630082875490188599e-01
1.869629919528961182e-01
3.433098793029785156e-01
8.394846916198730469e-01
3.979408442974090576e-01
1.398331224918365479e-01
5.152736306190490723e-01
2.237075269222259521e-01
1.310075372457504272e-01
2.004678696393966675e-01
3.829298019409179688e-01
7.686764597892761230e-01
6.047342419624328613e-01
2.026962339878082275e-01
4.825865030288696289e-01
2.949553430080413818e-01
9.527672529220581055e-01
2.851338684558868408e-01
9.249318391084671021e-02
5.520275831222534180e-01
3.452813029289245605e-01
7.975211739540100098e-01
1.195105314254760742e-01
7.953735589981079102e-01
9.089308381080627441e-01
1.735062301158905029e-01
1.113838791847229004e+00
6.311472058296203613e-01
4.643471240997314453e-01
5.088474750518798828e-01
9.756956100463867188e-01
7.978004217147827148e-01
9.016495347023010254e-01
5.054020285606384277e-01
4.537364244461059570e-01
9.385982751846313477e-01
2.805460989475250244e-01
8.660860061645507812e-01
2.893569171428680420e-01
6.902068853378295898e-01
8.177648782730102539e-01
6.155293583869934082e-01
9.008252024650573730e-01
4.825517833232879639e-01
1.070020049810409546e-01
1.998938024044036865e-01
7.625114172697067261e-02
1.406588703393936157e-01
1.279052197933197021e-01
9.895840287208557129e-02
