0.483605033162
0.492019024041
0.497935763767
0.518059995919
0.513316884924
0.510309653916
0.499424272664
0.510956927938
0.496126457469
0.52073943432
0.506479403461
0.515967707366
0.519524388596
0.496526681402
0.523433315479
0.508915521777
0.513395297977
0.514087919695
0.519541734861
0.526486837829
0.522617070741
0.522833246984
0.515253247701
0.512433066823
0.519874065329
0.51524458761
0.515684093437
0.52119394848
0.52580847943
0.515776953754
0.516263721463
0.527455529776
0.52442159383
0.512525788388
0.517918088737
0.518911935692
0.512097080015
0.527627000696
0.523545511966
0.508144314203
0.52685921585
0.507726597325
0.52761627907
0.511185006046
0.509938532769
0.527051365175
0.519584212112
0.523773923445
0.517763498043
0.519094238099
0.527706963639
0.522864412941
0.528419737664
0.526905352712
0.520562343976
0.53286829934
0.511624338218
0.527316569066
0.517403574788
0.518607263197
0.527633672269
0.522462077013
0.516712369377
0.509586509587
0.518812166643
0.517503163222
0.52512328402
0.531164933343
0.516091954023
0.515927272727
0.517814031751
0.514744503639
0.512816492906
0.521107709831
0.521799307958
0.519184569977
0.515489088967
0.523300117233
0.506897357961
0.516713798854
0.518693258989
0.520199536289
0.525238263325
0.525485436893
0.520618556701
0.518428397624
0.510979929162
0.526301500034
0.522034879514
0.514860539552
0.516252914552
0.527173913043
0.522056717273
0.516680049639
0.521984924623
0.503895269456
0.513667768099
0.507939053729
0.513726679812
0.523527311674
