0.598562713083
0.602356281488
0.61217341329
0.610386846194
0.609347033082
0.607209411631
0.603662017547
0.602873875797
0.613644147805
0.601340725156
0.608427165965
0.616197072085
0.610179587425
0.608992052269
0.602981780657
0.611424507026
0.607619421013
0.605952509064
0.601053192152
0.610056267585
0.60267499347
0.612870693913
0.606603748341
0.611084650345
0.605699325289
0.614687422016
0.609773475415
0.612682340308
0.614628728753
0.606469521676
0.606461465168
0.61755105994
0.609745932045
0.603947660035
0.597319131386
0.613192227127
0.604353015839
0.609103156464
0.605012951492
0.604103438588
0.607519892595
0.607540368342
0.599393609589
0.607616163508
0.595564790324
0.615740497828
0.606419001261
0.610164492379
0.6105496342
0.606874993819
0.612242344426
0.60782595266
0.608297738303
0.601164412686
0.607293525069
0.617906215262
0.610313639581
0.608167089076
0.610834985839
0.611506002826
0.614675933493
0.615388163738
0.606098922289
0.602958250999
0.607454684322
0.613455067078
0.611127550525
0.610842373395
0.609320478597
0.608796456532
0.604607537518
0.606625300229
0.615227673437
0.606595226475
0.603844234245
0.608370624981
0.601486294919
0.606433630949
0.614648564633
0.613954047072
0.610260414273
0.61151056915
0.612908271562
0.601362945995
0.613594325426
0.606722734536
0.601987979806
0.60451565842
0.609278741812
0.600589084914
0.600335988394
0.605939711722
0.609263472256
0.612353739471
0.611667569267
0.608983733997
0.608915064624
0.608761932794
0.613771830375
0.602229994992
