0.671987869283
0.696927300046
0.703627930082
0.716316174619
0.71710289121
0.724071247456
0.739339377944
0.742926501957
0.745982100009
0.748744755271
0.725279810972
0.752040681586
0.756211509813
0.749387181833
0.747061992069
0.768437159525
0.752764138591
0.766876901787
0.763297805198
0.774059846188
0.765167729525
0.759222229914
0.765676801968
0.763321887468
0.772874928669
0.769142002214
0.778662381108
0.767493239222
0.760080902469
0.771604007197
0.770097062021
0.75974369251
0.775891407574
0.774416048565
0.765731161586
0.772732878175
0.768222018757
0.764047845771
0.773622846047
0.764589493266
0.774768877097
0.763039298892
0.776079615754
0.771848378257
0.778547728559
0.775212915775
0.776197642148
0.769014988596
0.772388542423
0.778099152641
0.771695391852
0.753365177386
0.769280038997
0.775002370417
0.771948430202
0.76329614736
0.772572271534
0.76739368172
0.775822301928
0.765139633542
0.771652288077
0.769533048263
0.769039856158
0.772978528969
0.769475751073
0.773412038925
0.776846234702
0.767006823892
0.765262662534
0.769820930285
0.773691922609
0.772492666251
0.77738604985
0.774220307404
0.777470861325
0.772426090988
0.767717716233
0.769145783247
0.775723180698
0.778141878312
0.769974760152
0.766251606212
0.759033323697
0.771940199185
0.776746386351
0.76751240615
0.76856719797
0.766010114554
0.769448469467
0.768363923828
0.767309655536
0.771787736307
0.764099296902
0.771477139003
0.763689054841
0.770000413005
0.768785305394
0.771862978861
0.762449108752
0.769724775712
0.770510270739
0.769771078822
0.774121302513
0.774178367024
0.767552834117
0.763043894301
0.771671367751
0.766035418389
0.765805182574
0.772017274085
0.772396424423
0.765799743704
0.767145180608
0.773687821642
0.776965046387
0.772864487202
0.766313527896
0.774776788181
0.770743822229
0.770778026033
0.752483702294
0.770943955205
0.773863581499
0.770065155921
0.770211394637
0.771767609579
0.765473498741
0.769261424682
0.76979007124
0.760485938339
0.772929317372
0.769452395924
0.769490293507
0.771868155967
0.771483886692
0.763556805946
0.776032992711
0.761069293534
0.774316229298
0.776048814879
0.773588933091
0.754725796591
0.764777614192
0.768885037406
0.764941652847
0.776216925415
0.771016027507
0.771687306258
0.763333230567
0.767117869917
0.767938993908
0.773039927125
0.768903971655
0.775201572677
0.77076336726
0.770794168135
0.774113478684
0.767646574646
0.771301291892
0.768200001512
0.763630070729
0.774147856998
0.765228458729
0.75394440253
0.758504851647
0.764626489218
0.768234234402
0.772204406125
0.770017194974
0.776918452429
0.765722785144
0.770480226071
0.768604717449
0.758470560588
0.772265542517
0.760669871044
0.768352028117
0.773519042154
0.769609279702
0.771647925347
0.774795053478
0.76989044312
0.772798580891
0.764025304998
0.768015021753
0.768923138583
0.777601045194
0.771814087198
0.768993872982
0.770686437784
0.775910807181
0.773641518533
0.770989414853
0.764084376365
0.770414988712
0.764867806367
0.768237201058
0.762825350604
0.77193676717
0.760305932091
