0.54604016673
0.572286012526
0.579553533343
0.593207451527
0.595043572985
0.604093859211
0.619235836627
0.622559512227
0.629211918686
0.629980773056
0.601505556219
0.633140756303
0.641684210526
0.626029455966
0.627323117052
0.653637350706
0.630747392458
0.649973572939
0.648797629711
0.661291434084
0.648952546684
0.637837837838
0.646393662557
0.654736053912
0.656394047149
0.652559185293
0.663822411839
0.647295597484
0.639366913704
0.66381787372
0.65760111576
0.639253279516
0.660835892643
0.660342841656
0.649758454106
0.654969245711
0.650788457764
0.644268021594
0.660317895314
0.650759520011
0.662074665932
0.640890737795
0.663457571173
0.658511442513
0.665665733979
0.659426528045
0.659080564406
0.649802472282
0.657795190489
0.664192699548
0.660192808388
0.644613947696
0.65302869288
0.660599932592
0.661001345514
0.6414004914
0.656704522813
0.647598557236
0.660090042373
0.643260495949
0.654882376134
0.653597386144
0.659902182641
0.65714854904
0.654542996214
0.660004107057
0.664912766547
0.648273200849
0.64500692608
0.656254300261
0.660919936556
0.661661590764
0.662021368372
0.658562508303
0.665062229251
0.653745282415
0.659003831418
0.652302826646
0.663044973181
0.667792079904
0.65946332737
0.646603174603
0.650189537528
0.657701711491
0.663573719042
0.647332662305
0.65237936772
0.646186977451
0.652176759411
0.651426312669
0.648851019881
0.662519890062
0.65220184141
0.66118656183
0.650906781455
0.653007617547
0.650866826829
0.6545762933
0.640421878832
0.65431352803
0.654174667285
0.656046144338
0.662165924276
0.659739558734
0.658318687756
0.64404815554
0.654471810283
0.65831332533
0.656341749853
0.660221381533
0.65902696768
0.647887323944
0.650244353454
0.659362953946
0.665051232346
0.662446657183
0.649460657799
0.663580246914
0.653210053392
0.65181591881
0.628402366864
0.657911108039
0.656599843791
0.65104997766
0.654201876372
0.656837002626
0.645409773961
0.655932554765
0.65513733469
0.652309565482
0.660558100791
0.652652388797
0.650588536336
0.662204951065
0.655932656334
0.641827811307
0.659743674006
0.638744734111
0.659259755036
0.662582533524
0.663804822208
0.646581330003
0.65269290891
0.651384535005
0.648935455706
0.659760015737
0.653957023061
0.657752916297
0.653846153846
0.647930505876
0.653473454347
0.657631192416
0.650295705837
0.660283877879
0.655207009565
0.655992433455
0.661209327922
0.647592639274
0.663853102325
0.655898876404
0.643745242324
0.660572987722
0.646246709048
0.63134792416
0.634671424324
0.644521629302
0.65449786472
0.656656656657
0.661208975952
0.66140792788
0.646405312221
0.657483040288
0.648536355052
0.635339478282
0.655733386024
0.652348789558
0.6494904826
0.658366800535
0.651560274505
0.652220743838
0.658384276606
0.659367396594
0.65796379786
0.64626474443
0.650391644909
0.65033436214
0.664440962049
0.659644227415
0.659897735573
0.65367965368
0.662230069265
0.65758317349
0.655048556605
0.654486518344
0.656942342094
0.644184445974
0.650087429571
0.643451542696
0.659998601105
0.652825836217
