0.140800587479
0.12393866713
0.119742492283
0.115274104283
0.113204885597
0.111018321788
0.110341332562
0.108801813151
0.106555198536
0.105401923471
0.105718079556
0.104191766729
0.103646556119
0.103151329499
0.101767551939
0.101516642644
0.101031201673
0.100682863883
0.0999178717622
0.0990091683939
0.0983026587338
0.0979553771944
0.096986843956
0.0971084795145
0.0962822034845
0.0955864909216
0.0952902330265
0.0955853177029
0.0951978301972
0.0957777021383
0.0947668580633
0.094895182627
0.0950735695477
0.0947361761071
0.0942826636862
0.0943080210635
0.0938037113627
0.0942653172887
0.0936668154605
0.094558851509
0.093431976112
0.0935771626019
0.0930800699995
0.0934832608793
0.0928432412621
0.0932959781437
0.0925319899243
0.0930378317786
0.0929412086423
0.0921092665794
0.0917771895148
0.0913999378616
0.091638547061
0.0920987158311
0.090678147037
0.0923396690561
0.091532752973
0.0918551133913
0.091195145036
0.0916721483956
0.0919614514267
0.0910143565379
0.0916064218575
0.0913387778557
0.0908412501455
0.0908296087155
0.0911949502552
0.0917282714708
0.0904507878198
0.0899295220355
0.0905455209244
0.0903067240068
0.0899895676684
0.0905995432164
0.0902713946356
0.0899522568871
0.0903737784457
0.0895873625683
0.0905919428522
0.0905698161326
0.0903943167694
0.0904034392529
0.0896613086383
0.091078516012
0.089846301352
0.0902565711091
0.090172029704
0.0897808380629
0.0901308729366
0.0897219515393
0.0904296543449
0.0901153123361
0.089864149843
0.0894886789244
0.0895740011462
0.0891575281148
0.0900707114088
0.0892638824946
0.0897797299451
0.0894495479652
0.0895506727754
0.0900443459518
0.0903573249343
0.0894911748218
0.0895087633355
0.0903447833224
0.0897229838163
0.089852563759
0.0896107271277
0.0893130981672
0.089171791849
0.0895398684229
0.0896646253067
0.0898638617045
0.0891954161444
0.0890368435514
0.0890925382444
0.0887396235064
0.088887131771
0.0889716008278
0.0891584296626
0.0880324973736
0.0889236291688
0.0891399975371
0.0890894858055
0.0895766128827
0.0888541383586
0.0886803821639
0.0892033276438
0.0893670469129
0.0891271382413
0.0887070519681
0.0891058966662
0.0881688207634
0.0881404211098
0.0891615023022
0.0892271246515
0.0888465819887
0.0888813144759
0.0885579391297
0.0876915298879
0.0891014577927
0.0892598500094
0.0885418164534
0.088620002331
0.0884678899786
0.0891747477017
0.0881832686412
0.0878585775899
0.0886909394898
0.0884824409179
0.0888827850886
0.0874512826108
0.0882464499238
0.0877487468242
0.0888091914794
0.0884441495922
0.088197880964
0.0888741967766
0.0876379253541
0.0883974746383
0.0878104488985
0.088330401282
0.0889921624313
0.0884216516465
0.0886475022759
0.0883789246156
0.0882725708192
0.0881471574466
0.0879981981002
0.0879948912326
0.0879650505169
0.088457061164
0.0891375319441
0.0876207228024
0.0881504462842
0.0874648011073
0.088363548919
0.087208410801
0.0887016811376
0.087783182711
0.0875956104789
0.0875245575517
0.0881773365975
0.0883698289091
0.0884253145336
0.0888190484874
0.0884179506886
0.0886833991837
0.0879467029956
0.0882152055196
0.0886474063398
0.0883452572272
0.088470374873
0.0887195224966
0.0890548450192
0.0888821563875
0.0879795689262
0.0875762267684
0.0883648399812
