0.490566037736
0.745754076087
0.756939171518
0.772341487768
0.784069491109
0.785289256198
0.781712603255
0.780720939652
0.78505897772
0.781742467543
0.78637922587
0.782870144645
0.784411812167
0.78749795985
0.786092337758
0.785592877378
0.788041707397
0.784981832862
0.785586464942
0.785242468181
0.7875798496
0.787239263804
0.785766751
0.784269115138
0.789193548387
0.790881901221
0.784816286803
0.78390072659
0.784581958638
0.788853684296
0.783923661653
0.784149643121
0.791253454723
0.787829745914
0.786813186813
0.785227739023
0.784946236559
