0.65746495128
0.820046367096
0.8286773889
0.841401582333
0.852010142475
0.851642306151
0.850588212368
0.85127031069
0.852788162691
0.850848812785
0.854210034628
0.852377978799
0.854570163463
0.855122194256
0.854428461986
0.85496496146
0.855789052107
0.854880615343
0.854217654864
0.855424822306
0.856570824271
0.854577987292
0.85384976037
0.853412789314
0.858165169475
0.859046702736
0.854079647166
0.852443187073
0.855095203498
0.856789338884
0.853872650161
0.851899009195
0.858456541681
0.85664365278
0.855003353485
0.852631046235
0.853531630085
