0.689729842296
0.755584091043
0.804461560566
0.815948367379
0.818646977762
0.833359412765
0.826617860319
0.828189373902
0.83500741955
0.833225622373
0.833348505939
0.832528196325
0.8294392961
0.830627703802
0.835134345913
0.832137702889
0.834134030052
0.838460956764
0.835440929506
0.810740314594
0.838261870843
0.835387704198
0.841872233666
0.836502236335
0.835709586431
0.832701251289
0.837920792598
0.835241639991
0.838549229338
0.836652430593
0.821555958995
0.82959655798
0.828588418289
0.830658621017
0.839649015448
0.830838249161
0.835533390301
0.840442770578
0.840434801324
0.839354240312
0.8506219799
0.845015144491
0.841592495406
0.843792620238
0.82863108579
0.832164257373
0.829566280633
0.83286185793
0.834988630725
0.816029165142
0.830945426899
0.829926264043
0.833184205521
0.811069700723
0.837672087892
0.807931065373
0.834436919866
0.821885403294
0.817343917511
0.831363463705
0.827738151261
0.79269684784
0.79203406187
0.787722172035
0.789772829731
0.801642451575
0.810663734136
0.805746617284
0.809368817648
0.817075900453
0.805041774596
0.815171016115
0.796694475678
0.764971901109
0.770387997955
0.799109130496
0.787868381666
0.794724964764
0.752927101105
0.808456687106
0.789696540122
0.831739152944
0.735197518246
0.809836415069
0.79950020563
0.775819015338
0.794096179005
0.818386697279
0.794237967736
0.785074489255
0.826745659229
0.768172836246
0.825856534817
0.745564790324
0.812879593882
0.812883491254
0.823522328744
0.79264624017
0.83891328463
0.829240646452
0.837392233293
0.835054537036
0.835326276957
0.82970446284
0.826320263951
0.832996462698
0.838737553858
0.838810236943
0.829351837902
0.835656244783
0.835614246234
0.822920795506
0.840561669518
0.841132925408
0.831405985782
0.836829004826
0.838024712831
0.838565138761
0.837503541083
0.830769725212
0.840550500929
0.830551326939
0.837350176574
0.839879803875
0.839312329017
0.835357252341
0.845578605637
0.843635445612
0.837951913406
0.844286917568
0.839906532869
0.836993537924
0.835863329042
0.839120834247
0.835863241788
0.841350800154
0.844060230108
0.837308119855
0.847540612655
0.841677161457
0.839270534062
0.828753562169
0.843351693641
0.847900974169
0.842393521753
0.844869516557
0.837020645021
0.836146644741
0.845999958118
0.84117882133
0.848188449003
0.844240876222
0.839316080965
0.836154206806
0.829554588516
0.840860487451
0.822038127935
0.829787529223
0.846214488103
0.846302411659
0.834732422124
0.83378204498
0.819328756151
0.82132153496
0.816929661737
0.821585916409
0.827227973593
0.830209841505
0.835521727269
0.822602374372
0.828634343296
0.841626641041
0.838986229478
0.844731508859
0.8460226734
0.836077742689
0.838798661165
0.841190251683
0.843615842411
0.832709104204
0.833460046408
0.833130514855
0.843738871402
0.846279492783
0.833900623987
0.841251242651
0.84296117112
0.838729642774
0.847877880783
0.840071124136
0.839174321319
0.847183915835
0.848774538176
0.837150305362
0.835456984353
0.832141047649
0.848805397221
0.842439184995
0.836916870212
0.841163639029
