0.0895418944172
0.0668307485467
0.053436196031
0.0470379066413
0.0443405376309
0.0422887019551
0.0399106887918
0.0387040752151
0.0378223546357
0.0368958747147
0.0360946094917
0.0351987743323
0.0343986219179
0.0338764656958
0.0332337287622
0.0329278267138
0.0325036434058
0.0321463558247
0.031698799046
0.0313064280437
0.0313207763516
0.0309014436854
0.0308992371345
0.0305418889158
0.0297089256952
0.02992647953
0.029729509864
0.0293851962358
0.029558859371
0.0292786149482
0.0297534492753
0.0332870430468
0.0331073118951
0.0321920497034
0.0316048137831
0.0312670007834
0.0312389003196
0.0298012299286
0.0281448886555
0.0280443346811
0.0283791186127
0.0277563857852
0.0291628829734
0.0283719223346
0.0283344253304
0.0283993610665
0.0282504155153
0.0299478412875
0.0349003943424
0.0357219551242
0.0354287445673
0.0342265582479
0.0349564923283
0.0349589476587
0.0335714293085
0.0334826828278
0.0334405653568
0.0334298677112
0.0334547177808
0.0347166304997
0.0330164961494
0.037289408304
0.0381574427967
0.0375743087953
0.036755091947
0.0357799154521
0.0352015114736
0.0352776970227
0.0366672957342
0.036287015885
0.0366857358249
0.0356569645411
0.0360432489022
0.0394704932312
0.047962144052
0.0457033185121
0.049543542209
0.0525532519772
0.0518302259754
0.0518531881032
0.05045621071
0.0501245219571
0.0497612275641
0.0512409723652
0.0512424619727
0.0499517055409
0.0502012226564
0.048920760834
0.0488930378803
0.0488214066926
0.0486271307636
0.0486194484747
0.0490767603313
0.0498290112046
0.049436086657
0.0440643375827
0.0362465308968
0.0337284618404
0.0338570400404
0.0323593949966
0.0314948039466
0.030966670471
0.0305663835904
0.030990024364
0.0301821316264
0.0300863858799
0.0298952780471
0.0296410540385
0.0293551626472
0.0295225585798
0.0293165742815
0.0290393763911
0.0292155790847
0.0287566101123
0.0288878223426
0.028759204194
0.029003370284
0.0285182790049
0.0286998627426
0.0287392555233
0.0287108896431
0.0282344723543
0.0283994635427
0.0283065387487
0.0281441785034
0.028000773438
0.028121643034
0.0282851784933
0.0278673094101
0.0278716833147
0.0277335806184
0.0276488818964
0.0277125337695
0.0280898169783
0.027762240703
0.0289413833353
0.0279154015025
0.0278426870526
0.0275840809668
0.0279670685699
0.0277747270582
0.0274643625182
0.0282072440749
0.0279302206605
0.0275656125721
0.0279113836772
0.0278125454548
0.0275558353973
0.0276124300753
0.0272950070506
0.0272382573606
0.0279928670633
0.0274411790646
0.0280835548826
0.0280696535594
0.027908014013
0.0283575621106
0.0312155752068
0.0288437420645
0.0272176931992
0.0274426354332
0.0279296139333
0.0272176177074
0.0309302573621
0.0330289697961
0.0306401471991
0.0304109699114
0.0296554217472
0.0296975020747
0.0294449035004
0.0288027081949
0.0289570431223
0.0283479616787
0.0281617207126
0.0287519233301
0.0283413502885
0.028236521234
0.0283821494378
0.0283495014416
0.0280707244688
0.0281170304762
0.0285459699525
0.0281495618982
0.0278508709026
0.0284313768693
0.0287029102669
0.0281285666014
0.0280139008308
0.0277620434245
0.0286080028572
0.0285371392117
0.0284377603766
0.0281435489295
0.0292277659813
0.028671927047
0.0281727112136
0.0282892340766
0.0278944221924
0.0285757358345
0.0282012886005
