0.557970355552
0.646526606349
0.708311195446
0.72774335242
0.736996336996
0.742409548676
0.734586860439
0.738244870145
0.744137571652
0.746891788181
0.750371819961
0.747540475637
0.746296879924
0.752059441124
0.750347383048
0.753234230615
0.749073502162
0.753020339501
0.750365863052
0.726960222622
0.755776861433
0.756527988501
0.760813654431
0.747188484031
0.756078182107
0.756268316509
0.755711500975
0.75021194605
0.754865616311
0.75757816851
0.741139085798
0.748248407643
0.744715958199
0.755966636386
0.753729071537
0.748734977862
0.757415424082
0.760578889413
0.756097560976
0.758215962441
0.769786939466
0.767263830795
0.761107634543
0.766992606725
0.752072219943
0.749313025045
0.753847419965
0.75110479798
0.74911769219
0.731797680412
0.746970999765
0.750120443231
0.757578233516
0.724644663936
0.761650916727
0.723993081295
0.751032494351
0.73935400932
0.735690373153
0.75150060024
0.751878457601
0.70855960693
0.710702931826
0.702284771089
0.707610619469
0.724630021142
0.727781896055
0.7228855306
0.732856033814
0.739006855041
0.726598222759
0.735433463552
0.716729537679
0.671113482746
0.684993409904
0.721543636042
0.709280997799
0.719853278313
0.662131065533
0.732040851653
0.711994868505
0.753347314083
0.633319722336
0.733759502419
0.724106982588
0.695602184536
0.715797023489
0.741361959074
0.715768748881
0.706176497824
0.752931323283
0.6825185467
0.752396972246
0.651091613956
0.739156888309
0.7401189227
0.747132169576
0.69990350595
0.754693751924
0.755540743209
0.760154117836
0.760238698602
0.754887218045
0.757250628667
0.752749559231
0.758190327613
0.762996448176
0.760970161162
0.756399531538
0.760816326531
0.763308220879
0.74913333897
0.762063227953
0.765847764801
0.757020151966
0.762013357224
0.762482803269
0.763603925067
0.762819469315
0.755471449728
0.767237163814
0.75612177366
0.761681107782
0.766544267646
0.761904761905
0.759674796748
0.769023248433
0.766207005865
0.762707742197
0.765887077723
0.764986651565
0.758077351584
0.76303630363
0.763783346807
0.761647424875
0.757266661554
0.757256730335
0.763235294118
0.766885880077
0.766615644888
0.767645118734
0.749757360078
0.7637104356
0.768810916179
0.762247613085
0.767261810713
0.762409324313
0.758742664201
0.765868077162
0.764400415435
0.769615504845
0.765056461731
0.760672909062
0.757191808112
0.75093057129
0.760523634083
0.732032146958
0.739595898673
0.764660493827
0.761399787911
0.75712675149
0.757605335936
0.73226616447
0.732468334878
0.730793650794
0.731935805882
0.744851713445
0.749959980791
0.754940711462
0.744078947368
0.743866229098
0.756062333713
0.756588665164
0.766564248011
0.761687571266
0.759961127308
0.75976856622
0.763364842323
0.759532360358
0.759185700099
0.756292998786
0.756985743381
0.765480791985
0.7625
0.754265667358
0.75846082522
0.769605060417
0.759209486166
0.767267383402
0.761897195519
0.761214245877
0.762496213269
0.765701219512
0.752874006635
0.761117025633
0.746317007327
0.768765977225
0.75746496039
0.757749165474
0.766728699733
