0.497012902254
0.49005393493
0.509023765561
0.524828468427
0.51238268241
0.513105341987
0.519215044971
0.519210433557
0.521144205249
0.529879572824
0.528194396
0.529178405106
0.524902201203
0.515625
0.537546468401
0.519376066293
0.518978190143
0.511662623624
0.531791907514
0.528184078164
0.53463118213
0.519895827024
0.505606900801
0.523045973611
0.521501868438
0.526266960455
0.516163600643
0.509858138976
0.528534191115
0.531768973531
0.519091290535
0.52722323049
0.53514893617
0.528310581188
0.539843705436
0.5255415267
0.512419106317
0.528771384137
0.520797381732
0.539677164466
0.542419416836
0.514988009592
0.517423186474
0.525986298134
0.538414600322
0.536530953709
0.533125313423
0.531588191966
0.538220241043
0.533656901832
0.526285216381
0.540637775961
0.53927861403
0.535022193353
0.53186741414
0.534761849307
0.528531284051
0.518312196278
0.528299725023
0.539704773193
0.516094674556
0.54035438538
0.530363207276
0.535361562039
0.535878284924
0.534347703578
0.53269393512
0.541818596171
0.522281744864
0.529675452752
0.535273219421
0.536374845869
0.533923806279
0.524501121738
0.523071355329
0.520166416272
0.528508384819
0.522941693525
0.527292315059
0.542976021023
0.535528400091
0.535648893081
0.533700137552
0.536404076806
0.533617560638
0.53414071511
0.542022063005
0.5404981808
0.518017194074
0.538790117756
0.535582438803
0.517800493479
0.540531505933
0.536375328524
0.515272556391
0.520523175215
0.519612476371
0.532641785996
0.524801528085
0.528417640931
0.523388560389
0.531307763401
0.534329856657
0.538951230039
0.536459501907
0.539521313955
0.542792419471
0.543585303826
0.521764297291
0.534943820225
0.52487942595
0.534183932705
0.518399810066
0.539837398374
0.539491150442
0.522047523348
0.5191834727
0.518985791279
0.536644591611
0.530390652661
0.529617551141
0.531533601379
0.536837426381
0.51964404625
0.522425885543
0.536325261053
0.509138381201
0.536262750813
0.525974408868
0.522711142654
0.52955276235
0.530518277276
0.537286202965
0.550055248619
0.539601203075
0.525922029341
0.522034721379
0.53373846242
0.529353117119
0.530461396316
0.540035587189
0.542482206406
0.53781512605
0.533647639894
0.540656851642
0.525361062969
0.543266739594
0.528810788721
0.529514903565
0.535188684648
0.534616026247
0.535245475048
0.516718046004
0.534347598862
0.531165629769
0.516723791514
0.523102021791
0.530173632713
0.52299929594
0.521115162922
0.519405789443
0.533698880512
0.534235090269
0.535643732009
0.533135959918
0.52915878204
0.523448072963
0.52075876879
0.515861571738
0.526031345703
0.521806760395
0.537741805866
0.534911242604
0.528716310865
0.529744062716
0.530098101817
0.518142754834
0.526383451177
0.527989672574
0.527685395881
0.52476744186
0.536401959667
0.516339467044
0.535102452133
0.534679593827
0.526870389884
0.545249959814
0.537219633763
0.51942180715
0.529490169943
0.517556052457
0.532532986013
0.514310071855
0.542891226548
0.53089919492
0.537740613951
0.539640387275
0.531977926227
0.528221259422
0.538338475603
0.537579181647
0.536929138228
0.535296163209
0.534501517494
0.524570751924
0.528778228141
0.506632117959
0.524372488498
0.52494371371
0.525874614355
0.519542138663
0.540449627179
0.533227127902
0.527294256957
0.527262379055
0.535366931919
0.531821337653
0.533702156486
0.528776978417
0.543613622827
0.540709695446
0.537328479418
0.538461538462
0.536219816819
0.527776198328
0.534638640944
0.538706015891
0.516183574879
0.537097684924
0.533348679289
0.533588139912
0.540641228268
0.531663027238
0.540706605223
0.527755337565
0.521529977707
0.525770159628
0.531093019227
0.515766044269
0.533706581353
0.524663137632
0.53376661743
0.524225759768
0.525017454038
0.533722693323
0.533842297174
0.527931318358
0.522842337245
0.535669300355
0.522548148148
0.529705527811
0.543789291134
0.528061517273
0.537890044577
0.527292766402
0.545775212442
0.537843901287
0.52970008169
0.539275264461
0.526334167491
0.52234419051
0.527578215527
0.532537453184
0.526475923
0.524911548054
0.523812299621
0.540880503145
0.544517863143
0.525356057446
0.536
0.527379949452
0.531286618233
0.538319016338
0.542554996324
