0.6028756431
0.616994412445
0.634435384905
0.643644439592
0.638717156571
0.642453726235
0.639874052973
0.640497800126
0.642360437372
0.645110100398
0.646167558152
0.645797988358
0.644127773534
0.638623031282
0.644346968426
0.644443435021
0.642987633066
0.641086667651
0.648329598008
0.645601394094
0.647844635779
0.6442007448
0.635752401936
0.644108552888
0.643219672573
0.644446623036
0.639657593603
0.636074247487
0.641565082451
0.646350279409
0.642536635196
0.64288714203
0.649073972111
0.645321856589
0.653218439737
0.643776361714
0.640649203419
0.645673799744
0.643032100734
0.652085467161
0.651634129922
0.639544473915
0.642468209422
0.646109556845
0.649424286979
0.648464934391
0.645682369677
0.646175596749
0.648487377332
0.649709545771
0.6446452638
0.64949259963
0.652383807099
0.644241164032
0.642254451295
0.651294047553
0.64504489692
0.64075929278
0.64475569253
0.647574199543
0.63894650512
0.651090861296
0.646820192836
0.649277768547
0.647146967812
0.647779963636
0.646602523391
0.654630723572
0.643012540719
0.650025738594
0.6485692579
0.648827302013
0.648191536386
0.644967030508
0.646092382699
0.639444322249
0.647618848895
0.643029296652
0.648407724946
0.651792587984
0.649084927913
0.647253111575
0.648947963243
0.649308058119
0.649397672195
0.649892606398
0.654608698844
0.651941074073
0.643531885519
0.653525915224
0.649510034302
0.639441970659
0.651519189979
0.648601480849
0.637536041539
0.64415927318
0.641386793563
0.646488001662
0.646305732897
0.645890598483
0.643267362537
0.647892246899
0.64673433239
0.647099356691
0.64897093752
0.647709457083
0.652519256605
0.651164216495
0.640845650281
0.647938421699
0.64486346458
0.6478317466
0.640988336239
0.651582686327
0.649992915751
0.643261675529
0.645232842408
0.644689347536
0.647508577852
0.649309381317
0.649203995136
0.647502698878
0.648332899146
0.643967834587
0.643242873096
0.64789425912
0.639240899461
0.648739316224
0.645939385398
0.643816770662
0.647759793442
0.64442092352
0.65119669997
0.658297204895
0.650757720574
0.645003764669
0.645981840847
0.649005546337
0.647924164758
0.647218763283
0.650940136741
0.652875824097
0.649265184458
0.646827586974
0.653158165684
0.643375213431
0.656703070508
0.647061062803
0.647702210348
0.650007015004
0.646657946863
0.650996996533
0.639614188606
0.650717572151
0.649358473321
0.639273845712
0.642551762841
0.644892012741
0.643200757017
0.642047919336
0.640587719291
0.648608909267
0.646872812225
0.648947092538
0.647858395664
0.6455145841
0.643835459973
0.643257921899
0.640416598296
0.647809337939
0.644332553799
0.652197637301
0.648219892581
0.642786685275
0.646492207785
0.647463386881
0.641379173179
0.645327238507
0.646954387704
0.646154024514
0.643586212039
0.650437163941
0.643293932758
0.647717111747
0.649794840601
0.645877822427
0.651584585425
0.646114757081
0.641977560186
0.642468898445
0.642272790952
0.646852302661
0.640720851488
0.650803895373
0.645703976193
0.650024833609
0.650138484634
0.648956567456
0.64826204294
0.652215037693
0.651515662595
0.648279182806
0.651252575933
0.649479100271
0.64530866232
0.646211494485
0.636627748612
0.643462667884
0.645658027639
0.644549544504
0.641753672398
0.652052373507
0.6478609735
0.647332335464
0.64328442356
0.646623564291
0.648443475279
0.647450689668
0.643156141946
0.651249624448
0.651947518662
0.649504652384
0.650215627743
0.647749979154
0.643581361457
0.65013260566
0.651859114661
0.641190425545
0.650118732652
0.649079354029
0.649877139383
0.652847581025
0.647647623302
0.653638921789
0.645080568409
0.642086699997
0.645679294785
0.647688450463
0.643365807072
0.648637378584
0.646981907473
0.65194444377
0.642722465624
0.64384759157
0.646942753162
0.64847171835
0.647122625774
0.644641736416
0.650359602619
0.643897667403
0.646038632079
0.651480601285
0.64474924794
0.648223419965
0.645266319994
0.651770868346
0.654909424652
0.647678896702
0.6514811669
0.644873018342
0.644997659448
0.645358816996
0.650102429211
0.645527812648
0.643448376663
0.64313661621
0.653390431438
0.655136387331
0.646546376618
0.65042556368
0.649004291699
0.649276932122
0.650521701189
0.654512221965
