0.0911278057594
0.0860282107186
0.0811647918274
0.0782501900775
0.0764781018754
0.0752197032892
0.0732377505903
0.0718396702274
0.0706787043324
0.0699523966008
0.0686950408884
0.0679535185335
0.0677124729603
0.0670834494837
0.0664651243391
0.0664204004804
0.0652469100981
0.0649654974734
0.0656666167088
0.0647570718137
0.0647976311669
0.0650365858254
0.0647950949936
0.0651307128146
0.0644577813767
0.0640883537865
0.0643583661483
0.0641618957682
0.0636635653912
0.0643657593135
0.06369596326
0.0636044019393
0.0633604889051
0.0638681313868
0.0641706734937
0.0632646414318
0.0635101158534
0.0632401142994
0.0631100180846
0.0632124518557
0.0631698647654
0.0629646347776
0.0633310492388
0.0629307847781
0.0625755502485
0.062615424778
0.0629695990127
0.0622945155271
0.0621855870895
0.0627123472551
0.062899541189
0.0626602013326
0.0625476369636
0.0628208754754
0.0626155977279
0.062397003641
0.062641911408
0.062372049235
0.0623388877839
0.0621480444869
0.0621579178695
0.062096914918
0.062477140487
0.0617819584438
0.0619588061471
0.0622057148857
0.0619541463359
0.0625089218295
0.0619352462105
0.0617720328374
0.0619973049036
0.0624517725906
0.0616084830007
0.0619860285797
0.0626266756623
0.0614502583503
0.0620784652956
0.061559812725
0.0621299062514
0.0619867771366
0.062090630297
0.0618573426991
0.0619953869081
0.061716512344
0.0617596427373
0.0617808307195
0.0620303146871
0.0619034532751
0.062124747394
0.0617395871785
0.062055010783
0.0621663684994
0.0619266116593
0.0616266461351
0.0622289261457
0.061748874891
0.0620530363623
0.0619410324927
0.0618049372678
0.0619872697873
0.0615699706143
0.0619285017713
0.061638366452
0.0618191941418
0.0617975514074
0.0616124549632
0.0615301435097
0.062055906494
0.0620060640742
0.0618480442871
0.0614571873054
0.0612936100675
0.0617960857362
0.0621291822186
0.0614670724496
0.0615740096167
0.0616383884311
0.0617507498202
0.0615071309531
0.0616676725634
0.0617248839648
0.0617399316805
0.0617097849384
0.0614938037567
0.0611412429668
0.0612228097988
0.0617803270682
0.0612428091772
0.0614600937265
0.0613951916902
0.0613803401677
0.0612700367224
0.0616027910623
0.0611676550757
0.0619228496533
0.0614460759125
0.0612216393195
0.0617887599467
0.0612412751105
0.0611502168343
0.0618186397309
0.0611310930505
0.0613971760611
0.0611706007089
0.0617766545755
0.0614920164958
0.0614097128417
0.0613523392323
0.0612493116249
0.061499971258
0.0614748201865
0.0609417030676
0.0609151936958
0.0609396654892
0.0608571887049
0.061834078918
0.0615417648022
0.0609351632612
0.061427211734
0.0613299023808
0.0614664290314
0.0608434458887
0.0617720071762
0.061208349442
0.0613849683344
0.0610519399262
0.0614411220697
0.0617141854366
0.06090237782
0.0620047424002
0.0612624654578
0.0614266788493
0.0609963765075
0.0613739844258
0.0608709901387
0.0614049160688
0.0607835635805
0.0608682291563
0.0613707985119
0.0610294298685
0.0611794814074
0.0611199088217
0.0617362362952
0.0607481955767
0.0614445659421
0.0614328472328
0.0617399843314
0.0613529994122
0.0613120642606
0.0615144798933
0.0619012964266
0.0613369173171
0.0610066350247
0.061080098351
0.0614501364451
0.061153870764
0.0615003150683
0.0611777194984
0.0613075984983
0.0613781693202
0.0608994724167
0.0610575799582
0.0608804863116
0.061138116153
0.0619922373388
0.0616100305833
0.0612694753904
0.0611515236389
0.0612093116899
0.0614260653531
0.0609063321063
0.0609410996712
0.0610584267952
0.0608159085796
0.0609760811879
0.0612079799385
0.0610672573045
0.0610726543428
0.0614193980025
0.0612595285264
0.0612056674906
0.0612206064302
0.0609051551998
0.0613110877633
0.0604811328362
0.0607962223776
0.0608700401912
0.0606539753193
0.0606188602719
0.060878957906
0.061407292985
0.0608374919777
0.0608201960826
0.0611332850858
0.0607572742748
0.0608678926135
0.0609529304781
0.0606962661627
0.0607335464058
0.0610729155032
0.0605622177655
0.0612399361365
0.060496970088
0.0605984912893
0.0609538442247
0.0606868602959
0.0609281948301
0.0608803131244
0.0616057989623
0.0604727032817
0.0609921417838
0.0609534262494
0.0608076003184
0.0611402492114
0.0611608694762
0.0613887200386
0.0611704629284
0.0609061916432
0.0606453144191
0.0607347990576
0.0615154917241
0.0605564137934
0.0610514041614
0.0608252157466
0.0608548585767
0.0609230750208
0.0614024549002
0.0608916774527
0.0610214155796
0.0608152177407
0.060941843362
0.0607169012899
0.060916275357
0.0612090173526
