0.121099716343
0.163642085388
0.110651274232
0.236010210092
0.231123298404
0.250478377344
0.364439260123
0.25321239607
0.288528816056
0.313051224944
0.285662661487
0.328443711483
0.373701271715
0.330380406462
0.359778597786
0.451947682684
0.412183544304
0.43422126586
0.392100192678
0.402504615879
0.402228322299
0.41918762089
0.411377527033
0.42374854482
0.405159452402
0.358375547351
0.422495496201
0.382502044154
0.426135482871
0.427151552508
0.471766061654
0.426057425131
0.402593244757
0.419342359768
0.367588274484
0.465251105153
0.406122937096
0.451903881701
0.405216284987
0.362058798753
0.400901263378
0.455694342395
0.435052639552
0.401114649682
0.389920852851
0.40489432703
0.440213710588
0.386440121481
0.417582417582
0.421634910879
0.401496457852
0.418836905585
0.396273795059
0.441074392636
0.473167259786
0.419783809005
0.355024572106
0.425755584757
0.4577340769
0.438226299694
0.460492654046
0.431118314425
0.451371571072
0.450082077302
0.409819243824
0.417597657755
0.431594860166
0.384841075795
0.433247461737
0.422244320355
0.372699899632
0.415675297411
0.418297607953
0.416524833669
0.443470509583
0.39977558708
0.422422422422
0.451923076923
0.407097791798
0.4421490674
0.410115448048
0.443796275522
0.449992635145
0.444060410249
0.381941604645
0.435008400794
0.41986317165
0.391247974068
0.424849699399
0.441253852514
0.429180627475
0.340679993166
0.456441182882
0.447521543787
0.423362128278
0.414666355939
0.419699884571
0.461538461538
0.437262073599
0.385193566637
0.436173393124
0.396713989472
0.444938491181
0.422284208895
0.415316642121
0.468349016253
0.449594095941
0.430853491556
0.426763658407
0.442734536845
0.41514683153
0.434125749833
0.409952241565
0.393949147087
0.429591371715
0.402437094477
0.407257436536
0.415921635699
0.39894720051
0.432639901743
0.428221234871
0.390110772195
0.423254383267
0.448526710265
0.445917401122
0.408787455364
0.441827532235
0.415672388577
0.439361307092
0.415522295942
0.415881353314
0.409730913642
0.461205028175
0.394112967383
0.438846239845
0.450165016502
0.412087912088
0.414571495291
0.447273530061
0.36395730016
0.445036247966
0.43416856492
0.411838396492
0.421939635361
0.37513397642
0.403774482595
0.402339735989
0.36774301489
0.411162354413
0.428995208032
0.341083931195
0.437156825874
0.440869107586
0.424706246135
0.456898426738
0.390750886239
0.406586447118
0.437915407855
0.466695193268
0.39721533168
0.39167746114
0.444163003799
0.387804878049
0.414308176101
0.446334788076
0.413755114888
0.432007329923
0.423190203069
0.39534141672
0.364495275982
0.359157859699
0.436078789262
0.38130720013
0.424948279825
0.398156242549
0.423359901901
0.452346041056
0.351351351351
0.386433049349
0.398829761999
0.431140450717
0.404874960431
0.405842874062
0.418759689922
0.443045474744
0.367858031346
0.42972315181
0.423188849747
0.419764560099
0.448559670782
0.436795430633
0.42940952381
0.403881044411
0.435370018975
0.422904769255
0.416503868094
0.459004392387
0.440602507977
0.330668983493
0.446484085862
0.400379206826
0.427549467275
0.382115135834
0.404153354633
0.439149449555
0.395623702284
0.401367032268
0.364683301344
0.414548298788
0.433813495072
0.444592395325
0.448976586659
0.442005339662
0.385738485117
0.405420397813
0.440265651817
0.412460384942
0.42391803028
0.434208552138
0.467979245149
0.414789498213
0.429042398221
0.396582298888
0.399841834717
