0.529238541153
0.538350587625
0.524637388649
0.556469294389
0.553805762618
0.558139509214
0.590264678064
0.557024050153
0.568903194324
0.575052193292
0.564108443604
0.578312596906
0.594787511663
0.579396251232
0.588840149508
0.617397518101
0.608468148322
0.612343355507
0.599483399635
0.605173362136
0.605832667655
0.609321244024
0.606675983349
0.612333496656
0.604596129152
0.591801489882
0.612865391266
0.5970005769
0.613510292442
0.613292204785
0.631201088735
0.612905992181
0.604800038711
0.609409229812
0.591849711182
0.627956683472
0.6061890089
0.622384046783
0.60531624006
0.590735122826
0.604639002813
0.623868736268
0.615569297706
0.603230472609
0.599174217018
0.605025102294
0.617728759726
0.599688711236
0.609418365361
0.60975139296
0.603407088646
0.608138534984
0.603066971998
0.618571770331
0.630679505469
0.610362895393
0.587992740814
0.612931239204
0.624928432489
0.618622377499
0.626112961782
0.615780409437
0.621058346696
0.622445609754
0.606831976699
0.607837085874
0.613287467326
0.59777171319
0.614571051334
0.609499680314
0.595211329133
0.608017037329
0.609340046457
0.607796371836
0.6179712237
0.603447271348
0.610507706694
0.622441629877
0.605191938323
0.617236934695
0.606288481828
0.619036833175
0.620753030832
0.61978605786
0.596735975075
0.616631040426
0.608811374141
0.600396995637
0.612030001046
0.618201024742
0.612885143248
0.581901098694
0.622933759998
0.619286386198
0.610058642201
0.607315728853
0.608867023859
0.625641228102
0.614936415004
0.596708681552
0.61446350553
0.601055430451
0.618535341259
0.611282178402
0.607380400996
0.627888562788
0.620776344478
0.613709351419
0.610816776188
0.617014980284
0.60686086423
0.612026326259
0.603438440889
0.600826500114
0.612775132731
0.603071256964
0.603467023329
0.608134781353
0.602287231495
0.615942089795
0.613132344681
0.598369342615
0.610804644591
0.61958654639
0.616884765293
0.603886216464
0.617433642083
0.606607862665
0.615508266071
0.606836261666
0.607214096303
0.60550756553
0.625121046877
0.599243931709
0.615673926305
0.620325346608
0.607316486435
0.607544772313
0.619025006667
0.591385937255
0.618364525353
0.61538623708
0.606824774527
0.609524927337
0.594309977852
0.6041212863
0.602868749446
0.59262998302
0.606213385218
0.612624408176
0.584041984527
0.615882347077
0.617995294928
0.612344452458
0.622940204588
0.599268647396
0.605445584346
0.61686770427
0.626919430192
0.601809166348
0.600487559261
0.618754717834
0.599009958824
0.608778619857
0.619127283676
0.608600070443
0.614871969108
0.611838562453
0.600321785904
0.589457225825
0.587276383537
0.6167015127
0.594914051867
0.611283998656
0.601329054702
0.610403496308
0.621587550347
0.586577234684
0.59654753253
0.600961531408
0.61354046889
0.604449271351
0.604660801295
0.609345202128
0.617334587368
0.591332752251
0.613035223344
0.61020034433
0.609787708909
0.619615660166
0.615562095534
0.613088939684
0.603431578086
0.616032540296
0.61108804885
0.609176432722
0.625404564259
0.616126744429
0.579600692127
0.619301321877
0.601697109331
0.611860360935
0.595094534658
0.605362867352
0.61737101644
0.600641392988
0.603117884256
0.590641868242
0.608206011209
0.614979933125
0.618100567986
0.620108660992
0.61689079167
0.596713837224
0.604944205554
0.616667661464
0.60536446136
0.610409940897
0.613807535428
0.627310798468
0.607374600866
0.613716553591
0.602522832667
0.601547673694
