0.0707194726319
0.0672669369275
0.065933347759
0.0645574983682
0.0630987258228
0.0617133278134
0.06069575269
0.0599961578724
0.0593681387798
0.0581882462672
0.0574090672868
0.0565061732282
0.0559207513658
0.0552976861828
0.0547431542897
0.0540738382007
0.0537712713599
0.0533770804929
0.0529063610346
0.0525701908
0.0523654785725
0.0521223352245
0.0518698640874
0.0516941418709
0.0513037778195
0.0512233368147
0.0509114747785
0.0507951502995
0.0505968700036
0.0504104654694
0.0502533452944
0.0502198449563
0.0500131449893
0.0497300556847
0.0497633754804
0.0495336093206
0.0495536518505
0.0493430429044
0.0493632894073
0.0492031189679
0.0491025685185
0.0489078806352
0.0488943603896
0.0489409286444
0.0488198250478
0.048584228119
0.0487017975246
0.048611608706
0.048529683554
0.0483666134774
0.0483920709413
0.0483144032161
0.048066669857
0.0481581820287
0.0480325738237
0.0480400269847
0.0480403326991
0.0480964511969
0.0480091796329
0.0479966409245
0.0477645834423
0.0476622674553
0.0478304417842
0.0476682653269
0.0476903479819
0.047577014631
0.0476458178631
0.0475271539837
0.0475509976589
0.0475774112906
0.0476811846898
0.0474633245183
0.0474003473228
0.0474699392333
0.0474200530252
0.0473662533686
0.047220069629
0.0471991543068
0.0472452385344
0.047197394837
0.0471598752391
0.0472883144217
0.0470774417129
0.0472967976267
0.0474399269024
0.047295748461
0.0470358293151
0.0471955218319
0.0469648390706
0.0470852581235
0.0469985091841
0.0470461648128
0.0469957196927
0.047151231528
0.0469716526799
0.0469489325876
0.0469304682067
0.0468562173902
0.0470006812497
0.0469354273074
0.0468372248343
0.0468481125211
0.0467664955397
0.0469169199894
0.0469574137332
0.0467703425798
0.0467422982883
0.0467881694589
0.0466866340349
0.0466264811893
0.0468834016709
0.0467689378326
0.0466561621713
0.0467195108182
0.0467792599077
0.0468576395133
0.0467600337715
0.0468080045682
0.0465396480568
0.0467304624969
0.0465584478135
0.046356880821
0.0466679636477
0.0465539351333
0.0465743389354
0.046624888864
0.0466328675634
0.0466397530336
0.0466266948533
0.0467116547393
0.046453102743
0.0465215581377
0.0466134979092
0.0465405516146
0.0465541931176
0.0462621488454
0.0463150571115
0.046443963842
0.0464977914724
0.0466226279432
0.0465942715307
0.0465112716409
0.0463029596218
0.0465235692503
0.0463484497977
0.0463421595878
0.0465475004915
0.0465058879984
0.0464342368263
0.0463774552092
0.0466005083093
0.0463390571414
0.0464089643907
0.0465374281731
0.0464841077089
0.0461692002194
0.0463466730334
0.0463624310781
0.0463289397186
0.0463333815374
0.0463791699995
0.0462327351449
0.0463947509225
0.0462496256545
0.0463548750384
0.0464001700556
0.0463015829886
0.046342473413
0.0461099890796
0.0461900348693
0.0462269170943
0.046384061621
0.0461467388386
0.0461112607408
0.0464777643177
0.0461504298393
0.0462304123383
0.0463822412361
0.0463748159653
0.0462043494331
0.0460856726746
0.0461517590778
0.0461238120063
0.0462584642288
0.0463094404505
0.046230728332
0.046173155327
0.0463516902817
0.0461135497061
0.0462472909903
0.0461729623344
0.0462688337062
0.0462184577534
0.0461659230072
0.0461611423188
0.0461905785033
0.0461957120216
0.0460697828005
0.0460943929087
0.0461886722532
0.0460256184126
0.046095707481
0.0461329018235
0.046165013669
0.0460939503301
0.046139998636
0.046071617606
0.0460450518196
0.0460927196884
0.0459271259733
0.0460305069398
0.0461579597065
0.0459621463252
0.0460663837992
0.0459976623572
0.0460607080875
0.0460466690132
0.0460557106869
0.0460991870503
0.0461700022363
0.0459719200161
0.0460851372321
0.0460879019803
0.0461048406253
