0.0831279786596
0.0661515398305
0.0555056030951
0.04874171318
0.0455108180578
0.0402446601413
0.0382208651086
0.0361617340926
0.0351631655076
0.0339648907914
0.0339933564673
0.0328590585159
0.0327593251672
0.0321456042792
0.0314501735987
0.0338989722531
0.0329071785114
0.0323257122763
0.0341973019904
0.03478014275
0.0338158349179
0.0332457504847
0.0336519840613
0.0333935216298
0.0334340089458
0.0322628576518
0.0325830937951
0.0322441749098
0.0319103915141
0.0320083118128
0.0318744927645
0.0321101274726
0.0320089383088
0.0325640922237
0.0331742132114
0.0327046014323
0.0323169906078
0.0319153771558
0.0331956404132
0.0337181292467
0.0329453180697
0.032500080333
0.0323176989642
0.0340874574241
0.0347506100227
0.0346949060656
0.0344572532981
0.0336853034534
0.0352328319111
0.0356004106452
0.0354271446572
0.0348973864248
0.0346642381121
0.0347031548316
0.0343594814637
0.0342673607006
0.0340387920137
0.0339654147049
0.033976995648
0.0343068630351
0.0340312829251
0.0336126406973
0.0337079572026
0.0338115681669
0.0332441552405
0.0333142728624
0.0357424157121
0.0362764168432
0.0357785890071
0.0349493035766
0.035149483699
0.0349207504021
0.0348152401534
0.0346802111948
0.0341075007356
0.034242269965
0.0341444326064
0.03618038965
0.0366363114311
0.0368544876801
0.0369636598541
0.0370857739475
0.0371038670121
0.0370033590189
0.0374984979957
0.0369021204268
0.0427936035855
0.0382953940481
0.0351402943524
0.0333929667765
0.0326579110481
0.0339837052622
0.0322762885738
0.0321984118333
0.0315618981557
0.0315503099141
0.030672223677
0.0306144193877
0.0298025805544
0.0294197644854
0.0289031049706
0.0293198685181
0.0288919975649
0.0294479856079
0.0289809127655
0.0293209251514
0.02864450596
0.029273471923
0.028660860995
0.0281425801001
0.0282800854493
0.0283958993054
0.0286194825816
0.0280689660874
0.028177078858
0.0284008162013
0.0281576931047
0.0281851173984
0.0277647052337
0.0275334739844
0.0277069291987
0.0275486036914
0.0274725916589
0.0286870066881
0.0277100960161
0.0276425095471
0.027689466319
0.0279107718243
0.0274644964181
0.0275794615637
0.0279240842496
0.0278515514245
0.0282340397751
0.0281640059266
0.0274780066109
0.0278576258619
0.027532196347
0.028117508866
0.0281767795501
0.0280574485737
0.0286540642453
0.0284985427941
0.0290172319452
0.0286806375039
0.0282369213795
0.0280432154162
0.028241790274
0.0288131287738
0.0280699709669
0.0279580331942
0.0281171494627
0.0278763988293
0.0288807362946
0.0299550878403
0.0293972069305
0.0297110305718
0.029791511922
0.0286577215335
0.029061991891
0.0290496842893
0.0283229965872
0.0282545074549
0.0296573422252
0.0286338578996
0.0291063185576
0.0289331234906
0.0308248447572
0.034940303711
0.0294199688476
0.0294043001737
0.0298348228722
0.0297392295619
0.030149466979
0.0297288974632
0.030308588385
0.0305194095279
0.030732949371
0.030609881169
0.0292885053187
0.0291470320381
0.0299088710086
0.0300320880756
0.0310015061134
0.0324118683959
0.0319741245555
0.0347186000203
0.0318238603762
0.0337476480227
0.0316165452836
0.0324021973641
0.0307883497021
0.0315812278552
0.0303175764559
0.0318030614677
0.0312244592837
0.0305773365576
0.0326296191828
0.0314911579706
0.0323687360444
0.0327451991151
