0.650522335143
0.697064755132
0.72714831014
0.661842602002
0.805167217631
0.807915475884
0.813910361601
0.817520520829
0.815067793919
0.817892196355
0.815147951815
0.813725789029
0.821337328043
0.814856957711
0.820747457837
0.794878154763
0.817620194671
0.808605979733
0.796073659173
0.788699772615
0.794847063039
0.811687376062
0.79857984407
0.82090861709
0.799756792335
0.823100510905
0.796610245901
0.789933872644
0.792908003981
0.800879788169
0.797434132954
0.802822599175
0.813021237189
0.805842800943
0.806256794952
0.798614774997
0.785626316454
0.790386316849
0.800760889229
0.818336962155
0.803685081848
0.806693649668
0.795506475164
0.796560452607
0.8091657471
0.782130926115
0.80101381124
0.783315145596
0.776221229976
0.799546217891
0.815565843196
0.805072720895
0.787243638703
0.781747820235
0.799925571823
0.766513486362
0.812407982749
0.811856126466
0.814830461397
0.781356832355
0.810261868517
0.789616033208
0.79826622194
0.800492843087
0.765313851901
0.804352143293
0.774810904731
0.799293324965
0.764313710549
0.811200757137
0.805816246458
0.792367985239
0.809372802275
0.811886898256
0.781157862774
0.78829005408
0.80170408241
0.81021605985
0.788037044815
0.794924225194
0.77579214092
0.802370562158
0.813366270977
0.817175399786
0.799607499708
0.787860935939
0.783920925225
0.788562346614
0.809112172773
0.810706430722
0.819053700555
0.810426692463
0.820502301486
0.806774534686
0.815102521251
0.80278856988
0.817030149956
0.800979578351
0.802244246577
0.811415636141
0.823411020954
0.80972935367
0.797518915344
0.810315530098
0.794510376608
0.81494537571
0.816221590628
0.809648788586
0.815474254947
0.786546328995
0.799036389242
0.778141529294
0.80652146725
0.810583983429
0.812032729784
0.782625485208
0.803946031283
0.809104494368
0.790739145382
0.789225248923
0.782721407103
0.806835758333
0.795449323399
0.807774617868
0.794479662988
0.810430502581
0.803811920957
0.794119534153
0.814999037291
0.792164769267
0.802934372322
0.813347278558
0.819107362136
0.811657040545
0.81176055359
0.800101971547
0.808920765258
0.811676032964
0.814404862525
0.820410480558
0.824779493074
0.79446814538
0.783790683186
0.776439948182
0.795468432157
0.814665666535
0.809464972221
0.794341568035
0.831232843564
0.81813773081
0.798760781033
0.80945319285
0.801358728689
0.799086298875
0.815481671589
0.814895320652
0.806808971169
0.812170533888
0.812178183208
0.794372252571
0.794701842294
0.756318891145
0.79052045626
0.809537451712
0.792896631798
0.817789061414
0.758470706012
0.814803586979
0.819548375988
0.810740867206
0.806333753513
0.818252616038
0.80347436198
0.800331858343
0.820326134441
0.799527080048
0.801968463859
0.82152187153
0.808357216857
0.807613720379
0.808200013146
0.812404143547
0.822721127888
0.790658289449
0.788707509189
0.79618871891
0.799070883895
0.799366153474
0.802765360155
0.776282628132
0.803428553313
0.815592717614
0.819356561284
0.820693912595
0.801489203406
0.805065071575
0.782613967601
0.790697001408
0.796369132346
0.813534992295
