0.495058823529
0.569975417479
0.616833095578
0.520995850622
0.714094382731
0.720786019167
0.737595907928
0.740125786164
0.738919608677
0.739372764329
0.734467944481
0.729153199741
0.738498594942
0.738028646495
0.742630009937
0.7185346391
0.740628677089
0.729780350758
0.716707877075
0.706973426075
0.712979890311
0.733610380799
0.715872202289
0.7456
0.72179656539
0.743257557239
0.717735515259
0.708723157801
0.713266761769
0.723915540242
0.7172944158
0.722336416581
0.73698630137
0.727837721191
0.729389279819
0.72153024911
0.706141963957
0.71180902242
0.722572730459
0.742581790515
0.725427257743
0.729125291426
0.71645232816
0.718062455642
0.733391153513
0.700412654746
0.722523152193
0.701476216512
0.693800994092
0.724460431655
0.736894908452
0.730574997785
0.708024521914
0.701685759523
0.723977861096
0.681716887898
0.735638070849
0.735452909418
0.742857142857
0.70037037037
0.734817638396
0.711594732992
0.723953129258
0.725398816992
0.679559079482
0.728909283445
0.692518679656
0.724920850294
0.679732125271
0.734665866003
0.731603648278
0.717431532198
0.735018808503
0.737079040776
0.704047459573
0.710983727811
0.729021137621
0.737398660557
0.709885057471
0.71966374269
0.695021934007
0.724493361286
0.738878811436
0.737067898688
0.72399892502
0.712089971884
0.705104321908
0.7137077806
0.734486977801
0.735131396957
0.744126876431
0.735352833955
0.744197737746
0.734917077544
0.742395272032
0.728557374117
0.742417770184
0.72600286533
0.726498758425
0.73860742822
0.744632027536
0.737242416202
0.723602484472
0.734962731843
0.720058915585
0.742053152684
0.743128781331
0.73595505618
0.742461005199
0.709846499438
0.722489744962
0.698591012947
0.732884001419
0.737805951752
0.740107517405
0.702959240648
0.730380313199
0.734287709497
0.715293244246
0.71285475793
0.704410796577
0.733570159858
0.720842876775
0.733011836914
0.719296638886
0.735036812473
0.730634592945
0.720638752205
0.742201755148
0.715963302752
0.731104651163
0.74137779728
0.744272866112
0.738203425376
0.738825591586
0.725601513923
0.737481031866
0.735764665405
0.73962004642
0.746471688488
0.749791074712
0.719012797075
0.705738934734
0.697150558337
0.720131231204
0.742742217559
0.737891737892
0.717479858785
0.746920318104
0.743260481333
0.726820276498
0.733784252515
0.722769686928
0.723725613593
0.738839474799
0.738605442177
0.734129814551
0.737791655824
0.737571453317
0.717837053166
0.718115942029
0.666996928564
0.711978221416
0.733074601121
0.714852914636
0.744249914178
0.654098228012
0.742126326779
0.74887035106
0.734370969129
0.733839964238
0.742052449616
0.726129116799
0.724961961872
0.745929443691
0.724781393672
0.728419535051
0.746959459459
0.734424498416
0.733821841617
0.73325170544
0.735540010237
0.743413516609
0.710410885328
0.707847010235
0.717921338316
0.722554178186
0.725149375339
0.725567534403
0.694764694765
0.728581585496
0.737575554063
0.745791677348
0.744166596972
0.725179346382
0.730789707187
0.702702702703
0.715427509294
0.721937842779
0.740379592547
