0.377431463997
0.421186856302
0.42354368932
0.456894207234
0.451092563069
0.450645799943
0.40290305858
0.458708913776
0.448069498069
0.451218364851
0.435162218474
0.450429067007
0.448424349188
0.474203601108
0.473138230581
0.46377068035
0.440827269245
0.453630481668
0.450423044016
0.461593298877
0.429958657821
0.439714982186
0.453089658916
0.459286037054
0.443592859146
0.441241050119
0.453473373871
0.445991754466
0.461099585062
0.462140992167
0.446578631453
0.461850220264
0.451069227981
0.446859458464
0.443409408477
0.457278899568
0.466631355932
0.474653986584
0.455348202094
0.45654318773
0.456810035842
0.459279279279
0.463969103836
0.449723335241
0.466429253887
0.474123539232
0.457179652286
0.414840136738
0.450983899821
0.437964338782
0.455498312311
0.443071161049
0.453995601173
0.450989415555
0.449294889069
0.458674741717
0.468725395853
0.438982729171
0.442630729809
0.455726910414
0.458818456231
0.428902180205
0.4504173929
0.456257320479
0.442023063652
0.462945054945
0.412456887807
0.446689518311
0.47045572691
0.463980674661
0.449778900821
0.452864726341
0.454275694632
0.466522304028
0.476182272375
0.470181358077
0.466560227071
0.450432035678
0.438927694922
0.455668604651
0.464461646728
0.461087940367
0.437886720609
0.45574321337
0.456677047078
0.453727506427
0.457762760092
0.44197462258
0.429094412331
0.459411556186
0.466672567938
0.458011149074
0.431963383236
0.465849088741
0.449452672247
0.445443476632
0.459689081706
0.434381472416
0.44591778746
0.446921147952
