0.448875855327
0.545741723528
0.538616352201
0.601977587343
0.63092888521
0.655035787321
0.653369070623
0.669473965644
0.674468780647
0.664794843979
0.67791005291
0.680953334669
0.70071942446
0.692078133478
0.690916766341
0.69597019045
0.698611530335
0.694469254552
0.705581904414
0.690405264981
0.696022330775
0.691668935475
0.701363603912
0.69328836425
0.702395001736
0.690056838117
0.707067819624
0.703480011504
0.704929882897
0.700347690343
0.7096580233
0.707359242276
0.696043656207
0.706114955515
0.71480304486
0.713769984528
0.69325282595
0.710520551946
0.716594112005
0.717520499511
0.71390238596
0.715846582774
0.709463198672
0.715157060079
0.722826875635
0.725710014948
0.723266268701
0.710786483695
0.715990453461
0.715251467202
0.714
0.722469666718
0.718316373728
0.71826625387
0.712210002408
0.715192235909
0.717255564534
0.712135264322
0.706257078143
0.720213769255
0.716426512968
0.721707670043
0.711250534721
0.715946715947
0.722370413092
0.712347923367
0.713044747792
0.721791951405
0.716509918596
0.709343503133
0.721693443996
0.71423665957
0.717514948228
0.715766262404
0.721391854488
0.719923286863
0.708001546193
0.69524395875
0.709097660602
0.69789751379
0.703379625913
0.691244239631
0.711033274956
0.704480998298
0.715926036385
0.71809478598
0.716501439079
0.717137592138
0.71236824145
0.710965978129
0.700150894589
0.709234516867
0.712219926903
0.714528593509
0.707823080248
0.711968503937
0.727490457301
0.727679950572
0.722932651321
0.716420075428
0.718073461445
0.701699095643
0.718709381451
0.718446601942
0.724765749981
0.718831425188
0.715072685539
0.716975284729
0.718651374028
0.721534464313
0.705809450039
0.709999244199
0.713891444342
0.707860063607
0.712116368286
0.720036251038
0.712831251354
0.719492377931
0.721520006441
0.723981165774
0.721572962729
0.725446599709
0.699859747546
0.708534872835
0.705882352941
0.711060084194
0.712825427248
0.713611390544
0.702478680163
0.711333750783
0.71822780929
0.713579433092
0.722075089578
0.707128498531
0.725214676034
0.721134576846
0.716808675445
0.721166128184
0.710750377974
0.714120942495
0.709802703123
0.711201629328
0.714887412927
0.711010558069
0.708145476405
0.702737009123
0.716122496688
0.710754017305
0.700536398467
0.703556671798
0.723155017571
0.716378382852
0.713280150164
0.698213672278
0.716861962935
0.70619047619
0.717350954043
0.720160791589
0.71497963021
0.71045767133
0.705614320586
0.715158158472
0.709724355347
0.711727773041
0.69825436409
0.704592541436
0.708765767204
0.711118226207
0.711362717347
0.719792322215
0.703558629886
0.701535907015
0.709727146601
0.696025437202
0.709985981694
0.692230909998
0.6998001998
0.710728971963
0.710059171598
0.703456435393
0.704179275374
0.716742500193
0.720636922592
0.709495012958
0.713992743335
0.727039177906
0.722645099905
0.719480519481
0.71531041306
0.702291353069
0.712879616388
0.718600953895
0.721822735719
0.710071040535
0.710362863681
0.711418339302
0.712659916804
0.706232408524
0.720734624585
0.681493376154
