0.584420283322
0.671719590462
0.664839943063
0.723763558638
0.751457675409
0.773690846469
0.773847613907
0.783487706117
0.789788244711
0.782877651013
0.791904023426
0.793797477411
0.803690520718
0.802141344314
0.797646161641
0.803824107516
0.797409439901
0.802957872896
0.806258569129
0.798661601634
0.802758786975
0.801440020895
0.804989683597
0.803743309753
0.808726129322
0.797167046612
0.809631017732
0.80602842057
0.80668003795
0.804755812175
0.806511898329
0.804679900669
0.805038895194
0.810098440644
0.812379450494
0.811881168537
0.799819237546
0.810217688602
0.813996801828
0.812628795066
0.813697634877
0.811130255417
0.815164908293
0.809348225561
0.820948986887
0.819845565168
0.819504283328
0.809328651445
0.81234507218
0.812180219149
0.815448951112
0.814254086569
0.810632293394
0.810168593345
0.801902034021
0.811605385819
0.815016226448
0.814030860208
0.809964330318
0.810038467646
0.816499205692
0.820351060173
0.813363973272
0.808926756741
0.821324501616
0.816437487603
0.812287309632
0.81497065046
0.80666581545
0.816805062163
0.814583589038
0.82009741104
0.816047110506
0.813747631765
0.810268499867
0.816710303663
0.802403660738
0.793002151699
0.807289773121
0.791672682387
0.795367391326
0.797213175212
0.806266771062
0.795329173809
0.812325905252
0.807742799023
0.805489332543
0.81014549996
0.807730786973
0.80648519842
0.803341734982
0.808025562109
0.802917561269
0.807458901627
0.809420326949
0.803618826519
0.821095022009
0.817638372713
0.813606482901
0.815751928181
0.805228877551
0.809503975029
0.811812644588
0.808252511333
0.816929167294
0.808509301632
0.808915180963
0.809072471929
0.811046200149
0.814066227408
0.800533358308
0.806213022226
0.807792243298
0.804342719796
0.80226225011
0.814184893669
0.813291319272
0.811134414554
0.808490367383
0.809429459597
0.810563594936
0.816737614354
0.795432192412
0.801924691133
0.798766743431
0.805760927039
0.80286779706
0.80661957051
0.795351976346
0.803729901629
0.811168792867
0.800380779091
0.812403096491
0.801725285279
0.814557063638
0.81282072611
0.808968987969
0.815641231174
0.801671972716
0.800787036525
0.803319717737
0.799744431266
0.802998271777
0.807232475931
0.8053391092
0.795965143531
0.807823102343
0.804588254251
0.797486282122
0.794666126076
0.812947361624
0.801971372346
0.805285942062
0.785867051905
0.801913929732
0.798513850505
0.813924060573
0.811755289229
0.806401259491
0.802101149027
0.79578147259
0.806600549006
0.79940323668
0.805002219175
0.788591693245
0.789837718071
0.799878337998
0.801373096614
0.800560698083
0.809620721689
0.792156072891
0.79104456558
0.804028661392
0.79076811391
0.797720938836
0.784233994743
0.789569032061
0.807899246527
0.795490623911
0.790872295907
0.794271473503
0.809379026436
0.810042335934
0.802005256217
0.804971767319
0.812867203728
0.810931576685
0.806152554786
0.801572735147
0.7909564966
0.79792046103
0.807639373233
0.808344768534
0.796536806609
0.798832300724
0.797820699933
0.804461967754
0.797314390553
0.812387652427
0.779159179737
