0.144832235708
0.130189495952
0.118559971981
0.110937558529
0.106089997385
0.101551922498
0.0967561964006
0.0944902603839
0.0911069368127
0.0882781355889
0.0858348681907
0.0831653624196
0.0817728180656
0.080838692965
0.0786107655373
0.077358296881
0.0756869234805
0.0749424297538
0.0738405205498
0.0732333620513
0.0719089596916
0.0712986262745
0.0703939935369
0.0697860836551
0.0691066714847
0.0701526188731
0.0690550038166
0.0673353203751
0.0670538168121
0.065903744912
0.0660454401344
0.065809425133
0.0657082450393
0.0646649241778
0.0642095464999
0.0648727951156
0.06469387752
0.0633505671767
0.0628141071916
0.0628529836789
0.0619711083977
0.0620669046427
0.0616266071629
0.0609963742799
0.0610950999827
0.0605514253025
0.0602175993465
0.0608589114978
0.0599742148669
0.0608227067731
0.0595898525475
0.0596204708336
0.0600124115451
0.0596884255868
0.0594609648456
0.0591946190418
0.0583954182579
0.0579925312351
0.0579966482917
0.0586383639193
0.0582725717355
0.0578256183645
0.0565883573472
0.0570793895065
0.0569751040674
0.0568370503773
0.0573117642786
0.0564277403667
0.0564579097901
0.057216477642
0.0562646141955
0.0560691300966
0.0556001833632
0.0590196630847
0.0609596976781
0.0597492713451
0.0615609747906
0.0677962191082
0.0695632755551
0.0718922413614
0.0692833203489
0.068388931798
0.0681253840005
0.0665487139922
0.0615654903203
0.0615706349599
0.0625277545367
0.0630848496749
0.062266566012
0.0617098002298
0.0617618078325
0.0610438919823
0.0609845174136
0.0607328823703
0.0615326633997
0.06016899618
0.0593835979157
0.0577855451632
0.0581998072039
0.0582529547776
0.0583310906358
0.0596049738134
0.0585438713781
0.0584847915493
0.0590391698707
0.0583444010128
0.058136194306
0.0569119354983
0.0561461096674
0.0566456347434
0.057630198214
0.0577513500792
0.0586595864505
0.0577981036673
0.0567793136349
0.0575737408313
0.0566242278556
0.056214667588
0.0566525383597
0.056630234704
0.0564273022086
0.0567850358896
0.0576036615103
0.0583563170289
0.058322608794
0.0571032694802
0.0576214327033
0.0565949380614
0.0583837375328
0.0569914829007
0.0564531704993
0.0567634625637
0.0562011853941
0.056930343471
0.0575580431691
0.0564379363015
0.0558365225034
0.0568401692953
0.0568401630054
0.0567359995847
0.0583194789531
0.0624041138623
0.0645978425247
0.0635725322329
0.0613461012253
0.0613763245749
0.059860447153
0.0592906658127
0.0591670106208
0.0592746232203
0.0584750763494
0.0614325167017
0.0607765004705
0.0600378961066
0.0636025556854
0.0634557135399
0.0620413535136
0.0627153571813
0.0606082587757
0.0605319049331
0.0632318557561
0.0623450605566
0.06290699536
0.0617295355745
0.0610426223426
0.0609608892611
0.0608027047221
0.0604057799085
0.0634736605847
0.0633820573708
0.0635155256491
0.0642743787501
0.0644681915257
0.0639681656302
0.0635573095554
0.0645664773349
0.0644518502652
0.064319582773
0.0641666309728
0.0652111668702
0.0660524714619
0.0658454760322
0.0654586661118
0.0631200933402
0.0643023015803
0.063559974589
0.0635611006183
0.0633457907594
0.0632317294744
0.0621743512069
0.0629958144496
0.0631394473184
0.0626822166246
0.0628998038385
0.0637737465842
0.0637616362648
0.0618189409943
0.0634353149133
0.0615219212918
0.0623188069632
