0.473681065902
0.491022491022
0.508397972271
0.494787064852
0.536219897835
0.523569119065
0.511279981002
0.518019065334
0.513604815429
0.534370645611
0.537321715966
0.524836526328
0.542478565861
0.537061491646
0.529687771534
0.539671836368
0.538972466648
0.519577227961
0.525124906679
0.532248555595
0.530789550925
0.542432097374
0.52280390417
0.553920256891
0.538039481871
0.532588454376
0.537082957619
0.543558282209
0.545092007064
0.535973520701
0.538035322637
0.529756041027
0.50824513906
0.534470670717
0.549362812836
0.541732999773
0.542799188641
0.523835549888
0.539332169604
0.524481531476
0.55005574136
0.553025374105
0.492301539692
0.552470132386
0.537722108943
0.547062539482
0.536228435455
0.551825934835
0.537507383343
0.52343889252
0.529393621615
0.540758860003
0.532615616137
0.530753851582
0.540975951436
0.547337115162
0.522211492033
0.535848158505
0.536666095988
0.533189809831
0.527556734453
0.530459805302
0.550600831482
0.538301077761
0.535035493474
0.540070881445
0.550608178766
0.556165425792
0.519714374418
0.53222174892
0.524363898224
0.544935646335
0.534914512694
0.546540949457
0.541274459467
0.54701933559
0.530943441928
0.534442903375
0.538885344778
0.526019184652
0.5382795823
0.546610407876
0.535770706387
0.53618708812
0.535261172705
0.52628373028
0.53852894783
0.53900319067
0.532607394998
0.541747572816
0.539979965824
0.524339193876
0.536759960101
0.538186507239
0.530088865033
0.536731464738
0.548662427679
0.539927566348
0.551747311828
0.535448861626
0.533186226119
0.55206394394
0.524065448465
0.538624520415
0.525985392648
0.537371134021
0.535065545823
0.542412002308
0.531476056675
0.548423678839
0.545289134019
0.544024619593
0.539466866256
0.545495827894
0.540823367065
0.548558378533
0.527959331881
0.53544600939
0.536952714536
0.544822476777
0.537514792899
0.53781314471
0.544969339087
0.544557329463
0.538924903907
0.560602775369
0.525258458647
0.528961748634
0.525151497323
0.517209869022
0.546662911856
0.551361523135
0.552377892031
0.540553184024
0.530573625074
0.537333865724
0.544502617801
0.541794058264
0.535048537907
0.534644083856
0.549164069141
0.549021825172
0.531345795516
0.546975473738
0.532188841202
0.535070728415
0.543154761905
0.526028048491
0.537910798122
0.530716103235
0.544410326396
0.535275005802
0.530900529723
0.520478968376
0.51738440893
0.531203254951
0.540189260062
0.552201119772
0.529347028613
0.533628112637
0.538150807899
0.533248007447
0.522809123649
0.527802825368
0.532784930854
0.553816466552
0.527922303156
0.527490996399
0.527101704879
0.522463160417
0.532650297356
0.53370322276
0.541852516944
0.544567776657
0.536989196806
0.529976894078
0.536556879234
0.531832115067
0.528525679042
0.533380556047
0.52863650167
0.536290790849
0.523330724306
0.534344023324
0.542466383174
0.545382436261
0.53099457073
0.542230517965
0.527989360416
0.53805227851
0.538604651163
0.525152625153
0.510447005192
0.538053505535
0.541117673785
0.523683894951
0.52939059501
0.528369004565
0.545321142341
0.536223484409
0.527333536029
0.528957756437
0.526718027735
0.540043915405
0.536285221392
0.531851320665
0.538137791871
0.527156933429
0.526067497278
0.540428948274
0.550856382684
0.5317348378
0.523136169445
0.537929430913
0.527759556324
0.540461121157
0.531130577929
0.518059728951
0.521271393643
0.538571089485
0.540291006837
0.513824321018
0.534257748777
0.519378416559
0.541963923206
0.533861755449
0.547828555209
0.538006905027
0.543145400593
0.528119454134
0.53964924547
0.536321483771
0.556213017751
0.547774280576
0.545131982151
0.555324959039
0.533939322394
0.543831259416
0.536037079954
0.535537387361
0.542895055674
0.534547591069
0.549074280616
0.537349676226
0.540224563028
0.54600743327
0.517239275035
0.542714133063
0.540118532026
0.524979331522
0.535166458357
0.530502111685
0.531130268199
0.538369098712
0.536427290087
0.538805268109
0.535120520048
0.535020600353
0.548158395297
0.54889230594
0.553681392236
0.533552902429
0.545251894784
0.548101265823
0.526608275445
0.544820887848
0.51569897832
0.516892725031
0.561054358757
