0.0912793886395
0.0866361394837
0.0824948238642
0.0788190530216
0.0760351167925
0.0735304478595
0.0710803347182
0.068794700726
0.0666144958341
0.0654958442281
0.0641429904193
0.0632841855044
0.0615080082257
0.0606346205138
0.0603934865451
0.0597874755132
0.0594258360906
0.0588543797459
0.0587326863011
0.058260040416
0.0576519582617
0.057431892497
0.0569791510695
0.0563478600929
0.0564298002181
0.0565468824328
0.0561904996372
0.0556557116709
0.0558069450939
0.0556379169942
0.0556655564927
0.055803631462
0.0553376799936
0.0552455670764
0.0550751418277
0.0549136586436
0.0549362711501
0.0544668909522
0.0544838110812
0.0547145820518
0.0543863779786
0.0554291458533
0.0561085009736
0.0550220386247
0.0545260626358
0.0550284434512
0.0541788901179
0.0542438273777
0.0544605142913
0.0547313105282
0.0544057875104
0.0538411845978
0.0541190388265
0.0540591480009
0.0542442053751
0.0536267718507
0.0535159962631
0.0538092740734
0.0534377341459
0.0540299790653
0.0537590397083
0.0537488927316
0.0530664594956
0.0533336312311
0.0533559519596
0.0532167445517
0.053325539349
0.0533591007326
0.0529151103044
0.0533822316822
0.0535149469641
0.0532044570154
0.05290498284
0.0529363387582
0.0529286266656
0.0530816558881
0.0530578517166
0.0531672655097
0.0534338697711
0.052960940089
0.0528198319342
0.0527981338178
0.0525973017331
0.0531388430045
0.0530813478414
0.0531139577934
0.0529260036247
0.0528080952926
0.0528950021397
0.0526081955333
0.0527511598403
0.0525389439283
0.0529726055445
0.0530830821161
0.0530391217861
0.0530186125903
0.0530312659442
0.0529794512776
0.0526585114694
0.0533088167545
0.052731347189
0.0533386695211
0.0528001100874
0.0528444044167
0.0525919653973
0.0525869843862
0.0523128693557
0.0522038744748
0.0523001783518
0.0519352498861
0.0525059177357
0.0522519309167
0.052349234787
0.0526741115999
0.0526213410467
0.0523757758672
0.0523336733222
0.0522235118422
0.0518679556756
0.0524757088622
0.0524885623149
0.0519618201586
0.0519947967253
0.0520395304666
0.0523901472796
0.0523033278236
0.0520699793083
0.0522768569248
0.0523117507474
0.0525092997447
0.0523579115652
0.0523918544448
0.052530018443
0.0520810691699
0.0520516736576
0.0523977886242
0.0517683360004
0.0524151327368
0.0521207090634
0.0517305645107
0.052030372349
0.0516695721606
0.0522010079434
0.0520366060851
0.0521553398655
0.0520670877644
0.0517545676916
0.0523400434408
0.0523051740505
0.0519712107986
0.0517350816598
0.0521545159077
0.0517573432663
0.0520593599804
0.0519202288885
0.0518542616454
0.0518314396486
0.0521164454681
0.0519562865067
0.0517413325382
0.0516385373569
0.0521274988911
0.0521554242897
0.0512852728399
0.051898849896
0.0517943923236
0.0517072938132
0.051483834721
0.0513230365334
0.0519518542666
0.0519100559311
0.0519816816972
0.0518421435168
0.052163960991
0.0519208336243
0.0515759163618
0.0518213718272
0.0518305046396
0.0515731684025
0.0518162764545
0.051857375296
0.0516429313719
0.0517138802108
0.0514594169086
0.0519459998541
0.0514912796738
0.0517411064142
0.0520059986047
0.0512970037918
0.0518980147174
0.0513629408622
0.0519794905589
0.0516123867465
0.0513939902122
0.0515707167572
0.0513360865969
0.0515418665253
0.0516189333306
0.0518526517424
0.051452191546
0.0514068511569
0.0515716278652
0.0516819660347
0.0516393383429
0.0519073466539
0.0517188191949
0.0513889214707
0.0517660844611
0.0519301904637
0.0513154139058
0.05161017102
0.0516611778338
0.0512865814242
0.0512962899749
0.0514004805384
0.051475192112
0.0519036128038
0.0520339793672
0.0515518252192
0.051189865254
0.0510352310488
0.0506975013833
0.0513880531734
0.0513032675643
0.051127514074
0.0518102993423
0.0514644097918
0.0513064806678
0.0512624276814
0.0510352029154
0.051132812773
0.0514798093563
0.0511067737795
0.0514975219396
0.0514454335975
0.0513137649335
0.0512921851114
0.0510809382937
0.0511342314763
0.0516250375482
0.0512497505172
0.0513763120556
0.0513766220143
0.0512425281791
0.0510079386316
0.0511232705567
0.0515415630657
0.0512520054955
0.0513154030834
0.0513183088768
0.0516052020884
0.0515898263019
0.0512427266349
0.0516389353757
0.0513425258568
0.0512706215052
0.0513005099212
0.0514606654166
0.0515772759573
0.0512838410715
0.0511958337773
0.0510600602968
0.0512719654422
0.0511350719351
0.051112955338
0.0508704541735
0.051167024942
0.0510227403314
0.0510006344348
0.0511701303968
