0.608761692525
0.628020947686
0.636780293421
0.622539032309
0.633719308722
0.640070952327
0.635737658223
0.638454566966
0.641130490861
0.65071821661
0.648601367726
0.642228707216
0.65298841245
0.651698191885
0.646943205655
0.65166229415
0.652092669333
0.643087219116
0.642576139159
0.650603276668
0.649093871496
0.654085826659
0.643904111992
0.658598845971
0.651021259728
0.649595137165
0.649920736346
0.654008039091
0.657153197673
0.651949373196
0.652939772937
0.647029902526
0.63748751515
0.651398902399
0.650628952187
0.654374499713
0.656942538434
0.647329452539
0.65159568863
0.648818235024
0.659084034446
0.659016331975
0.63540083243
0.657902161832
0.653579744688
0.659381424836
0.654412670195
0.658778379213
0.65470240592
0.644826730419
0.652846892003
0.653668680025
0.64908720066
0.649234284707
0.656212229305
0.655845847527
0.645532776354
0.654148068369
0.650811776284
0.652663378884
0.647084489572
0.652902428597
0.661377804457
0.653511737127
0.649861446121
0.653591763162
0.65840001324
0.661763982782
0.646606458705
0.653598468277
0.646521242718
0.655402922534
0.650309866155
0.654778949135
0.654332496757
0.659267547565
0.652208096047
0.650324801835
0.654036429565
0.647639166492
0.653087919656
0.657200887637
0.649007253468
0.652520048467
0.649867890711
0.649401041893
0.654449291233
0.649075452995
0.652280388575
0.654797672724
0.656324286322
0.646152430506
0.653524208093
0.654495918525
0.650121457891
0.649910425003
0.660388049175
0.656971347121
0.660825705373
0.653035831603
0.649837714263
0.659095408462
0.645805643023
0.652646588671
0.648289449586
0.653823723826
0.652432175801
0.656254763597
0.651373994745
0.659312015234
0.657131172945
0.656360036655
0.653799539475
0.657137617535
0.654713666812
0.660019236963
0.649981270925
0.652555719957
0.653190954248
0.656975937177
0.654871932908
0.654739253205
0.656755271685
0.658431852256
0.65305031479
0.665146867879
0.645014833594
0.651025500131
0.645097019252
0.64286033528
0.657343234225
0.659492803114
0.657393580868
0.656058926915
0.649653590964
0.651282752382
0.657585506233
0.655757251559
0.653646045118
0.652815923693
0.659841863344
0.659528056391
0.651794589921
0.658506609496
0.651619149679
0.652291118131
0.656079967814
0.646761773316
0.654403421523
0.652089063105
0.656456400411
0.651336694968
0.649436147767
0.646029225721
0.643119781434
0.651253672885
0.653426102927
0.659437040274
0.651968854368
0.650358539947
0.65031919367
0.650065468804
0.64540589678
0.649213243807
0.652059078623
0.658651273394
0.645396308739
0.648837342547
0.646478255934
0.644943943108
0.650783759459
0.651801452723
0.656181713488
0.655278733919
0.653756473847
0.651900202348
0.652925707963
0.650281091748
0.648411478577
0.651566609133
0.650819125858
0.652184216786
0.646098827289
0.651112920304
0.655918287457
0.656880749217
0.650824055284
0.65709466503
0.64989715189
0.653137769243
0.654056520916
0.64880652164
0.642111031751
0.652855653902
0.65379222418
0.645937678267
0.650159707216
0.648265909693
0.656484756605
0.651956462244
0.649993628769
0.648083380403
0.65085555493
0.654577877937
0.65125246281
0.651610127253
0.652914525915
0.648687262451
0.648546317904
0.654166305187
0.659223045617
0.649910990618
0.645895675311
0.653529250642
0.648391500349
0.652813956036
0.649498886533
0.64415692159
0.646133322984
0.655917451032
0.655797547384
0.640851597815
0.650969284798
0.645265822938
0.656382287629
0.650704038513
0.658955560866
0.654208647512
0.659319138562
0.651173759973
0.655045744863
0.654415248031
0.662494518157
0.658025740267
0.651805895376
0.661509805423
0.651977424301
0.654270063081
0.651781779585
0.654195984579
0.656607351212
0.651994180234
0.658349100982
0.652581385192
0.654865148949
0.656815963951
0.643059620503
0.654122673944
0.653339406056
0.645347442981
0.64921567424
0.648803378188
0.651251739508
0.65238520914
0.651962262375
0.655247076587
0.65040042978
0.652515650378
0.66054082023
0.660058017624
0.658450054793
0.651345299181
0.655272176207
0.660342179465
0.648814786483
0.657201113883
0.644102142578
0.643874274913
0.663541404041
