0.0799476426622
0.0568484017812
0.0527124557766
0.0493733982708
0.047537367266
0.0462879203129
0.0456837688643
0.0450359436521
0.0445124650018
0.0441337658425
0.043857550974
0.0435851683999
0.0435161375218
0.0429264080949
0.0427347941457
0.0429005273467
0.042469219922
0.0421111285179
0.0420816128121
0.0420529902785
0.041746546804
0.0414283223631
0.0413463813774
0.0410650821726
0.0416330638182
0.0412896673666
0.0412441326474
0.0406276648956
0.0406978228533
0.0411469138429
0.0406517825872
0.0402157417027
0.0406751929619
0.0402097826044
0.0402081828469
0.0404086587983
0.0398170018335
0.0403382296711
0.0403351532911
0.0397952441706
0.0406450657187
0.0396114606997
0.0402509867195
0.0401065814133
0.0401055096586
0.0399613157491
0.0401127558804
0.0396482086512
0.0396436662793
0.0397104382466
0.0396693501645
0.0398981295786
0.0396684121988
0.039262150162
0.0397453814264
0.0398649749225
0.0394407462822
0.0397041255151
0.0395665454742
0.0396852344845
0.0393412435895
0.0396406108643
0.0395343350296
0.039248098694
0.0392851137329
0.0393968190314
0.0395289264645
0.0394708601008
0.0392471904297
0.0396322599392
0.039279233566
0.0394427460123
0.0392574389976
0.0391532341487
0.0388747937332
0.0393236297564
0.0390422371859
0.0392740460825
0.0391896272224
0.0388223875565
