0.759647886955
0.811575341151
0.823897349031
0.826825293597
0.83254358222
0.839105332012
0.842934180362
0.845329261064
0.842949449918
0.8444934783
0.844248583712
0.843336540425
0.845478902709
0.849495319372
0.852864045112
0.851242796405
0.855056666048
0.848203544049
0.846268295109
0.849679659265
0.849338086576
0.849882351709
0.849365193673
0.851741252871
0.849644699254
0.855152442518
0.851235321594
0.847295921662
0.850526523364
0.855209623368
0.854033431311
0.855083220533
0.851821701616
0.853626621263
0.852297093782
0.849901838571
0.856539703462
0.850767869597
0.853140293187
0.855109949526
0.853232317709
0.854910660011
0.853887279849
0.854865025854
0.855972577623
0.85558569071
0.855002946297
0.857126054399
0.851411750403
0.856957245826
0.854642526614
0.855577430608
0.860483582465
0.857363386921
0.852703409386
0.858264174365
0.854700347331
0.858394561828
0.854776753279
0.856225150616
0.853282372767
0.857999967425
0.855459055196
0.857321446542
0.856938602426
0.851852938764
0.858202950718
0.857677910683
0.854799439476
0.856283145843
0.858360212599
0.854596717947
0.858571019721
0.8550298498
0.855750340148
0.864216072647
0.854312995061
0.858295178834
0.856252315883
0.854508474458
