0.659523809524
0.722091380122
0.739522378618
0.740873355647
0.748326848249
0.761092965825
0.766954574536
0.765205202087
0.76601161588
0.760112744725
0.765719682065
0.766441351889
0.768027801911
0.770415305646
0.772277227723
0.769501376568
0.780904204869
0.765999846708
0.76703125
0.776725521669
0.768732155259
0.769921089277
0.773179592481
0.773505603985
0.769159527668
0.780368678116
0.772469509827
0.776204427083
0.775400221905
0.775397373877
0.780872056015
0.776421508035
0.773027081555
0.771417711897
0.775997486648
0.775137111517
0.779653107257
0.773930113859
0.777436865707
0.774865900383
0.778242677824
0.774727802484
0.772363303592
0.780507068952
0.780637062608
0.78367803242
0.779778284456
0.779724073787
0.774750726231
0.776707932141
0.776803043242
0.773884624154
0.78648161217
0.775355737209
0.777462121212
0.778389118142
0.782407407407
0.779820041529
0.778359784223
0.774787104623
0.78222365349
0.782066276803
0.780806807438
0.778796517451
0.785349505267
0.782693717917
0.779909097912
0.779734321903
0.773416660316
0.783160231507
0.782162035956
0.779757212675
0.782642567778
0.781074452093
0.781272168361
0.783014606234
0.777595500352
0.784119496855
0.780270460408
0.778099335158
