0.0659592166346
0.060324548772
0.0584414235327
0.0570618095114
0.056090428974
0.0552982086535
0.0547538595235
0.0541546675571
0.0537614349782
0.0532228105737
0.0528431949334
0.0526401330218
0.0523499124827
0.0520115143603
0.0518667399009
0.0514526944925
0.0511587655647
0.0510506486041
0.0507789982824
0.0506609575351
0.0503737692841
0.0504036421842
0.0501909742596
0.0500919604809
0.0499121857291
0.0499595287224
0.0497483944563
0.049573014968
0.0494082242561
0.0495970839063
0.0493652591059
0.049230563188
0.0491506831814
0.0491411386575
0.048963164513
0.0488704931972
0.0488513413066
0.0488694174407
0.0488978424878
0.0486481521445
0.0487525068971
0.0485427555589
0.0485626018929
0.0485186706548
0.0485953684329
0.04821090588
0.0483794889126
0.048451320135
0.0483866260421
0.0482942192239
0.0481702660346
0.0482614411258
0.0480140101267
0.0481200974991
0.0480301248893
0.0479574374753
0.047888286787
0.0478028786952
0.0477811426153
0.0477435020626
0.0476952405589
0.0479339471017
0.0477050773396
0.0477346612488
0.0477598674448
0.0476130847182
0.0477575880486
0.0477309874994
0.047510025699
0.0476613480301
0.0475085694699
0.0475847650241
0.0474456164505
0.0473998613659
0.0474033141783
0.047398393675
0.0474602816901
0.0472645988197
0.047249370642
0.0473352524216
0.0472594806258
0.0472432957354
0.0472659779044
0.0473543725231
0.0470736662048
0.0471440150352
0.0470770185379
0.047139787147
0.0470747471853
0.0471622022608
0.0470523247831
0.0472791589545
0.0471327782475
0.046981971098
0.0471242061492
0.0470385992719
0.0469833412248
0.0470675490723
0.0469945564756
0.0469229697742
0.0469001489515
0.0468321892678
0.0469151014006
0.0469657715019
0.0467626842125
0.0468573597484
0.0467702637924
0.046757983371
0.046884962022
0.0468895298323
0.0467886273707
0.0468479379297
0.0468083984695
0.0467347281403
0.0468990349284
0.0466271428823
0.046805760003
0.0466998057472
0.0466075287939
0.0468166889006
0.0468515916409
0.0467946226903
0.0467611126757
0.0468494605427
0.046583937035
0.0466179215337
0.0467023448017
0.0465648061096
0.046577715394
0.0466333854993
0.046673600869
0.0467043804703
0.0465206478045
0.0465124608061
0.0465392650004
0.0466175326851
0.0466350947933
0.0465904719016
0.046441503676
0.0465279417452
0.0464509945643
0.0464679831147
0.0465862332342
0.0464128583701
0.0464492839959
0.0465652335675
0.0466088903594
0.0464431002129
0.0464764319305
0.0466291496961
0.0465130201382
0.0463125196283
0.0464346819684
0.0464536582196
0.0464105807508
0.0464385920345
0.0463606170601
0.0463703073608
0.046524565484
0.0464198124452
0.0462810682962
0.0464918986683
