0.554586147579
0.561310333032
0.55021930733
0.560526307562
0.597480044088
0.607930679827
0.605740588866
0.601480649962
0.616499423394
0.595074895799
0.620215144125
0.602010498072
0.606238214028
0.57034781423
0.608481455714
0.613149858196
0.610705171664
0.578246862092
0.614542163803
0.617947604965
0.6285339953
0.602649180904
0.603171295507
0.58453252064
0.619849441085
0.619124932087
0.594292159248
0.602178849265
0.593696350076
0.587388779923
0.595590565812
0.638590571804
0.57600544066
0.614073765541
0.592681234648
0.610077784003
0.621963982943
0.593240727871
0.621067482245
0.607998879354
0.62486933423
0.615692649895
0.605413248275
0.594730041692
0.598240982158
0.609693922989
0.622445722877
0.626344356831
0.592756975716
0.607547689518
0.611552693481
0.619598904233
0.589889534385
0.606512482738
0.604399003551
0.629395390125
0.578808514937
0.596482442175
0.599655199369
0.571014853257
0.598336588331
0.598798010668
0.609613026249
0.627318113763
0.609540846845
0.622010723358
0.622071528748
0.613880811784
0.599046048527
0.586149663584
0.58672936128
0.600446845223
0.639638441517
0.598558960954
0.612395059627
0.594763022222
0.600360148352
0.602880157741
0.613191216693
0.635942201958
0.606886337499
0.609054821944
0.613688197396
0.612421369321
0.594144656987
0.620927939738
0.589438344549
0.637879709567
0.590916894534
0.598369568861
0.576844358264
0.609601652234
0.604565952703
0.632770541715
0.612069007953
0.61533596928
0.644114760947
0.631166253671
0.546421095851
0.594658167377
0.617163771462
0.573689453954
0.598290074162
0.625436674084
0.59410125199
0.615574035165
0.600325347568
0.584806902474
0.628522203072
0.571003252996
0.611868852024
0.594012621743
0.646056214154
0.609604761405
0.63958419384
0.628428835365
0.567749293971
0.622199470992
0.582544292739
0.632647947108
0.614131766848
0.625233103894
0.620520233742
0.597899655435
0.611530781876
0.618197994414
0.619893264295
0.607698832286
0.58377427353
0.595865365858
0.610777464191
0.615092408354
0.612015065366
0.61187753508
0.632770733681
0.595422859077
0.587996946937
0.612664782845
0.604771456271
0.61415970483
0.597702642958
0.600562542748
0.586398267058
0.62208278964
0.599246735791
0.60804292881
0.636727176976
0.594806845432
0.621775348433
0.621107212454
0.631793528209
0.621680578685
0.615094341731
0.623757210587
0.625023812416
0.607617177963
0.622328928401
0.598729663737
0.623970142573
0.6009850713
0.582378858751
0.644860537091
