0.224728071051
0.252637692382
0.209314072128
0.246896686541
0.381352442138
0.407576852075
0.407278481013
0.393091705181
0.440574533006
0.37027049802
0.441700960219
0.39426349052
0.405312424994
0.29274112141
0.418651252408
0.427263635664
0.419541126892
0.319215336603
0.428405662567
0.437036470678
0.473080688016
0.391786447639
0.392163319065
0.337165423431
0.444527792364
0.441707593502
0.366431665676
0.390797041906
0.364194373402
0.344339622642
0.369856054191
0.493706198544
0.304116133774
0.427654473745
0.363574641433
0.414765525982
0.454704086084
0.368315171836
0.449926144756
0.416634399442
0.461615943593
0.426014978321
0.406245046759
0.370420168067
0.379428190381
0.419091967404
0.447911955375
0.464595738575
0.362271874467
0.406714320135
0.42078125
0.447302291205
0.361022364217
0.406790467841
0.399935494275
0.469626335796
0.316785295973
0.379438174479
0.382805354619
0.292947891733
0.383597666201
0.380460153384
0.419569592816
0.46464208243
0.412970910825
0.451850759475
0.452107279693
0.430780952381
0.391562399743
0.348421322837
0.348691548692
0.390438247012
0.497957543695
0.388857488898
0.421564018179
0.37089871612
0.390410402275
0.391840763283
0.428341631559
0.485851352291
0.409518539015
0.415903576739
0.426612965688
0.426388142232
0.366046393067
0.445864661654
0.347970608817
0.49063876652
0.36308623298
0.384047267356
0.312888408538
0.413278271919
0.399352750809
0.47527590655
0.42068099796
0.429962894249
0.504233301976
0.480297090984
0.197355035605
0.372108559499
0.443146532604
0.294828869048
0.381669286128
0.463215258856
0.367736486486
0.430667078443
0.38672486206
0.3351905899
0.464783592439
0.291080680977
0.42582228015
0.367491763116
0.515513733469
0.416228517618
0.496591752716
0.46813391641
0.274710681085
0.455153365315
0.337889273356
0.480089267034
0.432542989167
0.459030772604
0.447583643123
0.389210019268
0.418806111199
0.449728948319
0.447875877355
0.412867791291
0.336224266316
0.3749270651
0.423390195174
0.435959110042
0.42604094778
0.433706366264
0.48231156472
0.373800584063
0.344549596916
0.436948853616
0.405413962324
0.43008117629
0.380471659082
0.39346636627
0.343235473473
0.459028074676
0.388464662876
0.415414558194
0.493119420017
0.37587657784
0.449262405007
0.456922417488
0.485235757046
0.454927536232
0.43611507549
0.459956865564
0.464326321774
0.415924405546
0.454159964907
0.391613987357
0.458831197045
0.392484004212
0.331157374735
0.507395370432
