0.088187266406
0.0694873902487
0.0581038381762
0.0475838247586
0.0430744233447
0.0404202373584
0.0392713785797
0.0374054293683
0.0363880334229
0.0361649992985
0.0348957840558
0.0349957750469
0.0343131784859
0.0338767067612
0.0342614010041
0.033129159273
0.0329735849499
0.0329294788951
0.0324123790257
0.0324817618844
0.0328354327101
0.0320743696689
0.0320412728671
0.0316327135654
0.0318181564054
0.0318847779654
0.0313646140162
0.0313861904814
0.0311423892384
0.0311697740881
0.0314847844478
0.0312796167703
0.0311774926746
0.0309368351579
0.0305633608923
0.0309238022729
0.0307592475283
0.0306577861137
0.0305489652396
0.0301829781688
0.0301340925642
0.0303597545968
0.0304379450707
0.0299181099493
0.0301989936301
0.0300389405171
0.0302919658274
0.0300693761274
0.0300434059495
0.030378248262
0.0301415532504
0.0297456963922
0.0301651850642
0.0298882147471
0.0301840962088
0.03240207854
0.0299601175383
0.030185560968
0.0293314687852
0.0295236454556
0.0293581740853
0.0295389636649
0.0309971630685
0.0310215650369
0.0297080349611
0.0291768165795
0.0292081996642
0.0291641738512
0.0295060995531
0.0300287724989
0.0294797938559
0.0294018589046
0.0292363554325
0.0296480005779
0.0293635793024
0.0292818984693
0.0294898575215
0.0315602278738
0.0330157748294
0.031997118846
0.0308696451524
0.030723006804
0.0301702314872
0.0300865381477
0.0292804904828
0.0298093228514
0.029433395608
0.0307791305235
0.0313149900539
0.0300481580619
0.0302468670665
0.0297977616165
0.0301067255628
0.0305689993404
0.031602393967
0.0318001529856
0.0311710858317
0.032526901893
0.0319498191341
0.0324232771856
