0.472820715556
0.530981005905
0.640077993441
0.696549944076
0.72
0.730643044619
0.736958181356
0.755366949576
0.748105899379
0.752935499437
0.757639112255
0.760898699251
0.761554793402
0.769268734063
0.768453641845
0.764771107239
0.771051968768
0.767575210117
0.767230806966
0.7725698843
0.770845384679
0.773176811128
0.768684422922
0.764276649746
0.772716079783
0.771041311582
0.772682767624
0.772600948177
0.771964461994
0.772799744898
0.772927513016
0.77684193311
0.772456055475
0.773223819302
0.776961175907
0.777159930285
0.773498694517
0.776856817812
0.77203989704
0.7784371909
0.775080240309
0.780853983372
0.776330599775
0.780235139357
0.777937420179
0.778110944528
0.77261894979
0.772818455366
0.770320245495
0.778134518811
0.776260841632
0.775354969574
0.776317923763
0.776821192053
0.669287118099
0.774882104741
0.77514550373
0.771164450211
0.77598523156
0.775510204082
0.773367072592
0.777262180974
0.765855670103
0.774801104075
0.7755792322
0.778343739731
0.779674665808
0.7792423112
0.77562878725
0.773783675111
0.773939951493
0.769114179859
0.773076294723
0.775069472013
0.776453298498
0.776928083306
0.76954069299
0.773562009546
0.762916700462
0.761070559611
0.775345992919
0.768855682265
0.769831584086
0.779933972139
0.77431462141
0.768322102986
0.768497204867
0.755484643
0.771468716423
0.760226983993
0.768146813043
0.776019575856
0.773734433123
0.771820346498
0.778418107408
0.776026782069
0.773857257418
0.772067039106
0.771200260926
0.765718123059
