0.639733943262
0.663067162195
0.744379116599
0.784571640974
0.806574139946
0.81318172749
0.814013787391
0.829282790425
0.821403147099
0.831804273963
0.835299635218
0.840373810356
0.836150658452
0.840765234508
0.841481827484
0.842646618273
0.839270737656
0.845915757425
0.840113617128
0.839546753053
0.84127119487
0.846789874045
0.842945785225
0.84207940518
0.843551535768
0.84390017608
0.844360153266
0.844049730471
0.842700716128
0.847732601868
0.847153929337
0.847073684186
0.845858576575
0.843827492995
0.850530449821
0.84520352718
0.844954211692
0.847981946441
0.845893042143
0.847092938369
0.844892988046
0.851891156281
0.849131613099
0.848756272879
0.851373620141
0.845379868734
0.843321590803
0.841125683276
0.847743944967
0.84705076531
0.849242746379
0.841401756842
0.847866944873
0.845322309781
0.763488718271
0.844011542039
0.845494666708
0.84411479332
0.849120095491
0.845214928448
0.8493230497
0.84549862225
0.837948277798
0.846617517118
0.841489913077
0.847495327516
0.851366058076
0.84685921237
0.844084399633
0.847215298408
0.841842392591
0.837507758389
0.844486643356
0.850012971851
0.8470123442
0.847870813161
0.843800444068
0.846203552193
0.838040069641
0.836698646448
0.848288442779
0.846705295249
0.842677593658
0.851569186793
0.845548270119
0.83856542961
0.840286148564
0.834736144987
0.841696619233
0.830501766324
0.84050073672
0.84683603173
0.846387513983
0.842857832584
0.845211263755
0.846690403797
0.847671349136
0.847027410161
0.843371325927
0.835518586103
