0.141979646784
0.130011547821
0.128287912167
0.126976798981
0.126914853546
0.125740550516
0.125479009417
0.12529886418
0.124885082785
0.124547255456
0.124319768485
0.124190350283
0.12399801608
0.123327927269
0.123584713606
0.123521952406
0.12296349425
0.123445102886
0.123663354626
0.1232313553
0.123217426673
0.122843104848
0.122337343152
0.123323413966
0.123301881841
0.122927978866
0.122996728157
0.12286797933
0.122538377537
0.123105082729
0.122826709308
0.122937996965
0.123016002489
0.12319132888
0.12275718277
0.122706923686
0.122568345936
0.12262164244
0.12232408909
0.122881030917
0.122071801022
0.122211571911
0.122689583401
0.122508145119
0.122562435361
0.122628152667
0.122512589382
0.122906133126
0.122357616934
0.122270487217
0.122380762671
0.122588871418
0.1218721177
0.122758033613
0.122446926412
0.122462153702
0.12232772231
0.122621796053
0.121790310233
0.121991721576
0.121611306269
0.122492876722
0.122051276938
0.12253572181
0.121839144413
0.122756754008
0.122349210854
0.121753668915
0.121451975821
0.122045006632
0.121936771479
0.121527011108
0.121943050095
0.121856478257
0.122731441793
0.121952510938
0.121769155025
0.122356774921
0.121857233773
0.1221564332
0.121979555809
0.121925481366
0.120993182543
0.121518347407
0.121438261651
0.122397587288
0.122319286017
0.121847541419
0.122210029531
0.122123335579
0.121720153718
0.121979190683
0.122484798675
0.12227179304
0.121804505618
0.122101681382
0.121823522774
0.121999173968
0.122033035602
0.121255736436
