0.464336940931
0.473987722453
0.471594894095
0.473946411741
0.481118012422
0.471753289911
0.483044028049
0.473188496798
0.480778017101
0.472269012415
0.480386688976
0.480880182477
0.475939353988
0.470103092784
0.468880753138
0.482077726072
0.472842606053
0.468747892927
0.472580645161
0.480553807426
0.469904417463
0.474473647998
0.471899736148
0.472687345594
0.470283894932
0.476124663119
0.474388862985
0.47841322314
0.484575345944
0.472393442623
0.475266483692
0.474288204532
0.479492868463
0.46951499639
0.476107732407
0.477921036809
0.476543209877
0.470572113738
0.472067401167
0.479323984178
0.47181127549
0.460645256118
0.471221020093
0.468287308037
0.467362440561
0.483764339879
0.477363681841
0.474160466519
0.458155918557
0.478463546522
0.472132979466
0.476239338165
0.474040929131
0.47216507699
0.473401467505
0.484271742004
0.47674570942
0.476380230092
0.476536202231
0.475008431703
0.476039001452
0.481542626956
0.462340258442
0.472864796722
0.472150302065
0.45897476591
0.466550573211
0.478539522237
0.479251012146
0.470932607216
0.464863376695
0.481945026648
0.47788941289
0.47806881105
0.46896824351
0.473621578739
0.472925981123
0.481988171336
0.48001596063
0.484749386831
0.473456706741
0.469130527665
0.48004174276
0.477603085138
0.480710229127
0.470682516362
0.476150121065
0.463864613677
0.47623388462
0.474609138286
0.475321244146
0.478293043907
0.475773229582
0.470219881876
0.470472163495
0.475141020596
0.472663849198
0.471131639723
0.471786833856
0.472494348154
