0.205054976439
0.239494644328
0.244736122505
0.261959304676
0.30947476828
0.333911750124
0.312121212121
0.287137799921
0.281188118812
0.35298407682
0.248481501933
0.382482743012
0.285979572888
0.289613934746
0.318844252946
0.359315589354
0.33754056978
0.371431846842
0.344571975132
0.381105251089
0.419584885577
0.363291888692
0.353604414058
0.377534374272
0.349952290076
0.409164947334
0.384089354912
0.350067842605
0.399647110719
0.355534259703
0.324535926253
0.37621471541
0.396953306104
0.367657383571
0.375515665069
0.404660786235
0.380121657294
0.416622041341
0.37634902411
0.387598647125
0.437282045863
0.33137426535
0.408311345646
0.419183717657
0.421230704166
0.369863013699
0.37795095118
0.396853932584
0.381528805201
0.366736743751
0.373425765453
0.384345662255
0.386850667564
0.426914153132
0.358818011257
0.399866116256
0.407854322071
0.383685800604
0.408716392021
0.41797752809
0.388502338314
0.420328215987
0.384358826912
0.379694969269
0.388479419435
0.365770630356
0.413859894544
0.429128464538
0.403019363308
0.401696049989
0.384606829051
0.364423639555
0.396320514241
0.393383594014
0.389128273119
0.409782608696
0.428571428571
0.339404380999
0.406750324535
0.400787143326
0.392513013623
0.405393554045
0.39537726414
0.376359009947
0.349722824777
0.393925859759
0.331868131868
0.398446170921
0.407570706528
0.364491475603
0.383849937093
0.458867778957
0.387221905305
0.402634467618
0.358707233337
0.376064441887
0.363208102697
0.344101633394
0.344518473652
0.426372712146
