0.622381358461
0.590774512581
0.621772234073
0.675784200751
0.672350150398
0.663293907825
0.650524080235
0.659833302988
0.675036894155
0.692981065169
0.664723632677
0.692436829121
0.689179265747
0.698626438029
0.689914996565
0.68415081202
0.675876399782
0.683537644835
0.690873139368
0.703938352877
0.70454768086
0.683096863662
0.710426663378
0.701335955237
0.693122824815
0.713734194556
0.639118391118
0.71804195434
0.686254898619
0.677719798709
0.696457230411
0.692394772402
0.695115661794
0.707766881294
0.717444027626
0.715508662346
0.73415761788
0.71737498015
0.717037770191
0.701059852586
0.685860216961
0.648420022721
0.696675774108
0.743359604725
0.708908927717
0.699243386246
0.698312030607
0.693621135857
0.717072293929
0.678436508024
0.719260668475
0.689160011564
0.710242701589
0.700458348433
0.707406723374
0.711181764719
0.710219782713
0.684568703402
0.695629300561
0.711710702126
0.690961179263
0.680835806032
0.681514094236
0.733977611632
0.718022903752
0.722277001955
0.724955892798
0.702378444157
0.707855212037
0.705325701076
0.721468326288
0.743677880434
0.722568228737
0.726492766303
0.71874333593
0.709311549543
0.732088229528
0.714389563884
0.722717608619
0.727201768127
0.716673743985
0.714297481192
0.727228526206
0.724273532712
0.682966563454
0.715305533629
0.707663630013
0.71413286084
0.715213712701
0.70113282652
0.726860660797
0.712806765373
0.690194763909
0.708364778923
0.682410926138
0.696736939585
0.720065504939
0.694521719707
0.717317595705
0.696629558253
0.714504449112
0.727117334756
0.706762813484
0.743010673565
0.676140868486
0.714048456553
0.719640138746
0.692873771092
0.721767202391
0.716026023976
0.666923612085
0.729673603795
0.691812086159
0.708602518633
0.721142488513
0.742976353421
0.72112335067
0.698024730281
0.714945230285
0.689332543001
0.686883509869
0.728087198761
0.70581243634
0.698526822356
0.733467986577
0.723530181658
0.694966340082
0.700086527482
0.729604788998
0.726170796815
0.702029716591
0.715684916646
0.725760729262
0.72359914188
0.738128196791
0.696756193768
0.720092292103
0.72912555763
0.713419816219
0.71845583201
0.709537626221
0.702064240329
0.722288286884
0.724530352096
0.716102459009
0.694138439318
0.713151421058
0.71050333109
0.727255255199
0.713833897483
0.695238487191
0.712101515496
0.697422964365
0.720506257028
0.743601009129
0.728355128564
0.71340088197
0.707935515358
0.724779551244
0.743612701245
0.703125808923
0.714623348052
0.730390254941
0.713703480935
0.734410481721
0.744240905307
0.715090945473
0.707207404775
0.701335926152
0.713741814791
0.727891603024
0.719801036236
0.713791724424
0.718053559203
0.718329458259
0.721100431794
0.690160269256
0.731218272045
0.72204699882
0.728194434669
0.709690961645
0.700397037532
0.708702017966
0.696070023565
0.717286823915
0.721663689346
0.697944019773
0.725634181002
0.724695234212
0.706766681771
0.736805940526
0.697825149918
0.718843038857
0.720452595446
0.736211794845
0.715347648518
0.73792134521
0.679548073506
0.717781412094
0.72986530216
