0.416518333927
0.324367723806
0.409576427256
0.530178254978
0.524211184005
0.506068091505
0.476896748431
0.497286521209
0.528535459505
0.560728537808
0.507377855503
0.559795396419
0.553666423282
0.570560842276
0.555338608571
0.544982339497
0.529103919684
0.54368729097
0.557037340993
0.579626112166
0.580651569329
0.543029797875
0.590198726606
0.575268817204
0.561074918567
0.595519661571
0.45133262886
0.602222011205
0.548767860841
0.532953105196
0.566768603466
0.559486861163
0.564720048164
0.585915492958
0.601192165768
0.598315144553
0.625415356982
0.60095927772
0.600548878584
0.57489957872
0.547790661235
0.472075384969
0.567019853924
0.638388123012
0.587725214375
0.571714543089
0.570173687363
0.561788534509
0.600664451827
0.534193002854
0.604019247099
0.553903345725
0.589904449377
0.573749122631
0.585380231873
0.591505491301
0.589940655706
0.545186122535
0.565481002425
0.592411976982
0.557470099331
0.538133787814
0.5397595444
0.62569324484
0.602439727212
0.608951261142
0.612833723653
0.577011265078
0.586162525982
0.581951752209
0.607688656858
0.639791704076
0.609261529756
0.615211900084
0.603364699173
0.588536033822
0.623242994947
0.59656198982
0.609231919267
0.616202106833
0.600114416476
0.596254396806
0.615997037586
0.611295681063
0.542761785565
0.597989468645
0.585870646766
0.59628051143
0.598130841121
0.574927810415
0.615657036347
0.594113090627
0.555863342567
0.586897356143
0.541372404343
0.567354368932
0.605255721955
0.563503352977
0.601083547191
0.567269076305
0.596594692286
0.615668202765
0.584304888802
0.637012534819
0.529481005886
0.596006144393
0.604717249219
0.560500410172
0.607974361391
0.599066044029
0.511045169799
0.619260611593
0.558775510204
0.587367178276
0.606998019428
0.637883747678
0.607034795764
0.56951627624
0.59734808738
0.554018924821
0.549661281918
0.617932072631
0.582763066548
0.570354566697
0.625413755057
0.610672679444
0.564201937787
0.573165869219
0.619812459382
0.614609571788
0.576406969758
0.598513719512
0.614046572524
0.610699896936
0.631267908309
0.567255642937
0.605196510646
0.618494466295
0.594862036156
0.602778565353
0.588868238286
0.576451677718
0.608372783811
0.611795204148
0.598787878788
0.562880324544
0.594279262326
0.590338164251
0.615694902824
0.595765251861
0.564616801392
0.592906707787
0.568544316576
0.605952156715
0.638466273855
0.617061869719
0.595168517436
0.586190152472
0.612427691734
0.639555714798
0.578265204387
0.596928982726
0.620163487738
0.595390647413
0.625411806607
0.638578240139
0.597712198404
0.585040682286
0.575285359801
0.595463680735
0.617141795896
0.604795486601
0.595674840703
0.602476720745
0.602807754751
0.607204116638
0.555806319245
0.622103222232
0.608457617519
0.617811799851
0.589147286822
0.573637185022
0.587426135813
0.56627719581
0.600808346649
0.607723386263
0.569646569647
0.613613148853
0.612298217785
0.584324909037
0.629287953426
0.569516874939
0.603650960528
0.605855219806
0.627997868183
0.597979412886
0.63149321267
0.535657008446
0.601971480524
0.619808893789
