0.0647674791808
0.0567099892742
0.0526930484383
0.0497703579504
0.0488948955213
0.0472625937148
0.0464583781878
0.0463372962097
0.0452099228127
0.0444069290888
0.0441146780062
0.0435943952984
0.0424559961894
0.0428382677933
0.0426570140373
0.0423175959797
0.0424587023635
0.0418581706311
0.0417142211205
0.0418228797993
0.0416237574574
0.0408704937193
0.0412461067082
0.0411003191836
0.0411081395193
0.0406992579823
0.0406972988437
0.0405378726401
0.0403029235885
0.0407739094666
0.0404512713779
0.0397701256451
0.0402897448208
0.0401002774749
0.0401546923658
0.0397572141655
0.040036826692
0.0395128892569
0.0393289673741
0.0392460206292
0.0393868597152
0.0392507063746
0.0387781652239
0.0393166438982
0.0392830271459
0.0390473985365
0.0388090671371
0.0389988069609
0.0389758445562
0.0387850967505
0.0388818459394
0.038670237244
0.0387945901612
0.0391282224294
0.0386394839262
0.0387585531592
0.0387269580199
0.0388127436896
0.0383045118123
0.0386410569739
0.0383883381941
0.0383243158359
0.0387308624433
0.0387785290279
0.0386811256514
0.0386317796074
0.0385958082842
0.0385616448482
0.0382738938872
0.0383151271902
0.0383523622758
0.0384387416528
0.0384091399309
0.0379503541649
0.0381148185962
0.0376676237945
0.0382354164255
0.0381278756362
0.037877777124
0.0379516501842
0.0378277131933
0.0373827947299
0.037919801498
0.0378102100999
0.0376030694376
0.0372268573517
0.0373387567006
0.0372948645208
0.0373761108641
0.0371209308184
0.0372677901827
0.0380049847785
0.0377547788636
0.0372978263862
0.0377121109169
0.0376351085474
0.0370642940802
0.0375640807486
0.0374930744989
0.0374894468455
0.0377099857158
0.0371468244707
0.0370499103187
0.0374238500735
0.0370687982274
0.0373305384532
0.0372757998513
0.0370002654538
0.037383110286
0.0372939325009
0.0369313186651
0.0372689057202
0.0367887554717
0.0366480715775
0.0372481580706
0.0368633152003
0.0369961618424
0.0369006191442
0.0367726185097
0.0367937825779
0.0364409862768
0.0371742404261
0.0372569933167
0.0365888178716
0.0364777683752
0.0367910308238
0.0360067972162
0.0370287999578
0.0368776947429
0.0370769621244
0.037734185021
0.0368614733854
0.0365766753268
0.0369679293027
0.0372842998859
0.0368737324648
0.0365510018599
0.0368946557589
0.0370049400863
0.0367769477958
0.0368602567796
0.0367668746908
0.0363534371202
0.0366783351873
0.0367531220866
0.0368581440534
0.036983555464
0.0365409711337
0.0367816271549
0.0369337780318
0.0367603973082
0.0367990614372
0.0366721737364
0.0366716984198
0.0367945514965
0.0367444723741
0.037000249331
0.0362673737371
0.0362351212266
0.0366411250829
0.0363828485309
0.0367690149559
0.0365570695438
0.0363710956567
0.0366604856565
0.0367693626171
0.0361874544745
0.0365275076478
0.0364542654448
0.0368459429317
0.03660859775
0.0363338584582
0.0363209523244
0.0361892696697
0.0368479893092
0.036266349276
0.0362631878884
0.036751301599
0.0368023871101
0.0367501058126
0.0363109197727
0.0363042955713
0.0360571040214
0.0364657706934
0.0363961591993
0.036483119916
0.0367179762613
0.0364930187916
0.0364329200782
0.0363512335402
0.0366012866669
0.0368180858452
0.0361174047529
0.0361252141606
0.0364978435973
0.0360430150531
0.036014031802
0.0361018622042
0.0361439164172
0.0364240292852
