0.0871632343852
0.0798425171564
0.0783461712374
0.0770604226012
0.0761634586962
0.0749038530751
0.0756247294339
0.0751717271025
0.0755086226401
0.0743013579349
0.0748403596467
0.0746328391575
0.073652569472
0.0738530623649
0.073809855963
0.0741756777584
0.0734367077799
0.0740038311446
0.0734795820804
0.0736768430153
0.0740170821936
0.0732670712569
0.0730136399676
0.0733663284028
0.0728241980448
0.0731532321004
0.0730196822128
0.0728322848295
0.0726109077573
0.0730221203458
0.0731407410736
0.0727875507991
0.072946848433
0.0726535901307
0.0726801198235
0.0724352557608
0.0727377530216
0.0725179354226
0.0726114301631
0.0726406040361
0.0728753336576
0.0721278680537
0.0722335969071
0.0727412745273
0.0724233158724
0.072066568976
0.0716791394561
0.0717947456742
0.0715528274955
0.071873240962
0.0723348557975
0.0724728896475
0.0726972401829
0.0721679497497
0.071963821102
0.0721289459183
0.0717183436011
0.0716025891735
0.0710512868861
0.0722388872807
0.0719595920848
0.0717283405107
0.0720657348989
0.0720695279942
0.0719835944185
0.072046282597
0.072040251795
0.07174237623
0.0721939096069
0.0714994049005
0.07165209593
0.0712393485953
0.0718144796799
0.0720723285133
0.072005573453
0.0720656833557
0.0718082297806
0.0719490565653
0.0720552849091
0.0718140350176
0.0715400619402
0.0719174021628
0.071948601102
0.0714064089032
0.072082643407
0.0720826827545
0.0715879637232
0.0715537942464
0.072046447776
0.0714967320375
0.0714347257917
0.0716892106145
0.0718195700047
0.0712632315678
0.0719187215605
0.0717245664534
0.0712482012562
0.0713950935764
0.0717268206971
0.0715832978089
