0.598419382854
0.607968992041
0.612261831288
0.623448220501
0.622478909108
0.622628434414
0.602703467556
0.624985152175
0.622950607496
0.622820045524
0.617435709354
0.619807289482
0.624284497707
0.631496265212
0.628816967181
0.626065655017
0.617795634594
0.620577485869
0.623168918514
0.625176559691
0.611437333453
0.615246724026
0.620788351161
0.62477044768
0.617435127656
0.617795605509
0.622543884703
0.617231795345
0.622389909412
0.623654752147
0.618297348565
0.624444406311
0.619592584987
0.618247497102
0.617025001934
0.621428131001
0.627817145762
0.630388422594
0.622777552532
0.622348143542
0.622443949097
0.624513628297
0.625574993296
0.623019480463
0.626425725682
0.62873253381
0.624808956045
0.606577979148
0.61842732884
0.613272821296
0.620845648351
0.617258844272
0.622444181776
0.620857514977
0.617672343839
0.62318741649
0.628541417143
0.61586006572
0.618151982396
0.61889073804
0.620626871975
0.611100094409
0.620209765884
0.622528324299
0.613851319319
0.625007780202
0.60604915808
0.616323300411
0.628989731297
0.624210389464
0.618396760644
0.621604821573
0.621056571813
0.626272390258
0.632500362107
0.626747346151
0.628135305132
0.621286865797
0.615354105358
0.622815857303
0.626080924573
0.624505804467
0.61545383737
0.620630972941
0.624138200822
0.62242120473
0.622447701045
0.61559920354
0.611092416004
0.623275514555
0.628054798218
0.623517122553
0.611916332142
0.624467034338
0.61981886526
0.618788068456
0.625042565704
0.612249644728
0.620041451754
0.619010276847
