0.0642481760071
0.0556449381099
0.0523131601142
0.050155363533
0.0489033583828
0.0479791861196
0.0470634953255
0.0463728258423
0.0458950704579
0.0453884147183
0.0448877456683
0.0447432906637
0.0443185134636
0.04413475501
0.0437096666151
0.0436994164306
0.0434071874829
0.0430632797423
0.0430656224278
0.0429768579156
0.0428444370245
0.0425744944816
0.0424901446565
0.042308487429
0.0423452500596
0.0422617997713
0.041904791332
0.0421505225826
0.0418535979881
0.0416853238062
0.0416965700128
0.0418472368729
0.041508356157
0.041369539602
0.0414599687431
0.0413353757167
0.0414019473171
0.0411861278997
0.041207405881
0.0411480565236
0.041071545966
0.0409669635188
0.0410033790048
0.0409141027173
0.0408682126676
0.0409957330159
0.0407408171802
0.0407888437318
0.0407407291897
0.0406995950698
0.0405959707661
0.0404563523423
0.0406760981672
0.0405614643816
0.0405089073116
0.0405541369578
0.0405219440137
0.0403355607686
0.0403726982613
0.0403897130017
0.0403878643672
0.0401897898922
0.0402828323334
0.0402757598249
0.0402226474061
0.0402923352743
0.0402267843288
0.0402813360182
0.0402743837116
0.0401897125575
0.0401270211977
0.0401240614516
0.0400530431768
0.0400004315146
0.0398625404364
0.0399486952259
0.039919658979
0.040099391757
0.040025742867
0.0399117517759
0.0399311405411
0.0399291217047
0.0399315264073
0.0398868556601
0.039854128386
0.0398040683115
0.0399031693386
0.0399800846525
0.0398554904012
0.039794742018
0.0398124913391
0.0397269229244
0.0396518349141
0.0396593830087
0.0398786699199
0.0397891093355
0.0396241210254
0.0395520083126
0.0395554287502
0.0396961245378
