0.464981729598
0.470751873889
0.46706388613
0.46046751461
0.485590891245
0.477250881128
0.486843138795
0.484094678125
0.478514323784
0.497623538287
0.513513513514
0.49433637997
0.499272668498
0.499172772394
0.488558543511
0.498617147373
0.495686640242
0.497533474278
0.494101899105
0.504740061162
0.496782696333
0.503309243058
0.490839440373
0.48835860469
0.501502195517
0.481116725186
0.478506882865
0.495711422846
0.497683868346
0.500426985482
0.513857237374
0.493086399061
0.505328665889
0.489279215128
0.491571416824
0.493050475494
0.483363425329
0.517425478274
0.493920605524
0.509246088193
0.492106147128
0.502536882367
0.497590961954
0.509598603839
0.488444407093
0.504491498235
0.491866188371
0.502261366341
0.498181243081
0.506035654329
0.496867429622
0.511645962733
0.50372745491
0.515135891581
0.509875177753
0.497855466537
0.501011736139
0.508868999186
0.498356884653
0.503617003983
0.505767524401
0.490805980409
0.501667344449
0.51336645375
0.50574893684
0.506125634023
0.497964500896
0.50522213562
0.506773157936
0.496324420389
0.514896520355
0.499712808731
0.503693974717
0.51568107349
0.501790947574
0.505117200396
0.497594261219
0.511927480916
0.496
0.506828031728
0.500128194171
0.500083430669
0.510197678067
0.490207816642
0.507825804882
0.502387310836
0.495075947254
0.505327736519
0.494391716997
0.5024
0.512596676621
0.509878299352
0.506196142799
0.510520487265
0.501604542088
0.518416628458
0.502673796791
0.504922874959
0.511732016054
0.511078998073
