0.0958181958184
0.0899044128566
0.0874352312734
0.0849118625731
0.0834543552305
0.0801453510801
0.0783778621378
0.0773486840531
0.075342408036
0.0747615065371
0.0737957212193
0.0729648762872
0.0721333002112
0.0709466000843
0.0708283351677
0.0699217307193
0.0691885965595
0.0690115971352
0.0682751663353
0.0680075627886
0.0673124530011
0.0668751701738
0.0664515646213
0.0657599591391
0.0657132965802
0.065384459029
0.0651670088697
0.0648953399695
0.0644071130705
0.0650205697168
0.0644428607805
0.0639846657529
0.0642759044315
0.0632816389666
0.063545219087
0.0632884175222
0.0629793816606
0.0632860817659
0.0631135504786
0.0627363918816
0.062983233171
0.0631065496016
0.0623136679363
0.0624053478988
0.0626404210139
0.0621806506145
0.0625786256297
0.0625190495944
0.0619634444013
0.0617963425615
0.0620484024891
0.061300499001
0.0618610082045
0.0615212980849
0.0618243270936
0.0612124804536
0.0613491302087
0.0611421912194
0.0613996105355
0.0614657541894
0.0613184902407
0.0614785246733
0.0612114575304
0.0608660504792
0.0607059752427
0.0609044921221
0.0608164552294
0.0604170319919
0.060396874062
0.0605402671687
0.0607078192044
0.0606503586313
0.0608902293651
0.0607706307827
0.0606032152418
0.060243832359
0.0600246751791
0.0608129020843
0.0609147908719
0.0602508295697
0.060317069395
0.0600369837683
0.0601675214422
0.0600764864314
0.0602396261203
0.0599556476432
0.0598557144521
0.0603532372718
0.0600098432668
0.0596111262595
0.060344893737
0.0598566983476
0.0606880233919
0.0600047976534
0.0597758216437
0.059812344169
0.0603181129121
0.059905174887
0.0596245058762
0.0594542195285
