0.497726823483
0.537400530504
0.614732104215
0.647384828542
0.661975456964
0.697870902332
0.714009972656
0.703759398496
0.729621799389
0.73031179685
0.735856802693
0.740355225114
0.743848580442
0.74504950495
0.734955950426
0.720090885257
0.739041376485
0.741144857911
0.723161891612
0.738304093567
0.74238002594
0.737393265668
0.742106551358
0.745608220086
0.740011033178
0.738938421798
0.731235660439
0.724053123463
0.712841253792
0.733711994654
0.729746936177
0.730917123456
0.729720575783
0.726721524469
0.737960810362
0.729132025274
0.740516181893
0.726533268261
0.728409090909
0.720790002622
0.73642384106
0.742339948518
0.722319551507
0.740826830483
0.742447003839
0.734533663282
0.733292883765
0.732773397326
0.727575303711
0.710677582303
0.714285714286
0.719889167893
0.744131455399
0.72119024562
0.738746112293
0.728910033132
0.736996463383
0.731553893234
0.738708875445
0.72394535613
0.72631940863
0.721096859797
0.708373775699
0.720027720028
0.72389752205
0.726277372263
0.738644585578
0.695439739414
0.740909474395
0.723286781423
0.727621037966
0.740353833193
0.730569078395
0.730263715764
0.731186440678
0.725370830833
0.724431086303
0.714362081254
0.727223622614
0.686388448671
0.704946385334
0.699946033459
0.718228220434
0.701159678858
0.677770659833
0.705073995772
0.629489225858
0.701867238453
0.696053584359
0.696915351506
0.708598013778
0.692364852313
0.691287000093
0.690059551077
0.685804533631
0.705976949879
0.70531924501
0.689591421705
0.630373644034
0.664803392444
0.670223916151
0.69532049493
0.709921600433
0.714808533429
0.689942284038
0.71527285613
0.689706291115
0.706703170538
0.682037037037
0.679069767442
0.659512195122
0.692235908921
0.705368289638
0.675490382784
0.711197388158
0.69822270584
0.709584865059
0.675631855031
0.693976352295
0.719390845375
0.692863171715
0.692991484982
0.68372666098
0.635301229095
0.663068619892
0.678519942335
0.695984363895
0.66290714633
0.682052725396
0.699378654971
0.67316886594
0.702697708795
0.712720086238
0.682173462661
0.658444207051
0.671935235158
0.667563930013
0.687855345326
0.676436781609
0.677038317488
0.65958690569
0.673121611154
0.649084394904
0.684130887082
0.656147662995
0.656583629893
0.703652842626
0.663046697601
0.696022990637
0.686803239638
0.684441058846
0.704367816092
0.691337414209
0.665630766243
0.692880110243
0.695265449829
0.690782674058
0.656862745098
0.694039490681
0.68557829605
0.658743633277
0.708127853881
0.684944593045
0.700794021485
0.688301886792
0.707195571956
0.677369137965
0.689157529754
0.683709754926
0.645063291139
0.688701581589
0.694266314598
0.689648729447
0.706628665992
0.643262987013
0.708838203849
0.703020437692
0.662778052397
0.670817120623
0.707434707435
0.6997127768
0.698753208654
0.683623298033
0.652952755906
0.581211398851
0.696535022355
0.660939968404
0.677841294448
0.66961130742
0.701226309922
0.655646837573
0.664436134619
0.676339717547
0.670915865856
0.641210520971
0.713414634146
0.687132840629
0.623068026496
0.702095808383
0.673750491932
