0.654704215619
0.675487476928
0.727936859079
0.750327117509
0.760843769469
0.786966838015
0.803051846104
0.79208711267
0.817565718713
0.815182126534
0.816838073488
0.819390677834
0.827476998232
0.822912855337
0.827323022942
0.79933511992
0.819386751377
0.821636436824
0.802650213163
0.819854232459
0.823065958082
0.820137751751
0.822107873448
0.822805590344
0.82467150096
0.817393972568
0.813718285133
0.808459915526
0.797744177646
0.813404226729
0.815845057928
0.813656945147
0.809130990683
0.804727541683
0.817098819329
0.810640844345
0.820456056546
0.811089013075
0.812687197481
0.799810366661
0.816332258551
0.820222417802
0.800622910616
0.819168440359
0.819712734577
0.811675945709
0.809161907898
0.809989634153
0.809441238969
0.793237361025
0.794460117957
0.800074719026
0.820387329003
0.799381190351
0.81929475594
0.808218860141
0.812220298097
0.810004874624
0.817849994212
0.803623654607
0.805221868098
0.798867667923
0.790535493137
0.800128380607
0.805853998617
0.80410285689
0.821295184069
0.788284847889
0.81739027879
0.808904390477
0.804811916885
0.81716030474
0.810652449208
0.809360964733
0.810069995643
0.804815581578
0.804010745114
0.793701351923
0.80126708227
0.775890971301
0.789933552711
0.783338006302
0.79901690238
0.784798153925
0.767589888238
0.788454354499
0.733629756612
0.785146939661
0.780287294508
0.781571129662
0.789500828046
0.775995007873
0.775377943316
0.775488960257
0.771786776507
0.787879608425
0.786553629297
0.774557720956
0.733955594387
0.756418274139
0.760392604998
0.777769533834
0.78976535492
0.793831681216
0.773166708064
0.7948204213
0.774469593807
0.78933588776
0.769594475504
0.766141519987
0.752566594168
0.775581130203
0.787630467446
0.763715492986
0.792436480103
0.781571246002
0.78997226467
0.763707843665
0.776857374206
0.799798761799
0.775627171549
0.775868605037
0.769153956095
0.736772609267
0.755348968971
0.765041675707
0.781666847962
0.754804820177
0.768755260725
0.781736128118
0.762025342227
0.783024006068
0.791884769244
0.768590494949
0.752133462315
0.760814306498
0.758254081916
0.772875277688
0.763953174526
0.764171660054
0.752677727448
0.761281933004
0.745395923581
0.769548695922
0.749742104476
0.750178988277
0.784361502803
0.754126590142
0.778478535658
0.770729221625
0.769299642198
0.784472694253
0.77544309342
0.756529494674
0.777117858283
0.778033944368
0.774178454279
0.749803502632
0.777550990136
0.770027840036
0.750999268806
0.787469744466
0.769403155243
0.780950662175
0.772334997182
0.786036442176
0.763600724097
0.773331415671
0.768249591212
0.742333810519
0.772323537744
0.776117804186
0.773856455706
0.785948256857
0.741207033652
0.790018189676
0.78493243876
0.753896645177
0.759610949173
0.78731256984
0.780885424816
0.781076948672
0.769242083244
0.748185976789
0.704855078829
0.778455587698
0.752854156257
0.764137252655
0.758388424921
0.781648146392
0.749558113602
0.755126876919
0.763313220178
0.759231595241
0.739972933622
0.792501804716
0.771307894157
0.728513670179
0.781655882967
0.76076084851
