0.0814523656238
0.0670263480295
0.0587574387589
0.0522817944879
0.0473478611308
0.0438826714362
0.0413192448814
0.0394617966943
0.0376671099063
0.0359642867793
0.0354891194278
0.033955893886
0.0331589772148
0.0325952705991
0.0315299020699
0.0312021576569
0.030637037571
0.0301500144936
0.0310903751183
0.0302425161375
0.0294287321921
0.0277997402323
0.0275118799977
0.0278091655582
0.0276215652095
0.0273174773472
0.0289456598303
0.0278317900219
0.0284797205966
0.0270238491773
0.0265922594496
0.0275792058203
0.0269648382451
0.0265684931378
0.0260332335595
0.0254806252214
0.0253224735246
0.0251671329446
0.0252692804627
0.0252230039468
0.0247606025804
0.0244853004153
0.02602834314
0.0254574555831
0.0238798753371
0.0244706608291
0.0236807953215
0.0237899287969
0.0251484034068
0.0254340512404
0.0247039505556
0.0249224565427
0.0253443099389
0.0254892310217
0.0253659223236
0.0251559929945
0.0247674358897
0.0248059797275
0.0242687855645
0.0239700154529
0.0239775772814
0.0242381952369
0.0237723028977
0.0237229010972
0.0231611025974
0.0236493745325
0.0235029116101
0.0233775267643
0.0234276082771
0.0231414239082
0.0229500403189
0.0230998870962
0.0232144652277
0.0243825907694
0.024170242294
0.0239834641822
0.0236362440244
0.0237491448462
0.0231412896303
0.0322031877082
0.0320011790243
0.0304802539459
0.0292153418247
0.0292965062207
0.0285672978852
0.0295414266347
0.028840127046
0.0284647593228
0.0278680177298
0.0276111226709
0.0284244090272
0.0277512094298
0.0281318796459
0.0293263516334
0.031532872213
0.0307338520127
0.0311132762098
0.030984399931
0.0325538100387
0.0318233783176
0.0311464650454
0.0307665352548
0.0306818464082
0.0309417703324
0.0303366838633
0.0300433513721
0.0306874862376
0.0300760539906
0.0296209372551
0.0297562404423
0.0293359483964
0.0290045022232
0.0297660046469
0.0301427725009
0.0296152756644
0.0294434761579
0.0291754285245
0.0287767679771
0.0288431819466
0.0288037909444
0.0288947115867
0.0284432219715
0.0288763103814
0.0291278416654
0.0304925773318
0.029821270009
0.0335865412987
0.0338763180861
0.0349669620204
0.0328805817011
0.0316631860591
0.0316592359194
0.0331864698543
0.0318384621008
0.0318910871923
0.0330077589491
0.0333937143653
0.0332126421895
0.0322368426185
0.0322440670789
0.0319271824322
0.0319126271092
0.034270424406
0.0400841825823
0.0390500803832
0.0389987495036
0.038857879389
0.0380215961275
0.0378873905604
0.0350800200181
0.0331716564386
0.0334491059723
0.032164531757
0.0322218453271
0.0334165530387
0.0336715161902
0.0323169116858
0.0341762563638
0.0333663402722
0.0327493107965
0.0322748389574
0.0327222922962
0.0325017214787
0.0320248895585
0.0319539218662
0.0316558030021
0.0316863020267
0.0312348083887
0.0315695572715
0.0313805445405
0.0312670560489
0.0308915434129
0.0310765688431
0.0311604958324
0.0312873076374
0.0309879637556
0.0304491377903
0.0309892176191
0.0308876562894
0.03067955329
0.0312392701364
0.0307523061238
0.0310173421911
0.031592378751
0.0324389926056
0.0312502975517
0.0309906542251
0.0317282502098
0.0316790380864
0.0322219894756
0.0317322443945
0.0316764620414
0.031926524877
0.0316327160212
0.0314030380917
0.0305193687339
0.0304932837026
0.0303023972286
0.0305116019087
0.0303410322834
