0.711896951756
0.753090435914
0.744805893552
0.755745680255
0.770514833485
0.76386374856
0.757089224379
0.774961535347
0.762328277615
0.769818846601
0.772611057846
0.779038445841
0.774645644211
0.773356958763
0.781084973596
0.779985749347
0.776083849452
0.774345634856
0.776621297038
0.782303146462
0.778256017854
0.781186731039
0.782105179662
0.778706846593
0.776169532187
0.779150394517
0.777724204436
0.77923315075
0.7809722111
0.779772928577
0.783826059753
0.782746842482
0.780278168464
0.789645559538
0.785076530612
0.786586332646
0.785556954059
0.782851053365
0.788721143861
0.780821917808
0.782662731086
0.777349587102
0.780804561292
0.780193826859
0.784450063211
0.789619431917
0.782518542148
0.781192329295
0.779990516833
0.783283204053
0.781688447046
0.792895603954
0.797151923226
0.786830088921
0.789081885856
0.791627469426
0.788824722959
0.789005153834
0.787775339348
0.790231485164
0.787830135667
0.78508973769
0.793141945774
0.782629830673
0.788075280721
0.787742660035
0.779825412221
0.780464059711
0.788293603965
0.791538884957
0.784814114682
0.786322016044
0.791583326666
0.791680103193
0.788029525032
0.786213394049
0.78940751218
0.788770478766
0.78277665996
0.789761751449
0.789792246033
0.786172996115
0.794248652028
0.787797147385
0.790679367079
0.789580459304
0.782284899382
0.786010573404
0.792844138368
0.78629130967
0.784998434075
0.79020421187
0.786372870761
0.788710186061
0.785241401582
0.787813915191
0.778995505795
0.784027887815
0.783275486319
0.781509221229
0.785576614199
0.785240939213
0.791106098445
0.783940664302
0.782185217186
0.788219244041
0.795405253434
0.792489636674
0.789659036337
0.783285347444
0.792667307077
0.794548932101
0.789709889405
0.797036336407
0.782366515477
0.78869280025
0.793745580262
0.786068036048
0.782153064465
0.784137496058
0.785249117301
0.788674470104
0.785473112081
0.78328809935
0.795622174637
0.788134917471
0.785620915033
0.791051880057
0.78719426702
0.792206759443
0.784627702162
0.790370486165
0.794619264953
0.786077434494
0.791593695271
0.790339238897
0.789046816028
0.787540067395
0.79125528914
0.78446477291
0.785800144242
0.789318453567
0.785990338164
0.783765911721
0.78880866426
0.795233110556
0.791891680363
0.794200032954
0.790203693429
0.786823912159
0.795273691825
0.789614604462
0.788304841029
0.785624607659
0.789310427106
0.78675013868
0.789648098469
0.786877432679
0.786814932486
0.78873015873
0.779809919336
0.784045124899
0.790370955012
0.788458447195
0.790965805891
0.789815037233
0.78751194648
0.785528877352
0.791608620831
0.788634097707
0.792866941015
0.783960849317
0.786779714241
0.786450427419
0.78956805216
0.786864133934
0.796476879522
0.788243682167
0.780196045855
0.786579534587
0.791023396467
0.791772554003
0.787766300839
0.788126100176
0.785703063629
0.788353863382
0.785452809168
0.78195961342
0.786887873688
0.775328172333
0.787771804541
0.783529978329
0.787516917443
0.785787280874
0.788773055333
0.785790995456
0.788629283489
0.795096876236
0.792082368904
0.786791098349
