0.801093940051
0.84204069322
0.834280210598
0.850948399372
0.857224855695
0.857248879796
0.865132653174
0.861449229164
0.866006129927
0.865350673344
0.872211095644
0.875227719973
0.87347593838
0.871739688106
0.870023302796
0.871563724655
0.872452761812
0.87899889303
0.873096584448
0.86941705781
0.874031808375
0.875078456431
0.876473046762
0.873985883369
0.87453384228
0.872778425078
0.87413537959
0.878197575834
0.867378528503
0.867631799533
0.867286823915
0.867869248395
0.877550030336
0.87322714642
0.878305044421
0.873594750065
0.877297050155
0.874262160529
0.868846616296
0.875618504258
0.867255819446
0.87168265268
0.872736339274
0.875093551478
0.876369940905
0.867884663375
0.874748692199
0.872844215049
0.872878418854
0.872023701841
0.874993935805
0.871943107672
0.868110914562
0.872652196751
0.877377557069
0.872989523049
0.87246087649
0.868095383243
0.874748575859
0.87467586369
0.873621798992
0.873341973478
0.876216518227
0.882566908284
0.87791463824
0.872510495275
0.880232789466
0.875507661827
0.873246342432
0.873070175388
0.876983020836
0.879489525667
0.876120712672
0.878221076408
0.878987433592
0.870927754933
0.872499094006
0.872211764596
0.875074529974
0.873280604407
0.876699472459
0.875817793773
0.874231243314
0.871977776834
0.877546394727
0.876224225717
0.869302928788
0.875871280845
0.874330829902
0.874748604944
0.871659675634
0.877542439185
0.87899112737
0.868294876352
0.874599283233
0.872928212147
0.872257602348
0.869758717753
0.872364751002
0.878891598952
0.869329425103
0.873556765228
0.870322062559
0.87188191311
0.874292583301
0.877048083685
0.879554588516
0.862642057766
0.880619996312
0.8736102523
0.877094241371
0.865527712935
0.879911168996
0.873460988758
0.872487430974
0.873330863059
0.874254307614
0.872065962154
0.873177236786
0.874196603236
0.879171308127
0.881551555546
0.873986203302
0.877580976635
0.873890223238
0.875836844362
0.878888021513
0.872836013116
0.875787109238
0.872529574948
0.876691881308
0.874146780858
0.879079429029
0.877377818833
0.875637613017
0.874304071823
0.875423053946
0.8690536133
0.87560716116
0.882340918861
0.877630857183
0.877561722452
0.878339800838
0.870364351957
0.87550361903
0.872215661969
0.882448125684
0.881305962921
0.871460415204
0.87314678493
0.879427836662
0.88075041286
0.878676778118
0.877351089839
0.881953828354
0.875538142768
0.873150304199
0.872686633235
0.87618181998
0.874445860554
0.879508489
0.875059173164
0.872912797167
0.872269061786
0.873556823397
0.873981985996
0.879639225482
0.878121228056
0.874764136264
0.878381944812
0.873851802127
0.874878556134
0.878155635455
0.869743448197
0.870498258689
0.876388904239
0.871191990958
0.871743992666
0.876906440379
0.874269344491
0.873890310493
0.872721360567
0.873897901643
0.871636640419
0.876975487855
0.873526226116
0.87930928674
0.873257743701
0.869199415743
0.873962848153
0.879704142907
0.872314986793
0.878573730431
0.868340597764
0.876063502737
0.868038027883
0.8706785267
