0.0751927170945
0.049905493588
0.0453182752093
0.0431101236903
0.0413569826181
0.0405307458968
0.0400337633165
0.0395762535698
0.0394362195558
0.0387286295534
0.0386224558054
0.03787436912
0.0379404812193
0.0375687512834
0.0376030596729
0.0370818721583
0.0370380324578
0.0367722550826
0.0366209287258
0.0362282629573
0.0366757703031
0.0368434620289
0.036137306775
0.0362945421196
0.0361683818105
0.0360907346801
0.0360956336289
0.035925058266
0.0355430033162
0.0356014808556
0.0354222767711
0.0354000522134
0.0354539120888
0.0356011707932
0.0352729322975
0.0353525265643
0.0354085717159
0.0350875021312
0.034843392005
0.0352265833335
0.0348855834616
0.0347887174721
0.0348099488407
0.0347613437917
0.034846915509
0.0345703162178
0.0348760986592
0.0349854953908
0.035340461818
0.0347775508483
0.0347770724831
0.0346596383418
0.0342603612001
0.0346969041265
0.0347563272225
0.0345211576366
0.0343733185405
0.0343437881816
0.0342716237218
0.0343084533788
0.0342518164664
0.0339565175597
0.0342944170942
0.0340557262926
0.0343405081983
0.0344104385406
0.0340226980885
0.0343622116832
0.0340606483527
0.0344196008636
0.0341793742267
0.0339242202806
0.0341803380749
0.0337832652427
0.0341408242757
0.0339712902697
0.0335211762478
0.0337696500886
0.0340103982016
0.0337697930537
0.0338714226301
0.0338242822116
0.033547299587
0.0337211943412
0.0339562034468
0.0336603964384
0.03343241703
0.0336871772936
0.0336797033616
0.0336446381224
0.0339096993895
0.0334728336159
0.0336522787901
0.0335641822063
0.0337203997487
0.0334932162396
0.0337444580516
0.0333812746307
0.0336138424364
0.033306007751
0.0336888295805
0.0334315051202
0.0333771376581
0.0338147775703
0.0333626388761
0.0331592838196
0.0330585006914
0.0333773726731
0.0333573269073
0.0335609361975
0.0332646273335
0.0335360980254
0.0333906270189
0.0332924130155
0.0335179452557
0.0332868247458
0.033647852391
0.0333846625527
0.0332350178607
0.0330019117089
0.0332347835698
0.0333326576747
0.0334156182812
0.0327938242595
0.0332636987696
0.033153836035
0.0330290929183
0.0330936629822
0.0333475485589
0.0332065551867
0.0329010077668
0.0329955485748
0.033131573098
0.0328467942779
0.0330182111281
0.0332743629891
0.0330128559517
0.032912482871
0.0332074160958
0.0331117653912
0.0334953848473
0.033057065129
0.0331215139021
0.0328052463908
0.0326608913073
0.0329753419018
0.0330888651589
0.0332416856025
0.0328403755017
0.0327647274895
0.0327979279457
0.0328989290181
0.0327467578361
0.0329905232722
0.0328363130466
0.0326205486642
0.0332255214799
0.0325728365979
0.032797208299
0.0331434491495
0.032957238117
0.0326920884476
0.0328443780785
0.0324870320641
0.0327502506853
0.0329798911428
0.0328231409509
0.0327827699249
0.0327460640514
0.0329433509496
0.0329009719336
0.0328619440681
0.0331426617988
0.0328024693908
0.0330112391783
0.0325395643265
0.0326594932297
0.0326720040384
0.0328886510402
0.0325827458176
0.0327059001906
0.0326023967312
0.0328817242096
0.0328524215042
0.0325762552629
0.0328592607282
0.0327305996791
0.032646621573
0.0327628338424
0.0331061241748
0.0322434790752
0.0326412984692
0.0325349514337
0.0326703732305
0.0325935982485
0.0324271587296
0.0329437284467
