0.508584895074
0.489330389993
0.490816389213
0.51981855492
0.505078646468
0.508086096568
0.518330513254
0.530847420775
0.510681465569
0.528576376862
0.511731320578
0.507531027835
0.524211256212
0.509572546659
0.53162307735
0.510239008557
0.516592661837
0.520801946923
0.525810592109
0.528460028646
0.534323607427
0.512295578437
0.527042190305
0.520560857782
0.545799315249
0.52300864284
0.505052964812
0.528757690354
0.469468784228
0.5202041429
0.496181262729
0.528
0.513299000303
0.514926701881
0.531059121816
0.503105972077
0.535873707131
0.539842624404
0.521904761905
0.524077328647
0.5029607698
0.521301498127
0.492690711778
0.496298155352
0.524163361082
0.529164093639
0.516714766715
0.511837237978
0.520925304609
0.510497237569
0.519429655468
0.512109447218
0.504526851048
0.514086997524
0.508776091082
0.53547008547
0.530654024351
0.522666348961
0.515352550931
0.539648173207
0.5111285361
0.539819664165
0.522515117713
0.515395937592
0.526345868099
0.510728316712
0.522154294032
0.525904535417
0.514806110458
0.511095118148
0.511382878645
0.535856685573
0.548986486486
0.524557956778
0.505322403034
0.527782677721
0.535406670906
0.535950722468
0.531528482798
0.538667884253
0.52390611417
0.531199617842
0.527323034356
0.535085740072
0.51831733961
0.528119608971
0.538673740053
0.529537202467
0.529574600305
0.548109787675
0.513282732448
0.512060482419
0.525684163302
0.527563586143
0.522294446345
0.511488750598
0.513265913147
0.506267539757
0.534772182254
0.513565106728
0.509872039836
0.528780712885
0.544990626953
0.501743462017
0.518752232409
0.500706344819
0.538279569892
0.522735325381
0.50663064833
0.520004638757
0.513734764417
0.53445229682
0.539808391146
0.524036741023
0.533288273065
0.50454911184
0.535011623292
0.492157366932
0.518926030019
0.522003389632
0.513942816802
0.531548974943
0.538985537623
0.532007112692
0.530121873736
0.527060408713
0.51587491048
0.533198175367
0.521673968181
0.494881617786
0.511533493264
0.542970850812
0.515470184183
0.512694610778
0.528872912801
0.533757310772
0.492508643872
0.516463233105
0.515017828005
0.513854211071
0.517469769703
0.533695411217
0.516957800588
0.522409527645
0.508453582709
0.524543050925
0.533287537924
0.508531805849
0.510310528869
0.514178380999
0.500436137072
0.524608563892
0.505052994824
0.528291157236
0.515215852795
0.515812431843
0.518686957029
0.539426717144
0.537829752516
0.535778375953
0.517293760224
0.502416671898
0.51810127325
0.546805504683
0.523206751055
0.518380642159
0.513244056398
0.500957676861
0.512170801807
0.521864877372
0.512506559384
0.522585128562
0.526139915921
0.509595654798
0.496985681989
0.4966367713
0.515929256238
0.52897473997
0.522179531959
0.520408766023
0.527917606897
0.518908176983
0.527333796618
0.538718693484
0.525132652479
0.531319910515
0.498990269873
0.524773449453
0.515288039887
0.524400045929
0.511764353709
0.538973839842
0.514285714286
0.53739832774
0.513921941932
0.532847131218
0.533317786976
0.511908314929
0.526896705502
0.524064171123
0.528291157236
0.482864177813
0.532014693416
0.516726403823
0.517394129112
0.524437728831
0.53556950075
0.504401023784
0.52711223203
0.53336995331
0.517630382139
0.537321419017
0.544728931274
0.53217524309
0.508641975309
0.496823299994
0.504220456802
0.488767610103
0.521323573891
0.515140503876
0.513945881653
0.500501756147
0.532633835392
0.516084399862
0.510018653349
0.528306198229
0.507307761141
0.511855794822
0.505308376803
0.524488388135
0.533636881047
0.516499112951
0.513634753866
0.51292632601
0.491515656016
0.518348893195
0.521960318806
0.527249683143
0.533080260304
0.539335208919
0.513110173019
0.532002019409
0.534560669456
0.508549637102
0.528754700288
0.51374041191
0.493345511482
0.5317057362
0.485466993928
0.505354100754
0.508435905134
0.525591106597
0.513980559222
0.534967320261
0.509572374307
0.52507035782
0.523833585986
