0.084499219367
0.0759537965898
0.0741700688735
0.0728597900054
0.0717717136893
0.0706574032339
0.0698539546796
0.0685565325142
0.0679722546792
0.0672755060553
0.06638499892
0.0660778587928
0.0651897580494
0.0645911260089
0.0648160008371
0.0640474486576
0.0643006526772
0.0633628954043
0.0626474752032
0.063225868109
0.062500517091
0.062466101311
0.0623032519871
0.0624802126156
0.0615086461761
0.0613911665534
0.0616391802336
0.0607303849086
0.061375836671
0.060976359296
0.0605046393929
0.0604492430361
0.0603478566867
0.0605267280514
0.060020602758
0.0599810574091
0.0602324132314
0.0603751011109
0.0596580793411
0.0598761848799
0.059548923986
0.0598490230282
0.0595259841799
0.0597958270553
0.0595941853384
0.0596429939524
0.0597123888211
0.0587961050139
0.0593711505383
0.0592153556267
0.0598152101359
0.0585021250738
0.0591994835806
0.0590215314933
0.0588111323887
0.0590745162579
0.058546341194
0.0586880107945
0.0585091394121
0.0588290727075
0.0591479315091
0.0582658028522
0.0586776408126
0.0584539402001
0.0581126118198
0.0584226915737
0.0583765046414
0.0582412038506
0.0583953735215
0.0580215181498
0.0580345804202
0.0579772280211
0.05815428401
0.0583235949465
0.058082052667
0.0582065992896
0.058419996389
0.0580835158826
0.0582856444793
0.058175550603
0.0581332078755
0.0579076758417
0.0581750585309
0.0577825323523
0.0580227499292
0.0580599696082
0.0577128713953
0.057469640883
0.0576874068734
0.057550528054
0.0577758453893
0.0575867275356
0.057677241764
0.057523889186
0.0574670232005
0.0573452750602
0.0570481010528
0.0579297860586
0.057832772703
0.0573698246982
0.0576848280805
0.057317587365
0.0572078024077
0.0576159561653
0.0575041656677
0.057007101254
0.0578416836536
0.05744438723
0.0571980806932
0.0572327935049
0.0573617172975
0.0572530232946
0.0573089320277
0.0570862429527
0.0575269094416
0.0571213291174
0.0572820546956
0.0574536624448
0.0571114326782
0.0572055263979
0.0570078937047
0.0569914516944
0.0572685348064
0.0567185836113
0.0574819557686
0.0572640000706
0.0570757430901
0.057009003622
0.0571989874774
0.0569489927452
0.0573543996615
0.0571124239597
0.0569705682685
0.0571753248193
0.0568511169089
0.0570210344756
0.057024021839
0.0569175585182
0.0573555062107
0.0569611504893
0.0567441655386
0.0572316234862
0.0566948017874
0.056471980162
0.0566142729016
0.0566718723557
0.0565691634059
0.0570528412547
0.0569674764087
0.0572038515564
0.0563454055718
0.0570386440092
0.0562372951309
0.0567678046616
0.056835197129
0.0570378987457
0.0568175820954
0.0568110985798
0.0569470653297
0.0567284233144
0.05683206364
0.0568027312915
0.0565990966869
0.056615191657
0.0568526706042
0.0569495039319
0.0564310296621
0.0570056715037
0.0563648376955
0.0565296794808
0.0568300080251
0.0564633194346
0.0565144845564
0.0561924861671
0.057043872425
0.0566332964917
0.0565834693666
0.0564494084313
0.056758651309
0.0569293066071
0.05652393072
0.0566201658181
0.0563374953863
0.0567966828564
0.056806736067
0.0563679534725
0.0566965880933
0.0567716388993
0.0565281067515
0.0565308700776
0.0565300105164
0.0565650079038
0.0565397138482
0.0562406578152
0.0564664135381
0.0563380184065
0.0563619073713
0.0565219584548
0.056244932501
0.0564635196255
0.0563304475774
0.0565527941964
0.0562658077929
0.0567796688755
0.0565103199481
0.0560318466167
0.0563834641465
0.0563103724465
0.0557160298304
0.0564363987255
0.0561566201463
0.0566991479463
0.0562604131968
0.0560157148162
0.0568128053383
0.0560503509657
0.0563651251302
0.0565644963818
0.0560255328696
0.0562416398525
0.0560333883281
0.0559514324389
0.0560692699036
0.0565559985776
0.0561177356493
0.055853382054
0.0561878723031
0.056538140689
0.0557898449344
0.0563564739248
0.0562091996862
0.0566762727649
0.0561746688995
0.0557060798985
0.0563599344488
0.0556833017745
0.0561088103536
0.0563178478825
0.0558666468687
0.0560993587314
0.0563537919486
0.0563555113904
0.0558414705784
0.0565207602112
0.0565261859759
0.0564057160088
0.05609817445
0.0564034652347
0.0566071824817
0.0566179472529
0.0563133928662
0.0563161096497
0.0561963188289
0.056105191894
0.0562760410186
0.0562883136026
0.0557168617039
