0.627149172958
0.623539133214
0.624823361681
0.631609991094
0.628488214717
0.631031424628
0.635370745109
0.641291763289
0.635865826714
0.645753407567
0.634441603249
0.634628983121
0.64252382486
0.63603933358
0.644141272892
0.634292925194
0.637937076699
0.640225883005
0.640074592835
0.636696716006
0.641565048171
0.638686753877
0.641608600571
0.641807275615
0.650392627713
0.642719356453
0.634005462215
0.643579959416
0.623672525937
0.643527792519
0.632796251514
0.642795176364
0.639448223282
0.638407634585
0.647461340381
0.633764287158
0.645509281025
0.650454869423
0.64065087627
0.643851571447
0.633988819405
0.641655793478
0.63073315325
0.63123172796
0.63889715259
0.643336624736
0.641117906771
0.640266857569
0.641986469488
0.638844793727
0.644926768962
0.640415004288
0.635700732096
0.637024995862
0.633747610068
0.643238180201
0.640183393277
0.644523992391
0.637537974916
0.647995439178
0.6373817896
0.647888006497
0.642905108038
0.637879606728
0.643004999178
0.637315828539
0.641762468577
0.641690899352
0.637212567701
0.636727639752
0.641762197767
0.648614483151
0.653258022544
0.642787782226
0.634750820146
0.647005526208
0.65108627124
0.651101738255
0.645665082408
0.652365762248
0.642600854846
0.651055676579
0.644644506218
0.648450869417
0.642688117333
0.645005471799
0.645172465515
0.646316880666
0.644309737209
0.650697072871
0.637091070046
0.637488464699
0.640495832469
0.644650950808
0.63964080339
0.636765131495
0.63743141294
0.63755821367
0.644742011489
0.634542365094
0.63184069712
0.645815501874
0.648591971651
0.634190795587
0.641564167182
0.631891983028
0.646203918664
0.643675712992
0.636087476036
0.639695390436
0.639855816155
0.645805800709
0.649805230788
0.645663296434
0.646902039124
0.635502091331
0.648900578369
0.631178995448
0.64216395623
0.642042006082
0.636709255532
0.646655063937
0.644166903848
0.644519751989
0.646983275234
0.641694008524
0.63970744319
0.646814697794
0.640333202563
0.630348647776
0.639805548356
0.650074004457
0.641372310376
0.637730397337
0.646412068627
0.648073792362
0.630957685496
0.639891792734
0.640425089385
0.640398022109
0.642781371916
0.645585892799
0.641123706902
0.640692234767
0.638344816975
0.642220973709
0.648512545511
0.635447391162
0.637391569607
0.640093237581
0.633338118098
0.63973049631
0.635370700545
0.643991532166
0.637932034151
0.641266811072
0.639293710817
0.647734704106
0.647008261731
0.648414553469
0.638464991433
0.635570856474
0.639534467661
0.650595666567
0.640344689701
0.638803932286
0.636493858834
0.63275121823
0.635048481345
0.640848228117
0.634630464006
0.641518489439
0.636544928779
0.636324026756
0.631815292411
0.630611847561
0.639510091343
0.641096571066
0.641763113036
0.641973580309
0.645481072233
0.639724617336
0.645125906783
0.648474375029
0.641896742289
0.64464147589
0.630233142218
0.644832417427
0.63997731381
0.641990641331
0.637027155485
0.645858951434
0.639386015852
0.651058864594
0.637929569438
0.647708960027
0.650321692663
0.636803267698
0.640812104135
0.64529577314
0.643991532166
0.628983025513
0.646244135646
0.640437220983
0.639715708033
0.643294429814
0.647279003057
0.636352304107
0.643903015041
0.644418006315
0.639891679611
0.644932579377
0.647907419109
0.642885287497
0.638121573646
0.631897478069
0.635580410235
0.627321685711
0.645114227678
0.640740185257
0.637901744579
0.634136547911
0.646544295838
0.636080126461
0.636305224323
0.64447293273
0.633344641531
0.638222222368
0.635091807499
0.642191215473
0.648211627737
0.639183282087
0.636843868613
0.639354437363
0.630282912962
0.639795847191
0.638441869753
0.639859614349
0.642855416138
0.643867919451
0.637257374739
0.645480619741
0.646938773286
0.637664775646
0.641429824911
0.639430065308
0.633681604444
0.641316897189
0.627174409697
0.634154253393
0.634905185209
0.641087888009
0.638896237321
0.644832575114
0.634987902203
0.642546380923
0.639171534423
