0.920892494929
0.938856015779
0.937743190661
0.937254901961
0.925490196078
0.944881889764
0.936758893281
0.9296875
0.935166994106
0.925196850394
0.936507936508
0.934653465347
0.944664031621
0.931726907631
0.931506849315
0.922465208748
0.930693069307
0.940476190476
0.930966469428
0.934131736527
0.938123752495
0.932806324111
0.934653465347
0.938613861386
0.940476190476
0.940711462451
0.938856015779
0.93625498008
0.929859719439
0.937875751503
0.938123752495
0.934131736527
0.938369781312
0.934131736527
0.934131736527
0.942574257426
0.93625498008
0.938369781312
0.938369781312
0.938369781312
0.93625498008
0.934393638171
0.936507936508
0.936507936508
0.932270916335
0.936507936508
0.934131736527
0.93625498008
0.934131736527
0.93625498008
