0.918268770923
0.932520325203
0.928646580583
0.929603060736
0.916403634625
0.938880918221
0.93055954089
0.920325203252
0.927642276423
0.916881874701
0.931037780966
0.928598756576
0.939359158297
0.928072692492
0.922764227642
0.91587757054
0.924198947872
0.93543758967
0.923720707795
0.929555236729
0.933955045433
0.926159732186
0.928598756576
0.93299856528
0.93543758967
0.934959349593
0.932520325203
0.931516021043
0.925633668101
0.934433285509
0.933955045433
0.929555236729
0.933476805356
0.929555236729
0.929555236729
0.937398373984
0.931516021043
0.933476805356
0.933476805356
0.933476805356
0.931516021043
0.929076996652
0.931037780966
0.931037780966
0.927116212339
0.931037780966
0.929555236729
0.931516021043
0.929555236729
0.931516021043
