7.575737237930297852e-01
5.236330032348632812e-01
3.257547318935394287e-01
1.596583276987075806e-01
1.359472721815109253e-01
7.330154627561569214e-02
8.905150741338729858e-02
1.025437638163566589e-01
3.857541084289550781e-01
4.162667691707611084e-01
3.116069436073303223e-01
4.850174486637115479e-01
7.131569981575012207e-01
1.986844688653945923e-01
3.587927520275115967e-01
1.326802074909210205e-01
5.383812189102172852e-01
5.205536484718322754e-01
1.465744525194168091e-01
5.306732654571533203e-01
9.898949414491653442e-02
1.194627061486244202e-01
1.191858723759651184e-01
3.773705363273620605e-01
1.454948037862777710e-01
1.741924881935119629e-01
2.787945568561553955e-01
3.784868121147155762e-01
1.188973411917686462e-01
6.191182509064674377e-02
1.376932412385940552e-01
9.190872311592102051e-02
1.076716333627700806e-01
1.002582386136054993e-01
1.181216910481452942e-01
1.166475340723991394e-01
1.355883032083511353e-01
1.389389932155609131e-01
7.607312500476837158e-02
1.536815911531448364e-01
1.209989115595817566e-01
1.409150063991546631e-01
1.401525586843490601e-01
1.808189451694488525e-01
1.183983609080314636e-01
1.156798228621482849e-01
1.343471705913543701e-01
1.142654493451118469e-01
2.480724155902862549e-01
1.561100482940673828e-01
1.093273833394050598e-01
9.403628855943679810e-02
1.236619502305984497e-01
3.820987939834594727e-01
1.613797843456268311e-01
6.465945839881896973e-01
1.005809679627418518e-01
9.460610896348953247e-02
7.446402907371520996e-01
8.818864226341247559e-01
1.433306485414505005e-01
5.654897093772888184e-01
1.164108887314796448e-01
5.629206299781799316e-01
7.436723113059997559e-01
2.711212337017059326e-01
1.816002875566482544e-01
1.224691048264503479e-01
4.077248275279998779e-01
3.611261546611785889e-01
4.719466269016265869e-01
7.825926542282104492e-01
7.817921638488769531e-01
8.616840839385986328e-01
7.176634669303894043e-01
9.141681194305419922e-01
5.247163772583007812e-01
5.802410244941711426e-01
5.532692670822143555e-01
9.767379760742187500e-01
3.928999602794647217e-01
1.052719652652740479e-01
8.510548621416091919e-02
8.371438086032867432e-02
1.004267409443855286e-01
8.479159474372863770e-01
6.927304267883300781e-01
7.039892673492431641e-01
7.002427577972412109e-01
5.945094227790832520e-01
4.181942045688629150e-01
5.807546377182006836e-01
7.572174072265625000e-01
6.987707614898681641e-01
9.786920547485351562e-01
8.379429578781127930e-01
5.080642104148864746e-01
4.248868525028228760e-01
3.774167597293853760e-01
7.239379286766052246e-01
6.633760333061218262e-01
3.921257853507995605e-01
1.987826079130172729e-01
4.343533515930175781e-01
8.431794643402099609e-01
2.011213600635528564e-01
4.864691495895385742e-01
7.780315876007080078e-01
4.315388202667236328e-01
8.596275448799133301e-01
1.224745810031890869e-01
7.614338397979736328e-01
9.052741527557373047e-01
6.205513477325439453e-01
6.287778019905090332e-01
7.037004828453063965e-01
7.507613897323608398e-01
6.534788012504577637e-01
9.298657774925231934e-01
4.111329019069671631e-01
4.510992765426635742e-01
4.375583827495574951e-01
5.228477120399475098e-01
6.707436442375183105e-01
7.889749407768249512e-01
6.560193300247192383e-01
9.252407550811767578e-01
4.412469863891601562e-01
8.962727189064025879e-01
6.887462735176086426e-01
6.823408603668212891e-01
4.639014005661010742e-01
8.698507547378540039e-01
9.026201367378234863e-01
7.368598580360412598e-01
7.711371183395385742e-01
3.671376407146453857e-01
7.431301474571228027e-01
9.063561558723449707e-01
1.932726502418518066e-01
7.578808069229125977e-01
1.249965131282806396e-01
6.006237268447875977e-01
9.247267246246337891e-01
1.171718239784240723e-01
7.872681021690368652e-01
8.503446578979492188e-01
8.707814216613769531e-01
9.907614588737487793e-01
3.905868530273437500e-01
1.513870507478713989e-01
6.171901822090148926e-01
6.715683937072753906e-01
9.269047975540161133e-01
8.490644097328186035e-01
2.493556737899780273e-01
7.588672637939453125e-01
8.786168098449707031e-01
8.608337044715881348e-01
1.765195876359939575e-01
1.581901907920837402e-01
4.442696571350097656e-01
4.907041788101196289e-01
9.344691634178161621e-01
7.497104406356811523e-01
5.021515488624572754e-01
1.361454278230667114e-01
3.069409132003784180e-01
3.446577489376068115e-01
2.033300846815109253e-01
2.279508560895919800e-01
9.079713225364685059e-01
8.473216295242309570e-01
6.138510704040527344e-01
7.678685188293457031e-01
8.950437903404235840e-01
5.601363182067871094e-01
9.101518988609313965e-01
7.821135967969894409e-02
6.950175017118453979e-02
1.258786618709564209e-01
6.014831364154815674e-02
1.002582982182502747e-01
1.507047563791275024e-01
6.450273096561431885e-02
1.703823059797286987e-01
9.506561607122421265e-02
7.178955525159835815e-02
7.852781563997268677e-02
9.597126394510269165e-02
8.469635248184204102e-02
5.731389299035072327e-02
8.029195666313171387e-02
1.045620143413543701e-01
1.313389092683792114e-01
5.937850475311279297e-01
7.846016883850097656e-01
4.258651137351989746e-01
1.708212047815322876e-01
4.859845638275146484e-01
1.875714957714080811e-01
4.209194779396057129e-01
9.632335901260375977e-01
7.515352964401245117e-01
2.363625168800354004e-01
6.641054153442382812e-01
8.014310002326965332e-01
1.064388006925582886e-01
4.505288600921630859e-01
2.818263769149780273e-01
1.267511546611785889e-01
8.706489205360412598e-02
9.774835407733917236e-02
9.392365068197250366e-02
8.598142117261886597e-02
1.167974919080734253e-01
1.410158127546310425e-01
4.430181086063385010e-01
1.073875725269317627e-01
1.160995587706565857e-01
1.259694099426269531e-01
1.179943159222602844e-01
9.793056547641754150e-02
1.101179942488670349e-01
1.400999426841735840e-01
7.582100033760070801e-01
6.202272176742553711e-01
1.999883651733398438e-01
5.211232304573059082e-01
1.297348290681838989e-01
1.060768142342567444e-01
7.347134500741958618e-02
1.318197250366210938e-01
1.320536136627197266e-01
1.203389316797256470e-01
1.399954557418823242e-01
7.911437153816223145e-01
4.277417361736297607e-01
1.245910078287124634e-01
1.172189116477966309e-01
8.960311114788055420e-02
2.020426541566848755e-01
1.503563374280929565e-01
3.494207561016082764e-01
1.099302396178245544e-01
1.231163591146469116e-01
7.734856605529785156e-01
9.959397464990615845e-02
1.404854357242584229e-01
7.429450154304504395e-01
7.966240644454956055e-01
1.301387399435043335e-01
1.088042631745338440e-01
6.498270034790039062e-01
4.165167212486267090e-01
4.126563072204589844e-01
1.922332048416137695e-01
1.144339591264724731e-01
8.358159661293029785e-02
9.460785984992980957e-02
1.338058114051818848e-01
1.439087241888046265e-01
1.444681435823440552e-01
1.364077478647232056e-01
1.407406181097030640e-01
4.370293319225311279e-01
1.579694002866744995e-01
1.033351719379425049e-01
3.827654719352722168e-01
1.230026111006736755e-01
5.190443992614746094e-01
6.765183210372924805e-01
4.695537984371185303e-01
1.482592821121215820e-01
7.201680541038513184e-02
1.651247292757034302e-01
1.611092537641525269e-01
1.233242601156234741e-01
1.173484399914741516e-01
7.760170102119445801e-01
2.401766628026962280e-01
2.991482019424438477e-01
2.562939524650573730e-01
2.305369079113006592e-01
1.218168884515762329e-01
6.615644097328186035e-01
4.246291816234588623e-01
5.222045183181762695e-01
1.231238320469856262e-01
1.731395423412322998e-01
1.010577306151390076e-01
3.098138272762298584e-01
1.760432422161102295e-01
1.723359674215316772e-01
3.054453134536743164e-01
1.195903271436691284e-01
1.384491920471191406e-01
1.246770992875099182e-01
1.195215955376625061e-01
1.365780234336853027e-01
6.682180166244506836e-01
6.926017999649047852e-02
8.942748606204986572e-02
9.930330514907836914e-02
1.026476845145225525e-01
1.834950894117355347e-01
8.496443182229995728e-02
7.445597648620605469e-01
1.101231873035430908e-01
1.279790252447128296e-01
1.643740534782409668e-01
1.531110405921936035e-01
1.827036589384078979e-01
1.122777685523033142e-01
3.409424126148223877e-01
8.961498737335205078e-02
1.163290888071060181e-01
5.572354197502136230e-01
6.649899482727050781e-01
3.673352599143981934e-01
5.330887436866760254e-01
5.878348350524902344e-01
7.359260320663452148e-01
2.026068866252899170e-01
6.103123426437377930e-01
2.538034021854400635e-01
1.108643263578414917e-01
7.992793321609497070e-01
4.482935965061187744e-01
4.303163886070251465e-01
4.873677194118499756e-01
2.742606401443481445e-01
7.867099642753601074e-01
5.548534989356994629e-01
1.881033182144165039e-01
1.835876405239105225e-01
2.348244190216064453e-01
1.560406088829040527e-01
7.915809750556945801e-02
8.743703365325927734e-02
1.327150464057922363e-01
2.008407711982727051e-01
5.958063602447509766e-01
1.033520177006721497e-01
8.706087619066238403e-02
1.002849042415618896e-01
8.135304600000381470e-02
3.087700605392456055e-01
1.750375330448150635e-01
1.354311406612396240e-01
1.020032390952110291e-01
4.012754559516906738e-01
2.993147671222686768e-01
7.632641196250915527e-01
2.001511901617050171e-01
9.280874580144882202e-02
3.699772655963897705e-01
1.266681253910064697e-01
7.646961212158203125e-01
4.606463611125946045e-01
4.775347113609313965e-01
1.600609719753265381e-01
1.120285317301750183e-01
1.121856719255447388e-01
1.071851328015327454e-01
1.579965353012084961e-01
8.024360239505767822e-02
1.420069783926010132e-01
1.076336950063705444e-01
1.197917610406875610e-01
7.757695019245147705e-02
1.894050091505050659e-01
1.128199994564056396e-01
9.942384809255599976e-02
9.266422688961029053e-02
1.614571213722229004e-01
1.432660520076751709e-01
8.453174680471420288e-02
3.699507191777229309e-02
9.250663220882415771e-02
8.008467406034469604e-02
1.577977091073989868e-01
1.167763173580169678e-01
9.867907315492630005e-02
1.044787988066673279e-01
6.844487041234970093e-02
8.918970823287963867e-02
1.018533185124397278e-01
1.176570802927017212e-01
6.589623540639877319e-02
8.031541109085083008e-02
1.448750197887420654e-01
8.352138102054595947e-02
1.071318089962005615e-01
1.041753292083740234e-01
1.196212694048881531e-01
1.200653836131095886e-01
6.350304931402206421e-02
5.272129550576210022e-02
1.663992106914520264e-01
1.385128647089004517e-01
4.479376673698425293e-01
1.343280822038650513e-01
1.132256388664245605e-01
9.928727895021438599e-02
1.340082883834838867e-01
5.882344245910644531e-01
1.582450866699218750e-01
1.914039850234985352e-01
1.665324121713638306e-01
2.243804484605789185e-01
1.575020104646682739e-01
1.397916227579116821e-01
1.780519336462020874e-01
1.831407546997070312e-01
9.457687288522720337e-02
1.365634649991989136e-01
3.946237564086914062e-01
1.192488968372344971e-01
1.078039035201072693e-01
9.907720983028411865e-02
1.144086793065071106e-01
2.903277985751628876e-02
2.012897431850433350e-01
1.300231963396072388e-01
1.236606612801551819e-01
1.003897935152053833e-01
1.210495904088020325e-01
1.242236122488975525e-01
1.460466980934143066e-01
1.751509308815002441e-01
5.029237866401672363e-01
1.604478359222412109e-01
1.743986904621124268e-01
1.443520933389663696e-01
1.775813996791839600e-01
2.002603709697723389e-01
1.103725880384445190e-01
3.766691982746124268e-01
4.590964615345001221e-01
6.628962159156799316e-01
1.631584167480468750e-01
1.456709504127502441e-01
4.944579899311065674e-01
3.645628690719604492e-01
1.419568061828613281e-01
1.687942594289779663e-01
4.004429876804351807e-01
1.642512679100036621e-01
4.834440648555755615e-01
3.447289168834686279e-01
4.360281527042388916e-01
1.650843918323516846e-01
1.580423712730407715e-01
8.212273120880126953e-01
8.016724586486816406e-01
2.255075126886367798e-01
2.290770858526229858e-01
1.198231950402259827e-01
1.342412084341049194e-01
7.792267948389053345e-02
8.588478714227676392e-02
3.563531860709190369e-02
6.817860156297683716e-02
1.237340942025184631e-01
1.122805997729301453e-01
5.083734914660453796e-02
9.122478216886520386e-02
9.491381049156188965e-02
9.188205003738403320e-02
1.130711287260055542e-01
1.251444965600967407e-01
1.225911006331443787e-01
1.186011955142021179e-01
1.138234511017799377e-01
5.632937699556350708e-02
1.278036832809448242e-01
4.918678104877471924e-01
1.409640759229660034e-01
9.576789289712905884e-02
8.484069257974624634e-02
8.681138604879379272e-02
7.841595262289047241e-02
1.618823409080505371e-01
1.896237134933471680e-01
2.903401851654052734e-01
9.412441402673721313e-02
6.925638765096664429e-02
1.209356933832168579e-01
9.031205624341964722e-02
9.758634865283966064e-02
1.071031242609024048e-01
8.077046275138854980e-02
1.109211370348930359e-01
1.126488819718360901e-01
1.263771504163742065e-01
1.197780817747116089e-01
3.158295750617980957e-01
9.317725896835327148e-02
1.179266497492790222e-01
5.485407710075378418e-01
2.028708159923553467e-01
1.480618566274642944e-01
2.204797714948654175e-01
2.371856421232223511e-01
1.424938738346099854e-01
1.286152154207229614e-01
1.414017975330352783e-01
1.250153928995132446e-01
1.219956353306770325e-01
1.465097218751907349e-01
1.255960464477539062e-01
1.134966760873794556e-01
1.176740229129791260e-01
7.948807626962661743e-02
8.387659490108489990e-02
8.104865252971649170e-02
1.585906445980072021e-01
4.648945853114128113e-02
1.430359184741973877e-01
1.585782617330551147e-01
1.348600983619689941e-01
1.794681996107101440e-01
9.998437017202377319e-02
1.049259454011917114e-01
1.052265837788581848e-01
1.026727110147476196e-01
1.310313940048217773e-01
7.803072780370712280e-02
5.767782405018806458e-02
4.917061701416969299e-02
1.286601275205612183e-01
1.154500097036361694e-01
1.091402918100357056e-01
1.347887665033340454e-01
1.245424672961235046e-01
7.922490686178207397e-02
1.168989688158035278e-01
1.225585788488388062e-01
1.247821077704429626e-01
4.849086701869964600e-02
8.130107820034027100e-02
5.474483966827392578e-02
1.250741332769393921e-01
1.136962622404098511e-01
1.168124899268150330e-01
5.791797861456871033e-02
3.098256327211856842e-02
9.210024774074554443e-02
1.341186612844467163e-01
1.159625872969627380e-01
1.130241677165031433e-01
1.056926101446151733e-01
2.227948904037475586e-01
2.499843686819076538e-01
1.579332649707794189e-01
1.402958482503890991e-01
1.147317215800285339e-01
3.290137946605682373e-01
3.328456878662109375e-01
1.409166753292083740e-01
6.724328547716140747e-02
2.394604682922363281e-01
4.524425864219665527e-01
1.238376647233963013e-01
6.493321806192398071e-02
8.108771592378616333e-02
6.629319489002227783e-02
7.724227011203765869e-02
2.419069707393646240e-01
2.221693396568298340e-01
6.925576925277709961e-01
3.013670146465301514e-01
2.637087702751159668e-01
4.941154420375823975e-01
1.436792463064193726e-01
1.533420830965042114e-01
1.775448620319366455e-01
2.993182241916656494e-01
1.393596380949020386e-01
1.266375482082366943e-01
1.365647166967391968e-01
1.343558430671691895e-01
1.140885353088378906e-01
9.819257259368896484e-02
1.660921722650527954e-01
1.435275077819824219e-01
2.497665137052536011e-01
1.091595143079757690e-01
1.352792233228683472e-01
1.002055481076240540e-01
4.673025608062744141e-01
1.615658402442932129e-01
2.507155239582061768e-01
3.206814527511596680e-01
2.645120322704315186e-01
4.821321070194244385e-01
1.496256738901138306e-01
1.600794792175292969e-01
6.267225742340087891e-01
3.504180908203125000e-01
1.071398481726646423e-01
1.701205968856811523e-01
6.192509531974792480e-01
1.436806768178939819e-01
9.311895072460174561e-02
1.920309513807296753e-01
2.934681773185729980e-01
3.182384371757507324e-01
1.279634535312652588e-01
1.982151418924331665e-01
1.398296356201171875e-01
1.932669579982757568e-01
7.296615839004516602e-01
7.301293611526489258e-01
1.320073157548904419e-01
1.351765096187591553e-01
1.384035944938659668e-01
1.376494467258453369e-01
2.764284610748291016e-01
1.428332328796386719e-01
3.981375992298126221e-01
5.760039091110229492e-01
6.047188043594360352e-01
2.119120210409164429e-01
5.346664190292358398e-01
1.267624348402023315e-01
2.653237581253051758e-01
1.187090501189231873e-01
3.376834392547607422e-01
1.266622692346572876e-01
1.172230616211891174e-01
9.398867189884185791e-02
9.499011188745498657e-02
1.026721000671386719e-01
1.363368332386016846e-01
1.325827389955520630e-01
1.029816418886184692e-01
7.891936600208282471e-02
1.315480768680572510e-01
8.644396066665649414e-02
8.840267360210418701e-02
9.867135435342788696e-02
5.992041155695915222e-02
4.094361513853073120e-02
9.083906561136245728e-02
8.269857615232467651e-02
8.556088805198669434e-02
2.584249973297119141e-01
7.560555636882781982e-02
5.379904061555862427e-02
2.773153483867645264e-01
1.174070760607719421e-01
8.423543721437454224e-02
7.393657416105270386e-02
1.344829499721527100e-01
1.263492107391357422e-01
9.774264693260192871e-02
1.222436204552650452e-01
3.216046094894409180e-01
1.468257308006286621e-01
8.144779503345489502e-02
8.116137236356735229e-02
1.625134944915771484e-01
1.175115108489990234e-01
1.492033451795578003e-01
2.252224683761596680e-01
3.167649507522583008e-01
1.513243466615676880e-01
8.012878894805908203e-02
1.218587830662727356e-01
7.902248203754425049e-02
9.585554152727127075e-02
1.433860957622528076e-01
7.660347223281860352e-02
2.193350940942764282e-01
1.060211956501007080e-01
1.881364285945892334e-01
8.440969139337539673e-02
5.456880107522010803e-02
1.203085929155349731e-01
1.975777149200439453e-01
9.381961077451705933e-02
1.855574995279312134e-01
4.983515143394470215e-01
3.850978910923004150e-01
1.252899616956710815e-01
2.156296074390411377e-01
9.932119399309158325e-02
1.542195975780487061e-01
1.442447751760482788e-01
1.420640051364898682e-01
2.444419413805007935e-01
1.229065135121345520e-01
5.170518159866333008e-01
1.028867289423942566e-01
1.422603726387023926e-01
1.410992145538330078e-01
1.155222281813621521e-01
1.288779973983764648e-01
1.014571785926818848e-01
1.451792120933532715e-01
1.085662022233009338e-01
9.099560976028442383e-02
1.094291284680366516e-01
7.379005849361419678e-02
1.220166012644767761e-01
8.556538075208663940e-02
3.204566240310668945e-01
8.234767317771911621e-01
1.563910692930221558e-01
1.970149278640747070e-01
9.583401083946228027e-01
1.018430233001708984e+00
8.903768062591552734e-01
8.524546623229980469e-01
9.453260898590087891e-01
9.713090658187866211e-01
8.017874956130981445e-01
9.402648806571960449e-01
9.434726238250732422e-01
9.507475495338439941e-01
7.718470692634582520e-01
6.488403677940368652e-01
8.565500378608703613e-01
7.487858533859252930e-01
8.611801862716674805e-01
1.022526472806930542e-01
5.765157341957092285e-01
1.111789941787719727e-01
1.200800314545631409e-01
1.324406117200851440e-01
1.856959909200668335e-01
1.281084269285202026e-01
1.724654436111450195e-01
1.640273332595825195e-01
2.525376677513122559e-01
1.137829720973968506e-01
1.565157026052474976e-01
1.577926576137542725e-01
1.339457482099533081e-01
1.072801649570465088e-01
1.291448771953582764e-01
1.010786369442939758e-01
1.197573766112327576e-01
8.622151613235473633e-02
1.328313350677490234e-01
9.080223739147186279e-02
1.207635402679443359e-01
1.248601973056793213e-01
1.066582724452018738e-01
6.786202788352966309e-01
9.594643712043762207e-01
8.346794247627258301e-01
2.785898447036743164e-01
5.531694293022155762e-01
6.267652511596679688e-01
5.031557083129882812e-01
9.421013593673706055e-01
8.223749995231628418e-01
8.143998980522155762e-01
1.791900396347045898e-01
8.226593732833862305e-01
8.380604386329650879e-01
2.175141870975494385e-01
6.346723437309265137e-01
9.273911118507385254e-01
6.119718551635742188e-01
9.173505306243896484e-01
8.794465065002441406e-01
5.465040802955627441e-01
1.984711736440658569e-01
9.959853291511535645e-01
9.363608956336975098e-01
1.570660918951034546e-01
7.164619565010070801e-01
9.866830706596374512e-01
7.745671868324279785e-01
6.661571264266967773e-01
8.692330121994018555e-01
9.148448109626770020e-01
9.441700577735900879e-01
9.498518109321594238e-01
4.240494668483734131e-01
8.643600940704345703e-01
9.228516221046447754e-01
9.067215323448181152e-01
7.839947342872619629e-01
4.350773692131042480e-01
7.818633913993835449e-01
3.111891150474548340e-01
9.654718637466430664e-01
8.865390419960021973e-01
4.802210927009582520e-01
6.642057299613952637e-01
6.630538702011108398e-01
9.548166394233703613e-01
9.335759878158569336e-01
9.819319248199462891e-01
2.788057923316955566e-01
7.399876713752746582e-01
8.566242456436157227e-01
9.270679354667663574e-01
9.701498746871948242e-01
1.009143710136413574e+00
9.504451751708984375e-01
9.347198605537414551e-01
7.964668273925781250e-01
8.108113408088684082e-01
6.260461211204528809e-01
1.474852114915847778e-01
8.947412371635437012e-01
9.339760541915893555e-01
8.612509965896606445e-01
9.334841370582580566e-01
4.925402104854583740e-01
7.428135275840759277e-01
7.349126338958740234e-01
6.820477247238159180e-01
8.906520605087280273e-01
9.004418253898620605e-01
3.086537718772888184e-01
7.586910128593444824e-01
6.226336956024169922e-01
5.401255488395690918e-01
9.986233115196228027e-01
9.303717017173767090e-01
9.527145624160766602e-01
1.008445739746093750e+00
5.669402480125427246e-01
6.493865847587585449e-01
8.305450081825256348e-01
6.406064033508300781e-01
8.959086537361145020e-01
8.037233948707580566e-01
3.352725207805633545e-01
1.000208497047424316e+00
9.376127123832702637e-01
9.405255317687988281e-01
8.100692629814147949e-01
8.375228047370910645e-01
8.343870043754577637e-01
8.846386671066284180e-01
5.989233851432800293e-01
8.928036689758300781e-01
5.555059909820556641e-01
8.026539683341979980e-01
8.132364153861999512e-01
3.671032488346099854e-01
9.281873703002929688e-01
8.647298216819763184e-01
6.343173980712890625e-01
1.885086447000503540e-01
7.886837720870971680e-01
9.131557941436767578e-01
9.352917075157165527e-01
9.859503507614135742e-01
9.976429939270019531e-01
9.613298773765563965e-01
9.249007105827331543e-01
8.136131763458251953e-01
8.827778697013854980e-01
9.420865774154663086e-01
5.830106139183044434e-01
4.823270142078399658e-01
3.613166809082031250e-01
7.492002844810485840e-01
5.725278258323669434e-01
1.963722407817840576e-01
8.537679910659790039e-01
8.374065756797790527e-01
8.914470672607421875e-01
9.734962582588195801e-01
8.454844355583190918e-01
6.968477368354797363e-01
1.652285605669021606e-01
9.026699662208557129e-01
1.049648404121398926e+00
9.663758277893066406e-01
7.002971172332763672e-01
8.185790777206420898e-01
6.793054938316345215e-01
5.017811059951782227e-01
9.800491333007812500e-01
3.724411725997924805e-01
2.058627903461456299e-01
2.969244420528411865e-01
7.696020007133483887e-01
6.319030523300170898e-01
6.643599867820739746e-01
8.559659123420715332e-01
6.312873363494873047e-01
5.470916032791137695e-01
9.199197888374328613e-01
7.423437833786010742e-01
7.245421409606933594e-01
6.594573855400085449e-01
8.870028853416442871e-01
7.082611322402954102e-01
8.834112286567687988e-01
8.908416032791137695e-01
8.192204684019088745e-02
1.548656970262527466e-01
1.943160444498062134e-01
1.234294325113296509e-01
1.132329478859901428e-01
9.506881237030029297e-02
7.039476186037063599e-02
1.035463139414787292e-01
1.368471533060073853e-01
1.216750517487525940e-01
1.220794245600700378e-01
7.822756469249725342e-02
1.238671615719795227e-01
1.250653117895126343e-01
1.234672442078590393e-01
1.495010405778884888e-01
1.285920292139053345e-01
1.066111847758293152e-01
6.591410189867019653e-02
9.920112788677215576e-02
1.225670129060745239e-01
2.024670988321304321e-01
2.598358392715454102e-01
3.514354228973388672e-01
1.980208009481430054e-01
2.162262052297592163e-01
6.366654634475708008e-01
2.320081442594528198e-01
2.558041810989379883e-01
1.909225732088088989e-01
3.291818201541900635e-01
8.753826618194580078e-01
9.646574854850769043e-01
1.479708403348922729e-01
9.304723888635635376e-02
1.070487946271896362e-01
1.196416988968849182e-01
1.205462589859962463e-01
1.018002405762672424e-01
1.298100948333740234e-01
1.646599918603897095e-01
1.486018300056457520e-01
3.885633647441864014e-01
1.473007053136825562e-01
9.618334472179412842e-02
1.747073084115982056e-01
1.699623465538024902e-01
2.101306319236755371e-01
1.192073971033096313e-01
1.678825616836547852e-01
3.221655786037445068e-01
7.391695380210876465e-01
2.110853046178817749e-01
7.509192824363708496e-01
1.929439157247543335e-01
1.533993929624557495e-01
4.148305952548980713e-01
6.560741066932678223e-01
1.999846696853637695e-01
1.044321432709693909e-01
2.411021590232849121e-01
9.014476537704467773e-01
1.271673738956451416e-01
1.606307476758956909e-01
4.441295266151428223e-01
5.792682766914367676e-01
2.344516962766647339e-01
6.766129732131958008e-01
2.023295909166336060e-01
3.261718153953552246e-01
3.497775495052337646e-01
7.449849843978881836e-01
1.394796818494796753e-01
2.431496679782867432e-01
3.703041672706604004e-01
7.758395075798034668e-01
2.018247097730636597e-01
6.625484824180603027e-01
8.788250088691711426e-01
1.642909497022628784e-01
4.668575823307037354e-01
7.938857674598693848e-01
4.216330647468566895e-01
1.932936012744903564e-01
9.639744162559509277e-01
8.710241317749023438e-01
8.346641659736633301e-01
5.345548987388610840e-01
8.089762330055236816e-01
6.057214736938476562e-01
4.576511085033416748e-01
7.943676114082336426e-01
3.506222963333129883e-01
2.748082876205444336e-01
9.261297583580017090e-01
4.411541223526000977e-01
2.239966988563537598e-01
2.698017954826354980e-01
7.673482298851013184e-01
5.586311817169189453e-01
2.439515292644500732e-01
5.607563853263854980e-01
6.140851378440856934e-01
1.344608068466186523e-01
9.866473674774169922e-01
7.751671075820922852e-01
5.877457261085510254e-01
3.695847690105438232e-01
6.136772632598876953e-01
4.441635906696319580e-01
9.585772156715393066e-01
3.522161841392517090e-01
9.123008847236633301e-01
1.576022207736968994e-01
9.222956895828247070e-01
7.477061152458190918e-01
9.112535119056701660e-01
2.344192117452621460e-01
7.458202242851257324e-01
9.354731440544128418e-01
3.793424665927886963e-01
1.868775039911270142e-01
5.722376704216003418e-01
5.251563787460327148e-01
2.220210134983062744e-01
6.047872900962829590e-01
1.479496508836746216e-01
1.052433028817176819e-01
9.657029807567596436e-02
9.757233411073684692e-02
8.621215820312500000e-02
1.296406984329223633e-01
1.019865199923515320e-01
2.238049060106277466e-01
6.957926750183105469e-01
2.451203018426895142e-01
1.844657063484191895e-01
8.370713889598846436e-02
6.548065692186355591e-02
3.047183752059936523e-01
1.370040029287338257e-01
2.486890703439712524e-01
8.567817211151123047e-01
1.009979024529457092e-01
6.504908204078674316e-02
2.128139585256576538e-01
1.613503843545913696e-01
2.062915116548538208e-01
5.430932044982910156e-01
1.035475656390190125e-01
1.601816862821578979e-01
1.297098845243453979e-01
8.566135913133621216e-02
9.896191954612731934e-02
1.507931798696517944e-01
1.232155784964561462e-01
1.362189054489135742e-01
1.319193691015243530e-01
1.240874603390693665e-01
9.120477735996246338e-02
1.316646337509155273e-01
1.131017580628395081e-01
1.210652440786361694e-01
1.107968464493751526e-01
1.283042132854461670e-01
1.021396145224571228e-01
1.081670373678207397e-01
1.237164437770843506e-01
1.069110184907913208e-01
1.627928316593170166e-01
1.141149178147315979e-01
8.813058733940124512e-01
4.230166375637054443e-01
4.222767055034637451e-01
2.626872658729553223e-01
3.629295229911804199e-01
1.713797152042388916e-01
3.282523155212402344e-01
5.109039545059204102e-01
1.224931105971336365e-01
5.031381249427795410e-01
3.753030598163604736e-01
1.753798574209213257e-01
6.344112753868103027e-01
7.030138969421386719e-01
2.582980990409851074e-01
2.721303999423980713e-01
1.015239804983139038e-01
1.571899950504302979e-01
9.076265692710876465e-01
8.346961736679077148e-01
4.910323619842529297e-01
5.980269908905029297e-01
3.313323259353637695e-01
5.776563882827758789e-01
2.532062828540802002e-01
2.369558364152908325e-01
9.149190187454223633e-01
9.461927413940429688e-01
1.363210380077362061e-01
8.166138529777526855e-01
8.963903784751892090e-01
5.085092186927795410e-01
5.268541574478149414e-01
8.458735942840576172e-01
1.524965763092041016e-01
8.081192374229431152e-01
3.392460942268371582e-01
5.519112944602966309e-01
7.493363618850708008e-01
8.658477067947387695e-01
9.132843613624572754e-01
5.222969651222229004e-01
7.185989022254943848e-01
9.465085268020629883e-01
5.467056035995483398e-01
9.044479131698608398e-01
6.914080977439880371e-01
2.938447594642639160e-01
5.714638233184814453e-01
3.022889196872711182e-01
8.509129881858825684e-01
9.055393934249877930e-01
1.080105900764465332e+00
1.183404028415679932e-01
4.448091387748718262e-01
1.982225328683853149e-01
4.725238382816314697e-01
7.449633479118347168e-01
1.874313354492187500e-01
9.593396186828613281e-01
1.733045428991317749e-01
8.847461938858032227e-01
8.722985386848449707e-01
7.772068381309509277e-01
8.971017003059387207e-01
4.338164329528808594e-01
7.381498813629150391e-01
5.682790875434875488e-01
6.729795932769775391e-01
4.723166227340698242e-01
3.722592592239379883e-01
7.014084458351135254e-01
8.645401000976562500e-01
8.360255956649780273e-01
5.994712710380554199e-01
7.572707533836364746e-01
1.279815286397933960e-01
8.325144648551940918e-01
9.928727149963378906e-01
9.523273706436157227e-01
9.247834682464599609e-01
3.773861229419708252e-01
3.613623082637786865e-01
5.347239971160888672e-01
9.066477417945861816e-01
6.781482100486755371e-01
6.068292260169982910e-01
1.968434154987335205e-01
5.173967480659484863e-01
5.053290128707885742e-01
9.122207760810852051e-01
6.792340874671936035e-01
3.114536702632904053e-01
4.107706248760223389e-01
7.318788170814514160e-01
1.443661302328109741e-01
7.135561108589172363e-01
1.128890588879585266e-01
1.366481035947799683e-01
1.441590189933776855e-01
7.679826021194458008e-02
1.550816893577575684e-01
8.635397255420684814e-02
7.498428225517272949e-02
5.688102170825004578e-02
1.091973483562469482e-01
1.778802424669265747e-01
4.736691117286682129e-01
6.269363164901733398e-01
1.349244713783264160e-01
1.280154585838317871e-01
7.731157541275024414e-02
7.977068424224853516e-02
7.764095813035964966e-02
8.981562405824661255e-02
1.220341250300407410e-01
4.981403425335884094e-02
7.668016105890274048e-02
1.030072271823883057e-01
1.129401698708534241e-01
9.408854693174362183e-02
1.393457651138305664e-01
1.061733663082122803e-01
1.182897835969924927e-01
1.089187860488891602e-01
8.073031157255172729e-02
9.470258653163909912e-02
4.076223075389862061e-01
1.131131872534751892e-01
1.604653894901275635e-01
1.912863850593566895e-01
7.698640227317810059e-02
5.827237963676452637e-01
2.471122741699218750e-01
6.171367168426513672e-01
3.878732919692993164e-01
4.415905177593231201e-01
5.057772994041442871e-01
1.128106191754341125e-01
1.612232923507690430e-01
2.148309350013732910e-01
1.175471469759941101e-01
1.648054122924804688e-01
2.313034832477569580e-01
1.112330406904220581e-01
1.207262799143791199e-01
1.517737507820129395e-01
1.421579420566558838e-01
1.600669026374816895e-01
3.563556075096130371e-01
1.968210488557815552e-01
2.578972578048706055e-01
3.293690681457519531e-01
1.195239722728729248e-01
1.386778056621551514e-01
6.358727812767028809e-01
9.135220646858215332e-01
1.018417477607727051e-01
8.900189399719238281e-02
9.641369432210922241e-02
1.169976592063903809e-01
6.422910839319229126e-02
9.719570726156234741e-02
6.422359496355056763e-02
1.071026697754859924e-01
5.163175463676452637e-01
3.564372062683105469e-01
1.148244440555572510e-01
1.589365005493164062e-01
6.040858030319213867e-01
1.136684417724609375e-01
9.831741452217102051e-02
1.180729418992996216e-01
1.288010478019714355e-01
9.440313279628753662e-02
1.178019493818283081e-01
1.013657525181770325e-01
1.295810192823410034e-01
4.664905369281768799e-01
8.952132612466812134e-02
1.353545933961868286e-01
7.474269270896911621e-01
5.802011489868164062e-01
8.467862010002136230e-01
2.805311381816864014e-01
1.286376565694808960e-01
3.582563400268554688e-01
1.011716201901435852e-01
1.020347550511360168e-01
1.339674592018127441e-01
4.660689830780029297e-01
4.981043636798858643e-01
3.308968544006347656e-01
6.987654566764831543e-01
6.797061562538146973e-01
9.094598889350891113e-01
1.345251798629760742e-01
3.996772468090057373e-01
3.416030108928680420e-01
1.981622576713562012e-01
5.125039815902709961e-01
8.477879166603088379e-01
1.312585920095443726e-01
4.571793377399444580e-01
1.594020724296569824e-01
8.683019280433654785e-01
7.562069296836853027e-01
7.442136406898498535e-01
1.031521081924438477e+00
5.103331804275512695e-01
4.315806329250335693e-01
1.627729982137680054e-01
6.452741622924804688e-01
1.204987466335296631e-01
1.079790368676185608e-01
3.027620911598205566e-01
1.805697083473205566e-01
1.226001083850860596e-01
6.782276928424835205e-02
9.676558524370193481e-02
1.107582524418830872e-01
8.946207910776138306e-02
6.609812378883361816e-02
6.323286145925521851e-02
8.660582453012466431e-02
1.121604144573211670e-01
7.182002067565917969e-02
7.850672304630279541e-02
1.396430730819702148e-01
9.553848952054977417e-02
1.152700930833816528e-01
1.940772086381912231e-01
3.106192648410797119e-01
1.119489818811416626e-01
1.499545723199844360e-01
1.115113720297813416e-01
1.058814078569412231e-01
1.051354855298995972e-01
1.140816360712051392e-01
1.093662232160568237e-01
4.254377484321594238e-01
9.602070599794387817e-02
9.884274005889892578e-02
9.915012866258621216e-02
9.251359105110168457e-02
1.592144668102264404e-01
9.369012713432312012e-02
1.674273461103439331e-01
4.389489591121673584e-01
2.043185979127883911e-01
1.022440716624259949e-01
8.375220000743865967e-02
1.016268134117126465e-01
1.317940652370452881e-01
1.216195970773696899e-01
4.697633981704711914e-01
3.078789114952087402e-01
2.944036424160003662e-01
1.219706013798713684e-01
4.263140857219696045e-01
1.076333448290824890e-01
1.691193431615829468e-01
1.742164045572280884e-01
1.923014074563980103e-01
1.073047071695327759e-01
5.119281411170959473e-01
1.634497493505477905e-01
1.708297431468963623e-01
1.254017800092697144e-01
1.650335043668746948e-01
1.268145292997360229e-01
1.538211256265640259e-01
1.957670599222183228e-01
1.142495125532150269e-01
1.423608958721160889e-01
2.845518589019775391e-01
1.009631007909774780e-01
6.450728178024291992e-01
1.630116552114486694e-01
2.063872516155242920e-01
5.135920047760009766e-01
1.483522653579711914e-01
1.002765372395515442e-01
8.468738943338394165e-02
1.411737054586410522e-01
1.182037368416786194e-01
1.118744239211082458e-01
8.171004056930541992e-02
1.521943360567092896e-01
1.009177416563034058e-01
1.216847375035285950e-01
1.324227452278137207e-01
1.133293360471725464e-01
9.992592036724090576e-02
8.699821680784225464e-02
8.810355514287948608e-02
1.381209343671798706e-01
1.236827373504638672e-01
1.213900893926620483e-01
1.249652653932571411e-01
7.340858131647109985e-02
8.021959662437438965e-02
1.021054759621620178e-01
1.210728138685226440e-01
1.043227389454841614e-01
9.759642183780670166e-02
8.461920917034149170e-02
1.036513596773147583e-01
4.721991121768951416e-01
1.773117333650588989e-01
4.365898370742797852e-01
5.833468437194824219e-01
2.626683115959167480e-01
1.034745872020721436e-01
6.580740809440612793e-01
3.823976814746856689e-01
1.422447860240936279e-01
3.779147267341613770e-01
3.015232384204864502e-01
4.494502842426300049e-01
1.258029788732528687e-01
3.785259127616882324e-01
6.636595726013183594e-01
1.987233161926269531e-01
1.554628163576126099e-01
8.761642575263977051e-01
6.960544586181640625e-01
1.314071118831634521e-01
4.590458571910858154e-01
1.338457018136978149e-01
7.407476902008056641e-01
2.488229274749755859e-01
1.767006665468215942e-01
6.557551622390747070e-01
7.934337109327316284e-02
2.862296402454376221e-01
1.618610173463821411e-01
7.370982766151428223e-01
1.404339075088500977e-01
8.088310062885284424e-02
7.590484023094177246e-01
2.279993444681167603e-01
8.420318961143493652e-01
8.124498724937438965e-01
8.612642288208007812e-01
6.017337441444396973e-01
7.484777569770812988e-01
8.111022710800170898e-01
8.635628223419189453e-01
5.989571809768676758e-01
4.493979215621948242e-01
4.995938837528228760e-01
3.423544466495513916e-01
2.859171032905578613e-01
9.376403689384460449e-01
6.586112976074218750e-01
6.324923038482666016e-01
8.479435443878173828e-01
1.177850216627120972e-01
8.183138370513916016e-01
6.313630938529968262e-01
9.080118536949157715e-01
6.355036497116088867e-01
7.969930768013000488e-01
6.159566640853881836e-01
7.639713287353515625e-01
7.578742504119873047e-01
5.131646990776062012e-01
6.507928967475891113e-01
3.096427619457244873e-01
5.860241055488586426e-01
1.925317794084548950e-01
8.995398879051208496e-01
9.042870998382568359e-01
8.581768274307250977e-01
1.291789114475250244e-01
8.496607542037963867e-01
1.251168698072433472e-01
1.367833763360977173e-01
2.210430055856704712e-01
2.847896218299865723e-01
1.228094473481178284e-01
8.678452968597412109e-01
7.973331809043884277e-01
2.229285687208175659e-01
6.420449018478393555e-01
9.467284679412841797e-01
6.970788836479187012e-01
8.910624384880065918e-01
8.995754718780517578e-01
1.522258967161178589e-01
1.158495172858238220e-01
8.817523121833801270e-01
8.556290864944458008e-01
6.986768841743469238e-01
4.652900099754333496e-01
8.330314755439758301e-01
8.720896244049072266e-01
9.023743271827697754e-01
4.292010962963104248e-01
4.734695255756378174e-01
6.358704566955566406e-01
4.262894093990325928e-01
8.389193415641784668e-01
4.726100265979766846e-01
3.899093717336654663e-02
1.260408312082290649e-01
5.109992623329162598e-02
1.000240296125411987e-01
1.308958977460861206e-01
9.271430969238281250e-02
1.224830001592636108e-01
7.818318903446197510e-02
8.210101723670959473e-02
1.206797659397125244e-01
1.059420555830001831e-01
8.152430504560470581e-02
1.237267851829528809e-01
9.009679406881332397e-02
8.912894129753112793e-02
9.047878533601760864e-02
1.410526931285858154e-01
2.530180513858795166e-01
1.335162669420242310e-01
1.422649919986724854e-01
2.872030138969421387e-01
9.871943295001983643e-02
7.752516120672225952e-02
2.624903321266174316e-01
2.836366295814514160e-01
2.706375420093536377e-01
6.842118501663208008e-01
8.152547478675842285e-02
1.240364536643028259e-01
1.148054450750350952e-01
5.865408182144165039e-01
9.935480356216430664e-02
6.583632528781890869e-02
1.582955867052078247e-01
1.064468994736671448e-01
4.658855870366096497e-02
8.282601088285446167e-02
1.049238145351409912e-01
1.117350906133651733e-01
2.195504754781723022e-01
8.034015446901321411e-02
1.345365196466445923e-01
1.184440106153488159e-01
8.232954144477844238e-02
1.051859632134437561e-01
1.208178251981735229e-01
1.550022363662719727e-01
1.319486498832702637e-01
1.206651404500007629e-01
1.295080929994583130e-01
5.407508015632629395e-01
1.018836870789527893e-01
1.174163073301315308e-01
9.998262673616409302e-02
1.352872699499130249e-01
5.465764403343200684e-01
1.400611996650695801e-01
1.619575321674346924e-01
1.571819037199020386e-01
3.087381720542907715e-01
1.542507708072662354e-01
8.136074542999267578e-01
1.075223907828330994e-01
1.192529201507568359e-01
2.299760133028030396e-01
1.346048414707183838e-01
3.220825791358947754e-01
2.200234085321426392e-01
3.153280913829803467e-01
9.494431316852569580e-02
4.498910307884216309e-01
2.934394478797912598e-01
2.063271850347518921e-01
1.678154468536376953e-01
1.025365814566612244e-01
3.780324161052703857e-01
7.420163154602050781e-01
4.267666041851043701e-01
7.813842892646789551e-01
3.091019988059997559e-01
5.057970881462097168e-01
1.259366720914840698e-01
7.338946312665939331e-02
2.988221347332000732e-01
1.396052986383438110e-01
1.376999169588088989e-01
8.747792243957519531e-02
1.840507537126541138e-01
6.512449681758880615e-02
7.216206192970275879e-02
5.197146534919738770e-01
3.182583153247833252e-01
2.418994009494781494e-01
1.430868506431579590e-01
1.932414174079895020e-01
5.659524798393249512e-01
5.801151394844055176e-01
7.901434302330017090e-01
1.248772889375686646e-01
2.237262129783630371e-01
1.221204176545143127e-01
4.059812724590301514e-01
8.851278573274612427e-02
2.216311097145080566e-01
2.914700210094451904e-01
3.126554191112518311e-01
7.794643640518188477e-01
4.687331318855285645e-01
7.282290458679199219e-01
8.854434639215469360e-02
9.277454763650894165e-02
1.084563508629798889e-01
1.115119680762290955e-01
1.024811416864395142e-01
7.619253545999526978e-02
5.026719719171524048e-02
8.456093817949295044e-02
1.509014964103698730e-01
8.669349551200866699e-02
5.933675765991210938e-01
1.015080586075782776e-01
1.424804031848907471e-01
1.153354197740554810e-01
7.778483629226684570e-01
2.632730007171630859e-01
1.365199685096740723e-01
1.211743727326393127e-01
3.115376234054565430e-01
1.221316009759902954e-01
1.018236950039863586e-01
6.209286674857139587e-02
8.457151055335998535e-02
1.311382651329040527e-01
1.428381055593490601e-01
7.946417480707168579e-02
1.272637844085693359e-01
9.297657757997512817e-02
4.132509529590606689e-01
8.478252589702606201e-02
2.016760557889938354e-01
9.429495036602020264e-02
9.360348433256149292e-02
1.068050712347030640e-01
1.308536380529403687e-01
8.064951002597808838e-02
1.129301115870475769e-01
2.335335165262222290e-01
1.445720046758651733e-01
1.032373011112213135e-01
8.661273866891860962e-02
1.098987907171249390e-01
8.019331097602844238e-02
1.136379167437553406e-01
8.115495443344116211e-01
1.189134865999221802e-01
1.803539544343948364e-01
1.032051518559455872e-01
6.256580352783203125e-01
3.004343807697296143e-01
6.955584287643432617e-01
1.519564390182495117e-01
1.696443259716033936e-01
8.343554139137268066e-01
1.417864710092544556e-01
7.417713999748229980e-01
7.461490631103515625e-01
9.813887625932693481e-02
4.092082083225250244e-01
2.690814733505249023e-01
4.474984109401702881e-01
6.349774003028869629e-01
7.760860919952392578e-01
5.828579664230346680e-01
6.279469132423400879e-01
2.407161891460418701e-01
1.459275484085083008e-01
8.240565657615661621e-02
1.274708509445190430e-01
1.565661132335662842e-01
3.526622951030731201e-01
3.016421198844909668e-01
5.292669534683227539e-01
6.335083395242691040e-02
9.026054292917251587e-02
7.446878403425216675e-02
2.471232414245605469e-01
7.440834641456604004e-01
1.467967480421066284e-01
1.784424334764480591e-01
1.942779719829559326e-01
1.512090414762496948e-01
2.026135623455047607e-01
1.033538803458213806e-01
2.401057034730911255e-01
8.580904603004455566e-01
8.272494673728942871e-01
7.068536877632141113e-01
2.810152173042297363e-01
7.580035924911499023e-01
9.306340217590332031e-01
8.559548854827880859e-01
7.630867362022399902e-01
4.806535542011260986e-01
7.785778641700744629e-01
9.473715424537658691e-01
1.997037827968597412e-01
2.498079538345336914e-01
8.341968059539794922e-01
1.933653503656387329e-01
1.304266452789306641e-01
1.258477121591567993e-01
1.248096823692321777e-01
4.375044703483581543e-01
4.749261140823364258e-01
8.496986627578735352e-01
1.723387241363525391e-01
2.092057019472122192e-01
4.723421633243560791e-01
7.516380548477172852e-01
6.181648373603820801e-01
9.900957345962524414e-01
8.574137687683105469e-01
7.932975292205810547e-01
1.096994429826736450e-01
7.558619379997253418e-01
8.437563776969909668e-01
7.732841372489929199e-01
7.056694626808166504e-01
6.137352585792541504e-01
6.297525167465209961e-01
7.515047788619995117e-01
9.111570119857788086e-01
8.563122153282165527e-01
4.869364798069000244e-01
5.860604643821716309e-01
1.871402859687805176e-01
5.994719862937927246e-01
1.087585091590881348e-01
8.614237904548645020e-01
7.495691180229187012e-01
3.906670212745666504e-01
1.459189951419830322e-01
8.362983465194702148e-01
4.856699109077453613e-01
1.451384872198104858e-01
8.379443883895874023e-01
1.146887615323066711e-01
7.695900201797485352e-01
7.156991362571716309e-01
9.265119433403015137e-01
6.562489867210388184e-01
6.396177411079406738e-01
6.697998642921447754e-01
8.763208389282226562e-01
1.478325277566909790e-01
2.822105884552001953e-01
1.171587556600570679e-01
8.479356169700622559e-01
6.220821738243103027e-01
1.244723796844482422e-01
5.240247249603271484e-01
7.415373921394348145e-01
8.428339362144470215e-01
8.774462938308715820e-01
8.528424501419067383e-01
8.966341614723205566e-01
1.121339276432991028e-01
1.390729397535324097e-01
6.452528238296508789e-01
6.096530556678771973e-01
8.892858028411865234e-01
6.323729157447814941e-01
1.453858315944671631e-01
1.008898764848709106e-01
1.745372563600540161e-01
8.860564976930618286e-02
1.015626117587089539e-01
1.018332764506340027e-01
1.128223165869712830e-01
1.253029555082321167e-01
8.261433988809585571e-02
1.016128584742546082e-01
7.495938986539840698e-02
1.096658781170845032e-01
8.820781856775283813e-02
5.862030014395713806e-02
7.435840368270874023e-02
1.550842225551605225e-01
1.298077255487442017e-01
1.052778363227844238e-01
2.463348954916000366e-01
9.597817808389663696e-02
1.220613047480583191e-01
7.929301857948303223e-01
3.164327144622802734e-01
3.204045891761779785e-01
1.106741502881050110e-01
1.074653342366218567e-01
4.612286686897277832e-01
4.983291625976562500e-01
2.162654548883438110e-01
4.634236097335815430e-01
7.246026992797851562e-01
8.169984221458435059e-01
1.095020696520805359e-01
9.377402067184448242e-02
1.064109951257705688e-01
1.036427021026611328e-01
8.056748658418655396e-02
1.380715966224670410e-01
7.492192834615707397e-02
1.169216036796569824e-01
9.131101518869400024e-02
1.276727020740509033e-01
1.238779947161674500e-01
7.451494783163070679e-02
1.312976181507110596e-01
1.272806674242019653e-01
4.545620381832122803e-01
1.222966983914375305e-01
1.828550696372985840e-01
1.112724691629409790e-01
1.344949156045913696e-01
1.018579602241516113e-01
1.134123504161834717e-01
1.276669800281524658e-01
1.163093894720077515e-01
1.529022306203842163e-01
1.516684591770172119e-01
1.607136875391006470e-01
1.271899789571762085e-01
5.580476522445678711e-01
1.223803460597991943e-01
4.940180182456970215e-01
1.196794509887695312e-01
9.843063354492187500e-02
1.121144518256187439e-01
1.247819438576698303e-01
1.013567447662353516e-01
1.364446878433227539e-01
2.454532682895660400e-01
5.041087865829467773e-01
1.133578568696975708e-01
2.243402153253555298e-01
1.033673435449600220e-01
5.355826616287231445e-01
1.738823503255844116e-01
1.730704903602600098e-01
6.650597453117370605e-01
1.089298427104949951e-01
2.625088393688201904e-01
8.052676171064376831e-02
8.957807719707489014e-02
2.058765739202499390e-01
3.038869798183441162e-01
1.031654104590415955e-01
1.796953529119491577e-01
7.569299936294555664e-01
3.602489829063415527e-01
5.807859897613525391e-01
4.309722781181335449e-01
1.565143316984176636e-01
7.299675345420837402e-01
1.662453860044479370e-01
1.026377081871032715e-01
1.065473929047584534e-01
6.238735318183898926e-01
2.138597518205642700e-01
6.216005086898803711e-01
6.966560333967208862e-02
9.277504086494445801e-01
1.075312122702598572e-01
7.503237128257751465e-01
7.353087067604064941e-01
1.303974390029907227e-01
1.272203028202056885e-01
1.897597908973693848e-01
7.909315824508666992e-01
1.684408187866210938e-01
9.865093976259231567e-02
6.439138650894165039e-01
6.580852270126342773e-01
3.481606841087341309e-01
1.266622543334960938e-01
1.419419795274734497e-01
8.965428173542022705e-02
8.169003576040267944e-02
6.943611800670623779e-02
9.599643945693969727e-02
7.828259468078613281e-02
9.731180965900421143e-02
1.040053442120552063e-01
9.874606132507324219e-02
2.508752048015594482e-01
1.654749959707260132e-01
1.797323673963546753e-01
3.011221289634704590e-01
2.411616593599319458e-01
2.109156847000122070e-01
6.359420716762542725e-02
2.011248916387557983e-01
8.224195241928100586e-01
3.838345706462860107e-01
2.741859555244445801e-01
7.823836058378219604e-02
1.386578679084777832e-01
7.459767162799835205e-02
1.193557307124137878e-01
1.084421947598457336e-01
2.337960153818130493e-01
1.718909591436386108e-01
1.782958358526229858e-01
4.488164484500885010e-01
2.547371089458465576e-01
1.301421821117401123e-01
1.512724161148071289e-01
1.101628467440605164e-01
1.886675357818603516e-01
8.052718639373779297e-02
1.439416706562042236e-01
9.467322379350662231e-02
8.129676431417465210e-02
9.055844694375991821e-02
1.357241719961166382e-01
8.872625231742858887e-02
9.242372214794158936e-02
1.663506329059600830e-01
1.236587315797805786e-01
1.834520101547241211e-01
1.278436034917831421e-01
1.082674711942672729e-01
1.433110684156417847e-01
1.029124334454536438e-01
6.170542240142822266e-01
8.436211347579956055e-01
2.323201894760131836e-01
6.033654212951660156e-01
2.023994177579879761e-01
3.849774599075317383e-01
5.064876675605773926e-01
2.697893083095550537e-01
7.219761610031127930e-01
1.313796192407608032e-01
3.223084807395935059e-01
4.721167981624603271e-01
3.643651306629180908e-01
7.328548431396484375e-01
5.141716003417968750e-01
7.187591791152954102e-01
4.806338548660278320e-01
8.321354985237121582e-01
3.602145016193389893e-01
8.731371760368347168e-01
9.890486299991607666e-02
5.189679861068725586e-01
1.879250556230545044e-01
4.904013127088546753e-02
9.876379966735839844e-01
7.651374936103820801e-01
9.346795082092285156e-01
8.977463245391845703e-01
5.026116371154785156e-01
8.732168674468994141e-01
2.475356757640838623e-01
2.521691024303436279e-01
2.398992478847503662e-01
4.848676919937133789e-01
1.367881596088409424e-01
6.094909906387329102e-01
5.928073525428771973e-01
5.813810825347900391e-01
1.969280689954757690e-01
6.085486412048339844e-01
7.088913321495056152e-01
1.812387704849243164e-01
2.618164122104644775e-01
5.572640895843505859e-01
3.661494851112365723e-01
3.467000126838684082e-01
5.224511623382568359e-01
8.623063564300537109e-01
5.702499151229858398e-01
5.643984079360961914e-01
4.037809967994689941e-01
7.403432726860046387e-01
9.267686605453491211e-01
7.571676373481750488e-01
1.486900895833969116e-01
5.850092172622680664e-01
3.317897021770477295e-01
2.779293954372406006e-01
2.558607757091522217e-01
7.714053988456726074e-01
6.797539591789245605e-01
9.111031293869018555e-01
7.462937235832214355e-01
7.696827650070190430e-01
3.215414285659790039e-01
9.251794219017028809e-01
5.876721143722534180e-01
9.037004709243774414e-01
1.658235341310501099e-01
1.123085916042327881e-01
6.087815165519714355e-01
4.577815532684326172e-01
6.045661568641662598e-01
1.752263605594635010e-01
9.325161576271057129e-01
8.319998383522033691e-01
6.094691753387451172e-01
4.442215263843536377e-01
1.242664679884910583e-01
3.038294911384582520e-01
1.120016947388648987e-01
6.148780584335327148e-01
6.169524192810058594e-01
1.213797256350517273e-01
5.619898438453674316e-01
7.953943014144897461e-01
8.341802358627319336e-01
9.184240698814392090e-01
7.784234285354614258e-01
5.724610090255737305e-01
9.205803275108337402e-01
8.449432849884033203e-01
3.797316849231719971e-01
7.948162555694580078e-01
7.857462167739868164e-01
8.641276955604553223e-01
7.027591466903686523e-01
1.464900374412536621e-01
5.610515475273132324e-01
7.675526142120361328e-01
6.815522313117980957e-01
8.736925125122070312e-01
8.276454806327819824e-01
7.369847893714904785e-01
8.573952913284301758e-01
3.138847351074218750e-01
5.992013812065124512e-01
1.484385132789611816e-01
7.675575613975524902e-01
9.291211366653442383e-01
5.298758745193481445e-01
7.901589870452880859e-01
7.286285758018493652e-01
8.487523794174194336e-01
5.043212175369262695e-01
4.069065153598785400e-01
1.150883138179779053e-01
3.318714201450347900e-01
7.006368637084960938e-01
5.628378391265869141e-01
9.350795149803161621e-01
1.010022163391113281e+00
6.306000351905822754e-01
6.379953026771545410e-01
1.780646741390228271e-01
9.343303442001342773e-01
3.211806416511535645e-01
4.606851041316986084e-01
7.260469198226928711e-01
4.764630496501922607e-01
5.693353414535522461e-01
1.300240457057952881e-01
9.081685543060302734e-01
9.307005405426025391e-01
8.720163702964782715e-01
9.257970452308654785e-01
5.202784538269042969e-01
1.252830922603607178e-01
7.222111225128173828e-01
7.588876485824584961e-01
8.242031335830688477e-01
1.124988198280334473e-01
5.610584020614624023e-01
7.057336568832397461e-01
9.512651562690734863e-01
8.042053580284118652e-01
4.360714554786682129e-01
8.872464895248413086e-01
1.560919582843780518e-01
2.590389549732208252e-01
1.294713914394378662e-01
2.366698831319808960e-01
1.673625111579895020e-01
1.404674053192138672e-01
1.139634177088737488e-01
6.745979934930801392e-02
9.366218000650405884e-02
8.434823900461196899e-02
8.146638423204421997e-02
1.102485656738281250e-01
1.410786509513854980e-01
8.893400430679321289e-02
8.646837621927261353e-02
9.659102559089660645e-02
9.077474474906921387e-02
7.086995244026184082e-02
9.546514600515365601e-02
8.364842087030410767e-02
1.773004829883575439e-01
1.277576237916946411e-01
1.169965937733650208e-01
1.185343265533447266e-01
1.461844444274902344e-01
2.327385544776916504e-01
1.196222528815269470e-01
9.301026910543441772e-02
1.876176297664642334e-01
1.903321295976638794e-01
7.751050591468811035e-01
1.522326171398162842e-01
8.722443580627441406e-01
1.842887252569198608e-01
1.345458179712295532e-01
2.571169734001159668e-01
6.811388134956359863e-01
1.417128592729568481e-01
1.352789551019668579e-01
8.728596568107604980e-02
6.960640847682952881e-02
4.072996675968170166e-01
1.461887061595916748e-01
3.767361044883728027e-01
2.582208812236785889e-01
4.762675762176513672e-01
1.401748657226562500e-01
1.292020529508590698e-01
4.391114711761474609e-01
1.481797546148300171e-01
1.052418723702430725e-01
1.073002070188522339e-01
2.441362738609313965e-01
1.044304743409156799e-01
2.440868169069290161e-01
1.316624432802200317e-01
1.708399206399917603e-01
3.061833381652832031e-01
1.533848494291305542e-01
1.578523963689804077e-01
3.089372813701629639e-01
9.331531822681427002e-02
4.429802894592285156e-01
3.129105567932128906e-01
1.108921840786933899e-01
1.535973697900772095e-01
1.652933359146118164e-01
2.079625278711318970e-01
7.401143908500671387e-01
1.146222874522209167e-01
1.065248847007751465e-01
1.645392179489135742e-01
1.605100780725479126e-01
2.205220758914947510e-01
3.322716057300567627e-01
7.722291946411132812e-01
8.179589509963989258e-01
6.135007739067077637e-01
1.091019436717033386e-01
1.167536675930023193e-01
4.557615816593170166e-01
1.048112586140632629e-01
3.480921685695648193e-01
1.680330634117126465e-01
7.707421481609344482e-02
1.493642330169677734e-01
5.355065464973449707e-01
7.209272980690002441e-01
6.167469620704650879e-01
2.292930483818054199e-01
3.830077350139617920e-01
7.701677083969116211e-01
1.044055074453353882e-01
2.072491347789764404e-01
9.120875000953674316e-01
2.290123999118804932e-01
2.423783987760543823e-01
4.840357601642608643e-01
5.587692856788635254e-01
1.428196728229522705e-01
6.125515103340148926e-01
2.144995629787445068e-01
2.965814471244812012e-01
2.663430273532867432e-01
1.099866628646850586e-01
7.254173159599304199e-01
1.814021319150924683e-01
9.326804429292678833e-02
1.883586645126342773e-01
1.008562520146369934e-01
1.177719160914421082e-01
7.657113671302795410e-02
1.036347821354866028e-01
9.201814234256744385e-02
8.375876396894454956e-02
1.136048808693885803e-01
5.174019932746887207e-01
1.299706548452377319e-01
1.172223389148712158e-01
1.785502880811691284e-01
7.887796163558959961e-01
2.034193128347396851e-01
2.908208072185516357e-01
2.955468595027923584e-01
1.385845690965652466e-01
2.188938111066818237e-01
2.533546388149261475e-01
9.282270073890686035e-02
1.192893162369728088e-01
2.135457545518875122e-01
1.331368386745452881e-01
6.399915367364883423e-02
1.421003937721252441e-01
1.098839119076728821e-01
8.532590419054031372e-02
2.831460833549499512e-01
1.754893809556961060e-01
1.254192590713500977e-01
1.072977259755134583e-01
8.218329399824142456e-02
1.098361685872077942e-01
1.034871786832809448e-01
9.385567307472229004e-01
4.244095087051391602e-01
8.406924456357955933e-02
6.122380495071411133e-01
6.500118970870971680e-01
9.041250348091125488e-01
7.435380220413208008e-01
7.628671526908874512e-01
5.929279327392578125e-01
9.536675810813903809e-01
4.009453654289245605e-01
6.265476346015930176e-01
7.585545629262924194e-02
1.114196404814720154e-01
9.939289093017578125e-01
8.999880552291870117e-01
5.252943634986877441e-01
7.245730757713317871e-01
6.995338797569274902e-01
9.527700394392013550e-02
8.199247121810913086e-01
1.604838222265243530e-01
4.686607122421264648e-01
3.978880047798156738e-01
7.367581725120544434e-01
1.516558527946472168e-01
7.808628082275390625e-01
7.017088532447814941e-01
1.958035677671432495e-01
6.358076333999633789e-01
3.174274563789367676e-01
8.842306137084960938e-01
8.267863988876342773e-01
6.566361784934997559e-01
6.214408278465270996e-01
2.610375881195068359e-01
7.996562123298645020e-01
7.124956250190734863e-01
3.603697717189788818e-01
7.593925595283508301e-01
5.674162507057189941e-01
6.971688270568847656e-01
9.751454591751098633e-01
8.984160423278808594e-01
3.156698644161224365e-01
6.347393989562988281e-01
7.318326234817504883e-01
5.967710018157958984e-01
9.870737195014953613e-01
8.301484584808349609e-01
4.895177185535430908e-01
7.091733217239379883e-01
1.874594241380691528e-01
1.335919648408889771e-01
5.978147983551025391e-01
1.277508884668350220e-01
1.151935681700706482e-01
1.909959465265274048e-01
1.388196349143981934e-01
1.739965081214904785e-01
1.187103241682052612e-01
1.427948623895645142e-01
1.056612804532051086e-01
8.876765519380569458e-02
1.125349774956703186e-01
1.249259710311889648e-01
1.064941138029098511e-01
3.244828805327415466e-02
2.416408360004425049e-01
3.250475823879241943e-01
2.870559096336364746e-01
1.230836138129234314e-01
4.218381047248840332e-01
5.797967314720153809e-01
5.291377902030944824e-01
9.297744184732437134e-02
1.203784942626953125e-01
5.310475826263427734e-01
1.241110339760780334e-01
7.699889689683914185e-02
1.158279106020927429e-01
1.001755073666572571e-01
4.357458949089050293e-01
4.129779040813446045e-01
6.430904865264892578e-01
7.236421704292297363e-01
9.450239688158035278e-02
1.640942543745040894e-01
1.327217072248458862e-01
1.346840113401412964e-01
7.465454936027526855e-02
6.690024137496948242e-01
8.718487620353698730e-02
1.461490690708160400e-01
1.160694807767868042e-01
3.797534704208374023e-01
1.262516677379608154e-01
2.982902824878692627e-01
1.819700002670288086e-01
1.496914625167846680e-01
1.457311213016510010e-01
1.976760923862457275e-01
8.675180077552795410e-01
1.323135644197463989e-01
1.654954850673675537e-01
9.836934506893157959e-02
1.051350608468055725e-01
9.769935905933380127e-02
5.590071156620979309e-02
1.794448792934417725e-01
1.378513574600219727e-01
7.926411181688308716e-02
2.051178961992263794e-01
9.537295997142791748e-02
1.184738054871559143e-01
2.576341331005096436e-01
9.139435738325119019e-02
1.756644248962402344e-01
1.303201913833618164e-01
5.023906230926513672e-01
4.631161689758300781e-01
8.948092907667160034e-02
1.054157093167304993e-01
9.211499989032745361e-02
1.195377632975578308e-01
1.068821549415588379e-01
1.636966019868850708e-01
1.770873814821243286e-01
1.179401949048042297e-01
9.104421734809875488e-02
1.325588822364807129e-01
8.944854140281677246e-01
2.726998627185821533e-01
2.996758818626403809e-01
5.553372204303741455e-02
2.766208350658416748e-01
8.212618827819824219e-01
1.567874550819396973e-01
1.063660234212875366e-01
6.940082907676696777e-01
1.969405412673950195e-01
2.251404076814651489e-01
3.662650883197784424e-01
1.274449378252029419e-01
4.841172695159912109e-01
2.320465147495269775e-01
5.154533982276916504e-01
1.750021725893020630e-01
8.803529292345046997e-02
3.605023026466369629e-01
4.849211275577545166e-01
1.204589009284973145e-01
2.140640020370483398e-01
1.186730861663818359e-01
1.769196838140487671e-01
9.196017384529113770e-01
8.282795548439025879e-01
1.642937511205673218e-01
8.861172795295715332e-01
9.926716685295104980e-01
6.740893125534057617e-01
2.004308253526687622e-01
6.277016401290893555e-01
1.417804062366485596e-01
3.778249025344848633e-01
7.319422364234924316e-01
9.869827628135681152e-01
1.371024847030639648e-01
5.920923352241516113e-01
1.722689270973205566e-01
8.701448440551757812e-01
8.417655825614929199e-01
7.683049440383911133e-01
4.136209785938262939e-01
8.961628079414367676e-01
4.186462163925170898e-01
3.774963915348052979e-01
7.712767720222473145e-01
4.736556708812713623e-01
6.680916547775268555e-01
4.465191066265106201e-01
5.514997243881225586e-01
4.103870391845703125e-01
3.153850734233856201e-01
3.164764642715454102e-01
4.752049744129180908e-01
1.818070113658905029e-01
6.976505517959594727e-01
1.255138665437698364e-01
6.443722844123840332e-01
1.242268681526184082e-01
3.104116618633270264e-01
6.297073364257812500e-01
6.690959930419921875e-01
8.438349962234497070e-01
5.920298695564270020e-01
1.061433330178260803e-01
7.119652628898620605e-02
6.495297700166702271e-02
1.004978790879249573e-01
6.509374827146530151e-02
4.357350245118141174e-02
6.135958433151245117e-02
1.006025746464729309e-01
9.397904574871063232e-02
1.202467083930969238e-01
1.041565090417861938e-01
8.511319160461425781e-01
8.459723740816116333e-02
7.077453285455703735e-02
7.605794072151184082e-02
6.070638075470924377e-02
1.020688712596893311e-01
5.331830307841300964e-02
9.175094962120056152e-02
5.741565674543380737e-02
2.849121987819671631e-01
9.638207405805587769e-02
1.092948243021965027e-01
1.096593961119651794e-01
1.594247668981552124e-01
7.768659293651580811e-02
1.521372795104980469e-01
1.402203291654586792e-01
9.466165304183959961e-02
5.509639382362365723e-01
5.495117306709289551e-01
3.547726571559906006e-01
6.784088611602783203e-01
1.235507279634475708e-01
4.434674680233001709e-01
2.613160908222198486e-01
2.015272825956344604e-01
9.121017903089523315e-02
1.717686355113983154e-01
4.135337471961975098e-01
4.696654528379440308e-02
2.911402583122253418e-01
1.068604439496994019e-01
1.778530925512313843e-01
1.414360702037811279e-01
8.328726291656494141e-01
6.957665681838989258e-01
7.148926705121994019e-02
5.368045568466186523e-01
2.657220065593719482e-01
5.573351979255676270e-01
7.475860714912414551e-01
7.904785275459289551e-01
9.534437954425811768e-02
2.892314493656158447e-01
6.634892225265502930e-01
8.549613505601882935e-02
2.667720913887023926e-01
7.343732565641403198e-02
5.222750306129455566e-01
1.000117212533950806e-01
1.137481555342674255e-01
1.315324753522872925e-01
5.984148010611534119e-02
1.564782559871673584e-01
9.075424820184707642e-02
1.211547404527664185e-01
8.880751579999923706e-02
1.036258563399314880e-01
1.566474139690399170e-01
6.514266133308410645e-02
8.204342424869537354e-02
9.839630872011184692e-02
7.127746939659118652e-02
1.101318448781967163e-01
8.968743681907653809e-02
7.270298153162002563e-02
1.034623384475708008e-01
1.288338303565979004e-01
1.411871314048767090e-01
1.831308156251907349e-01
1.206781864166259766e-01
4.608937501907348633e-01
9.144911915063858032e-02
1.996791660785675049e-01
2.065435498952865601e-01
5.005957484245300293e-01
5.450085401535034180e-01
1.250005513429641724e-01
6.679263710975646973e-01
2.930812239646911621e-01
1.049874946475028992e-01
1.846993118524551392e-01
1.762656271457672119e-01
5.558182597160339355e-01
1.171321049332618713e-01
1.409129649400711060e-01
1.545387208461761475e-01
5.065663531422615051e-02
8.733485639095306396e-02
1.026982963085174561e-01
1.248412802815437317e-01
1.108835265040397644e-01
7.438189536333084106e-02
4.710776358842849731e-02
7.995894551277160645e-02
1.170457080006599426e-01
1.323041170835494995e-01
9.472700208425521851e-02
6.148672848939895630e-02
8.002135902643203735e-02
1.153937727212905884e-01
1.217250525951385498e-01
1.165346056222915649e-01
2.197787165641784668e-01
1.283775418996810913e-01
6.957936286926269531e-02
1.177058666944503784e-01
9.929344058036804199e-02
1.361216604709625244e-01
8.712285757064819336e-02
1.196995824575424194e-01
1.076586246490478516e-01
1.530797779560089111e-01
9.141737967729568481e-02
1.007913500070571899e-01
6.284569948911666870e-02
1.389782726764678955e-01
9.321759641170501709e-02
6.476477533578872681e-02
1.110032051801681519e-01
9.943724423646926880e-02
2.146728485822677612e-01
9.581612795591354370e-02
2.662010192871093750e-01
9.563022851943969727e-02
9.898014366626739502e-02
1.025899499654769897e-01
1.345890164375305176e-01
1.203118488192558289e-01
1.235870271921157837e-01
1.061044111847877502e-01
2.404854595661163330e-01
1.434028297662734985e-01
1.076734587550163269e-01
9.833627194166183472e-02
7.268006205558776855e-01
5.744535923004150391e-01
7.642652988433837891e-01
1.563074439764022827e-01
1.106951609253883362e-01
5.571860074996948242e-01
3.557620644569396973e-01
1.288792341947555542e-01
1.197588518261909485e-01
1.147284582257270813e-01
8.477004170417785645e-01
8.834977746009826660e-01
1.853279173374176025e-01
8.172627091407775879e-01
1.541233360767364502e-01
1.619589924812316895e-01
1.544908136129379272e-01
1.448644846677780151e-01
1.254018694162368774e-01
8.037208914756774902e-01
8.636026978492736816e-01
1.229764148592948914e-01
4.628373384475708008e-01
2.345900386571884155e-01
5.023800730705261230e-01
4.372870922088623047e-01
2.224577665328979492e-01
6.119656562805175781e-01
7.603490948677062988e-01
7.257462143898010254e-01
3.054311275482177734e-01
4.010820984840393066e-01
3.174470067024230957e-01
1.193035393953323364e-01
2.766408026218414307e-01
2.455599606037139893e-01
1.550866663455963135e-01
3.937544524669647217e-01
5.778648257255554199e-01
5.925050377845764160e-01
5.039693117141723633e-01
5.740194320678710938e-01
9.798305034637451172e-01
7.492734193801879883e-01
7.695112824440002441e-01
7.988663315773010254e-01
4.280658662319183350e-01
8.228673785924911499e-02
9.731203317642211914e-02
1.195453703403472900e-01
7.609378546476364136e-02
1.979430466890335083e-01
1.807139664888381958e-01
1.070300638675689697e-01
2.234164774417877197e-01
3.370754718780517578e-01
7.815538048744201660e-01
1.352476179599761963e-01
1.276134699583053589e-01
5.508375912904739380e-02
6.019035354256629944e-02
5.336970090866088867e-01
5.037997961044311523e-01
7.869597524404525757e-02
9.534040093421936035e-02
1.569833606481552124e-01
7.478860765695571899e-02
4.173953235149383545e-01
1.959185749292373657e-01
5.988187715411186218e-02
9.951202571392059326e-02
8.652106672525405884e-02
1.119364872574806213e-01
7.649318873882293701e-02
1.432418525218963623e-01
1.139642968773841858e-01
2.208045572042465210e-01
9.296810626983642578e-02
1.008062660694122314e-01
9.613613784313201904e-02
1.509038805961608887e-01
9.238324314355850220e-02
1.676789671182632446e-01
8.965686708688735962e-02
1.469044387340545654e-01
8.735001832246780396e-02
1.482062190771102905e-01
8.983333408832550049e-02
1.527672111988067627e-01
2.460189312696456909e-01
3.285075128078460693e-01
2.161233425140380859e-01
1.408262699842453003e-01
1.346184909343719482e-01
3.007686734199523926e-01
9.378339350223541260e-02
1.251389682292938232e-01
1.461805254220962524e-01
1.249431073665618896e-01
7.499936223030090332e-02
1.433383375406265259e-01
1.429877132177352905e-01
1.299219429492950439e-01
9.178166091442108154e-02
1.037969514727592468e-01
3.015390336513519287e-01
4.766647517681121826e-01
9.726019203662872314e-02
2.106498032808303833e-01
1.281745135784149170e-01
7.067807763814926147e-02
1.443551480770111084e-01
1.155296787619590759e-01
2.576538026332855225e-01
1.039636954665184021e-01
9.554955363273620605e-02
1.385295391082763672e-01
1.163022071123123169e-01
1.127691790461540222e-01
1.015495210886001587e-01
1.255056262016296387e-01
6.556520611047744751e-02
1.139052957296371460e-01
9.451595693826675415e-02
7.515043020248413086e-02
1.069199219346046448e-01
1.606531441211700439e-01
1.003711223602294922e-01
9.543818235397338867e-02
1.697817742824554443e-01
7.858406305313110352e-01
5.314003229141235352e-01
1.170014962553977966e-01
7.319132089614868164e-01
1.948002576828002930e-01
6.164360642433166504e-01
4.047438502311706543e-01
3.053017258644104004e-01
3.219349682331085205e-01
1.013256162405014038e-01
2.134007811546325684e-01
7.147889137268066406e-01
1.381612122058868408e-01
1.310722827911376953e-01
4.693110287189483643e-01
8.647574484348297119e-02
1.325089186429977417e-01
1.001377180218696594e-01
7.801182568073272705e-02
1.111698448657989502e-01
7.228024303913116455e-02
6.244674697518348694e-02
2.080179452896118164e-01
3.158731460571289062e-01
9.578847885131835938e-01
6.541957259178161621e-01
1.081473827362060547e-01
3.537321388721466064e-01
1.795142292976379395e-01
6.728029251098632812e-01
5.525217652320861816e-01
1.715333312749862671e-01
6.976094245910644531e-01
7.921234369277954102e-01
7.616779804229736328e-01
8.193691968917846680e-01
5.859400033950805664e-01
1.724994182586669922e-01
9.000286459922790527e-01
6.875350475311279297e-01
7.079752683639526367e-01
7.227032780647277832e-01
1.474750190973281860e-01
5.580921173095703125e-01
1.615670472383499146e-01
3.090067505836486816e-01
5.867658853530883789e-01
1.521957516670227051e-01
5.682386755943298340e-01
6.488385200500488281e-01
5.897411108016967773e-01
8.832978606224060059e-01
1.225825473666191101e-01
4.645736515522003174e-01
3.552304506301879883e-01
8.303279876708984375e-01
1.048772558569908142e-01
7.435262799263000488e-01
9.917076677083969116e-02
4.808449447154998779e-01
8.966109156608581543e-01
1.192004829645156860e-01
5.476173758506774902e-01
2.611418664455413818e-01
2.106569409370422363e-01
7.776534557342529297e-01
8.399955034255981445e-01
9.134696125984191895e-01
7.698451280593872070e-01
7.642939090728759766e-01
1.004345536231994629e+00
9.194741249084472656e-01
8.652417659759521484e-01
2.129118591547012329e-01
6.888591051101684570e-01
9.194759726524353027e-01
3.284149467945098877e-01
1.659216731786727905e-01
5.706409811973571777e-01
7.835724949836730957e-01
3.245766162872314453e-01
1.034503951668739319e-01
8.743085712194442749e-02
1.113560423254966736e-01
1.036297753453254700e-01
1.195552200078964233e-01
1.253015995025634766e-01
1.268355846405029297e-01
9.482111036777496338e-02
1.439060270786285400e-01
8.695625513792037964e-02
1.041462123394012451e-01
8.440022915601730347e-02
1.223165169358253479e-01
1.251996904611587524e-01
1.147684901952743530e-01
7.440910488367080688e-02
8.169557899236679077e-02
6.657748669385910034e-02
9.989728033542633057e-02
1.032056063413619995e-01
1.298369765281677246e-01
1.034600958228111267e-01
7.532314211130142212e-02
9.955769777297973633e-02
1.088685989379882812e-01
9.068485349416732788e-02
1.104234531521797180e-01
7.430175691843032837e-02
9.205166995525360107e-02
8.585479110479354858e-02
1.042902842164039612e-01
5.732934176921844482e-02
1.221854761242866516e-01
1.149121075868606567e-01
1.548825204372406006e-01
1.064203530550003052e-01
1.435059905052185059e-01
1.326921135187149048e-01
1.196179836988449097e-01
9.628158062696456909e-02
6.250047087669372559e-01
2.087143957614898682e-01
1.678101867437362671e-01
1.734689772129058838e-01
1.412345916032791138e-01
8.429902046918869019e-02
4.809912741184234619e-01
1.025245413184165955e-01
8.952173590660095215e-02
9.024757146835327148e-02
7.297768443822860718e-02
1.088722944259643555e-01
1.011979207396507263e-01
5.341171473264694214e-02
6.589268147945404053e-02
1.316681057214736938e-01
1.285468041896820068e-01
1.265358775854110718e-01
1.125998273491859436e-01
8.991439640522003174e-02
1.222378984093666077e-01
1.306824684143066406e-01
9.585028886795043945e-02
1.490141749382019043e-01
9.410284459590911865e-02
1.086174547672271729e-01
1.630575060844421387e-01
1.295162588357925415e-01
1.155870035290718079e-01
1.028543487191200256e-01
1.183763071894645691e-01
5.075291916728019714e-02
1.078618690371513367e-01
1.097954809665679932e-01
1.290591657161712646e-01
1.235672011971473694e-01
7.138524204492568970e-02
5.879344418644905090e-02
1.117279082536697388e-01
5.664849877357482910e-01
1.257939487695693970e-01
4.992472529411315918e-01
1.198196262121200562e-01
3.302512168884277344e-01
9.500459581613540649e-02
8.227288722991943359e-02
1.157983914017677307e-01
2.658720612525939941e-01
5.335060358047485352e-01
8.015832304954528809e-01
2.004544436931610107e-01
9.056021273136138916e-02
3.466945290565490723e-01
2.131122946739196777e-01
1.345850974321365356e-01
1.412801891565322876e-01
6.105756163597106934e-01
1.200091391801834106e-01
1.129296422004699707e-01
1.449659615755081177e-01
9.114882349967956543e-01
1.509421765804290771e-01
1.198113337159156799e-01
1.156513020396232605e-01
1.161448433995246887e-01
1.133520677685737610e-01
2.278880625963211060e-01
8.107103109359741211e-01
1.232592836022377014e-01
8.987674862146377563e-02
2.045275866985321045e-01
1.447155475616455078e-01
1.624590903520584106e-01
3.922282159328460693e-01
2.046662718057632446e-01
1.091833934187889099e-01
1.116374135017395020e-01
1.559455394744873047e-01
3.056628406047821045e-01
6.277284622192382812e-01
1.224939301609992981e-01
5.252102017402648926e-01
4.017345607280731201e-01
1.277150660753250122e-01
1.621350795030593872e-01
5.502501726150512695e-01
1.009255349636077881e-01
5.214537978172302246e-01
1.877838373184204102e-01
2.532233297824859619e-01
9.727522730827331543e-02
8.720629811286926270e-01
8.451020717620849609e-01
1.686323285102844238e-01
1.125476136803627014e-01
1.274022608995437622e-01
1.221762895584106445e-01
1.330745816230773926e-01
9.056811034679412842e-02
2.156862318515777588e-01
1.102134585380554199e-01
1.052251309156417847e-01
7.975084334611892700e-02
1.205024793744087219e-01
1.043472215533256531e-01
9.680803120136260986e-02
1.045003384351730347e-01
9.739942103624343872e-02
1.472804397344589233e-01
2.070182710886001587e-01
1.327997148036956787e-01
1.256271451711654663e-01
7.976499944925308228e-02
1.094441115856170654e-01
1.076869368553161621e-01
4.110312461853027344e-01
1.194236278533935547e-01
1.349381059408187866e-01
1.180886328220367432e-01
1.209547966718673706e-01
1.319646239280700684e-01
2.330958992242813110e-01
1.926452964544296265e-01
1.775245070457458496e-01
1.242535635828971863e-01
1.366776525974273682e-01
8.380912989377975464e-02
2.717278003692626953e-01
1.574587374925613403e-01
5.617344751954078674e-02
6.246235966682434082e-02
1.219903007149696350e-01
1.038551777601242065e-01
1.558548361063003540e-01
8.889134973287582397e-02
4.826426506042480469e-01
2.963327169418334961e-01
9.256687015295028687e-02
8.041424304246902466e-02
1.201224774122238159e-01
9.874739497900009155e-02
2.910556495189666748e-01
1.726146042346954346e-01
1.744976937770843506e-01
9.567047655582427979e-02
9.812580794095993042e-02
6.382319927215576172e-01
5.514858961105346680e-01
1.560230702161788940e-01
1.185882911086082458e-01
1.109514236450195312e-01
7.810023427009582520e-02
1.006765589118003845e-01
6.786356121301651001e-02
1.024036481976509094e-01
1.067740097641944885e-01
2.775447964668273926e-01
7.292341589927673340e-01
1.313999891281127930e-01
5.504395365715026855e-01
8.221762180328369141e-01
3.881996273994445801e-01
1.014250069856643677e-01
7.012589573860168457e-01
2.986807823181152344e-01
8.325073122978210449e-01
1.584546416997909546e-01
4.443060457706451416e-01
1.377609521150588989e-01
1.229166910052299500e-01
4.276474118232727051e-01
8.848609328269958496e-01
9.294736981391906738e-01
5.275312662124633789e-01
5.443737506866455078e-01
5.296774506568908691e-01
8.854737877845764160e-01
8.104249238967895508e-01
8.421460390090942383e-01
7.606394886970520020e-01
8.424199223518371582e-01
2.538880407810211182e-01
9.859115630388259888e-02
1.303538978099822998e-01
4.468192458152770996e-01
7.771848440170288086e-01
9.323552250862121582e-01
5.562485456466674805e-01
8.397446870803833008e-01
3.200529515743255615e-01
7.824897170066833496e-01
3.377783298492431641e-01
1.585323959589004517e-01
2.417626529932022095e-01
5.060995817184448242e-01
1.853597760200500488e-01
5.654047727584838867e-01
2.740141153335571289e-01
3.197047412395477295e-01
4.283058345317840576e-01
7.400317192077636719e-01
5.679550766944885254e-01
5.080720782279968262e-01
7.344875931739807129e-01
6.920140981674194336e-01
6.971788406372070312e-01
6.561955213546752930e-01
7.770973443984985352e-01
6.972720623016357422e-01
1.405605226755142212e-01
6.642315387725830078e-01
6.360316276550292969e-01
5.945528149604797363e-01
1.249593943357467651e-01
3.404314517974853516e-01
6.978396177291870117e-01
3.753887712955474854e-01
1.459352225065231323e-01
7.786037325859069824e-01
7.552579045295715332e-01
1.205757036805152893e-01
1.226536557078361511e-01
1.683705896139144897e-01
1.153496354818344116e-01
5.541453957557678223e-01
8.334656357765197754e-01
2.061328291893005371e-01
7.287617325782775879e-01
2.316239774227142334e-01
8.556543588638305664e-01
8.954210281372070312e-01
9.245491027832031250e-01
1.268142461776733398e-01
8.124552965164184570e-01
7.175428867340087891e-01
8.075554370880126953e-01
6.799663305282592773e-01
1.290977597236633301e-01
6.835498809814453125e-01
5.105423331260681152e-01
8.987382054328918457e-01
8.757862448692321777e-01
9.233361482620239258e-01
9.257292747497558594e-01
4.050794541835784912e-01
9.164258241653442383e-01
7.736279964447021484e-01
9.184357523918151855e-01
4.387946128845214844e-01
9.908310174942016602e-01
3.361714780330657959e-01
2.722357511520385742e-01
8.017728924751281738e-01
2.070449441671371460e-01
4.318830072879791260e-01
5.259419679641723633e-01
8.366397023200988770e-01
1.013076230883598328e-01
6.488569378852844238e-01
6.365954875946044922e-01
6.042589545249938965e-01
8.103833794593811035e-01
1.457360833883285522e-01
8.575437664985656738e-01
9.946203231811523438e-01
8.342704772949218750e-01
3.023456931114196777e-01
6.559529900550842285e-01
6.261688470840454102e-01
6.810597181320190430e-01
6.422744393348693848e-01
9.326479434967041016e-01
7.162434458732604980e-01
6.414679884910583496e-01
6.426432132720947266e-01
3.518902957439422607e-01
4.173101782798767090e-01
6.178144216537475586e-01
4.932512938976287842e-01
7.316112518310546875e-01
2.813323438167572021e-01
5.748983621597290039e-01
6.243767738342285156e-01
2.460083514451980591e-01
7.532104849815368652e-01
5.975056886672973633e-01
7.968629002571105957e-01
8.805720210075378418e-01
1.339711844921112061e-01
1.574621200561523438e-01
7.941057085990905762e-01
7.958146929740905762e-01
4.624066352844238281e-01
1.499539017677307129e-01
8.335099816322326660e-01
8.131117224693298340e-01
3.631234169006347656e-01
2.713313698768615723e-01
5.985556244850158691e-01
7.798541188240051270e-01
5.256270766258239746e-01
7.347643971443176270e-01
8.105450123548507690e-02
1.614300608634948730e-01
9.811399132013320923e-02
8.789961040019989014e-02
1.307846158742904663e-01
6.604330241680145264e-02
1.184970289468765259e-01
9.717965871095657349e-02
6.693276017904281616e-02
7.069121301174163818e-02
1.229172423481941223e-01
9.379114955663681030e-02
9.893871843814849854e-02
1.029049903154373169e-01
8.026512712240219116e-02
4.669761657714843750e-01
6.645928621292114258e-01
1.043959036469459534e-01
1.422408074140548706e-01
1.579751968383789062e-01
5.167790651321411133e-01
3.420219123363494873e-01
2.717562615871429443e-01
1.307582408189773560e-01
9.262900054454803467e-02
1.477748155593872070e-01
5.261570215225219727e-01
2.304522693157196045e-01
1.171116530895233154e-01
1.201203688979148865e-01
8.950433880090713501e-02
7.861400395631790161e-02
7.868493348360061646e-02
9.293968975543975830e-02
9.736234694719314575e-02
1.328351050615310669e-01
1.199341714382171631e-01
1.059546545147895813e-01
1.154455766081809998e-01
9.295476973056793213e-02
4.428410530090332031e-01
8.650454878807067871e-02
1.383188068866729736e-01
1.175346523523330688e-01
1.728642880916595459e-01
1.260829269886016846e-01
1.140242069959640503e-01
1.090264990925788879e-01
9.407763183116912842e-02
1.103988513350486755e-01
1.193532943725585938e-01
1.726432740688323975e-01
1.282943189144134521e-01
2.838089168071746826e-01
1.187064498662948608e-01
7.953873276710510254e-02
3.151510357856750488e-01
7.056995034217834473e-01
1.930578798055648804e-01
2.252205610275268555e-01
7.157208323478698730e-01
7.768121361732482910e-02
8.616445958614349365e-02
8.594792336225509644e-02
1.117367371916770935e-01
1.232615783810615540e-01
3.108226656913757324e-01
1.270241439342498779e-01
5.342793464660644531e-01
1.274261921644210815e-01
1.283947229385375977e-01
9.068713337182998657e-02
3.595746159553527832e-01
1.076575815677642822e-01
9.368370771408081055e-01
9.578111022710800171e-02
1.296177059412002563e-01
1.523543596267700195e-01
1.102203354239463806e-01
1.161048933863639832e-01
1.362447291612625122e-01
8.722831308841705322e-02
1.366722434759140015e-01
1.254886090755462646e-01
1.088261902332305908e-01
1.718234717845916748e-01
2.142882943153381348e-01
9.287498146295547485e-02
8.350364565849304199e-01
5.658507347106933594e-01
1.041869595646858215e-01
1.145833656191825867e-01
1.078040525317192078e-01
2.008024454116821289e-01
5.151778459548950195e-01
7.712944149971008301e-01
1.173739209771156311e-01
1.674587428569793701e-01
4.127817153930664062e-01
6.351696848869323730e-01
4.896351397037506104e-01
9.574463218450546265e-02
1.386095136404037476e-01
1.206236109137535095e-01
1.125209406018257141e-01
1.206843629479408264e-01
4.829716309905052185e-02
8.516802638769149780e-02
4.179977625608444214e-02
8.739275485277175903e-02
6.710623204708099365e-02
1.330254375934600830e-01
1.568090319633483887e-01
2.073454111814498901e-01
1.041465401649475098e-01
1.412717103958129883e-01
1.343541890382766724e-01
1.119529008865356445e-01
1.153965368866920471e-01
1.560150831937789917e-01
1.094634383916854858e-01
1.155993714928627014e-01
7.685745507478713989e-02
7.158483564853668213e-02
1.411051750183105469e-01
1.263888925313949585e-01
1.829184293746948242e-01
8.748701214790344238e-02
8.856645971536636353e-02
1.155432164669036865e-01
5.685447156429290771e-02
1.367197632789611816e-01
7.260891199111938477e-01
6.373928189277648926e-01
7.657799124717712402e-01
4.749818146228790283e-01
2.657486200332641602e-01
4.304484426975250244e-01
9.363757818937301636e-02
2.219313532114028931e-01
1.209124922752380371e-01
7.644768357276916504e-01
5.798395872116088867e-01
1.269690692424774170e-01
6.552106142044067383e-01
2.385602146387100220e-01
2.227893471717834473e-01
3.666314482688903809e-01
1.360311508178710938e-01
7.362335324287414551e-01
1.019818782806396484e-01
5.613562464714050293e-01
9.262604117393493652e-01
1.191564276814460754e-01
6.329274922609329224e-02
8.286532014608383179e-02
5.641386657953262329e-02
9.132679700851440430e-01
8.626675009727478027e-01
3.735465407371520996e-01
1.654724478721618652e-01
1.643485128879547119e-01
8.696302771568298340e-01
4.724920988082885742e-01
6.309670805931091309e-01
4.972937107086181641e-01
8.876208662986755371e-01
5.034608244895935059e-01
3.551528453826904297e-01
5.790742635726928711e-01
8.016151785850524902e-01
7.944924235343933105e-01
1.525688618421554565e-01
6.811908483505249023e-01
4.141227602958679199e-01
4.995568990707397461e-01
6.342672109603881836e-01
3.383084833621978760e-01
9.927888512611389160e-01
8.554610610008239746e-01
8.788411617279052734e-01
9.288517832756042480e-01
4.037227332592010498e-01
3.759823441505432129e-01
9.400653243064880371e-01
4.605807363986968994e-01
4.721907377243041992e-01
7.010728120803833008e-01
3.839467465877532959e-01
1.564094275236129761e-01
6.851776242256164551e-01
7.743463516235351562e-01
5.835940241813659668e-01
5.517205595970153809e-01
4.771500527858734131e-01
8.330683708190917969e-01
4.285001754760742188e-01
8.502401113510131836e-01
1.230394244194030762e-01
1.089859604835510254e-01
1.304613947868347168e-01
3.117850720882415771e-01
1.243694648146629333e-01
1.395688205957412720e-01
6.636615991592407227e-01
6.099285483360290527e-01
1.144059747457504272e-01
9.583365172147750854e-02
9.077252447605133057e-02
8.684546500444412231e-02
9.986190497875213623e-02
6.770674884319305420e-02
6.089848279953002930e-02
8.925690501928329468e-02
7.791540026664733887e-02
1.122138202190399170e-01
9.154343605041503906e-02
6.476083397865295410e-02
8.894861489534378052e-02
1.241024136543273926e-01
1.024261191487312317e-01
9.805272519588470459e-02
7.674863189458847046e-02
9.921637177467346191e-02
1.716706305742263794e-01
6.227821856737136841e-02
1.332313120365142822e-01
3.039353191852569580e-01
1.499866992235183716e-01
5.658690333366394043e-01
3.851537108421325684e-01
1.152524873614311218e-01
8.489545434713363647e-02
8.636095374822616577e-02
6.819719076156616211e-02
1.307900249958038330e-01
4.423360154032707214e-02
1.045228019356727600e-01
8.362913131713867188e-02
1.860692650079727173e-01
1.108774989843368530e-01
8.515111356973648071e-02
1.217957958579063416e-01
4.895015358924865723e-01
9.665103256702423096e-02
4.192668199539184570e-01
2.972771227359771729e-01
1.269469857215881348e-01
1.138519719243049622e-01
1.073862388730049133e-01
1.108765155076980591e-01
1.309621632099151611e-01
1.172914654016494751e-01
1.174836233258247375e-01
1.457132697105407715e-01
9.715085476636886597e-02
1.105198860168457031e-01
3.713843524456024170e-01
2.598816752433776855e-01
3.357422351837158203e-01
7.429163902997970581e-02
1.353554427623748779e-01
1.451774388551712036e-01
2.544935047626495361e-01
6.493436098098754883e-01
1.292096972465515137e-01
9.457642585039138794e-02
8.249835669994354248e-02
9.094884991645812988e-02
1.093804836273193359e-01
1.852037161588668823e-01
2.241139709949493408e-01
8.274859786033630371e-01
1.841924190521240234e-01
1.587613970041275024e-01
9.952359646558761597e-02
7.389916181564331055e-01
2.130989283323287964e-01
1.878828555345535278e-01
1.508957445621490479e-01
1.213055402040481567e-01
1.149248704314231873e-01
7.012687921524047852e-01
4.634659290313720703e-01
7.181222736835479736e-02
1.943650245666503906e-01
8.746713399887084961e-01
1.019844636321067810e-01
7.676270604133605957e-02
6.262736022472381592e-02
9.924395382404327393e-02
1.399431675672531128e-01
1.208852231502532959e-01
3.185436725616455078e-01
1.276929080486297607e-01
5.386077612638473511e-02
5.221888422966003418e-01
5.778974890708923340e-01
1.783392727375030518e-01
1.052155494689941406e-01
7.838802784681320190e-02
1.071461662650108337e-01
1.183015182614326477e-01
8.475784212350845337e-02
1.078077033162117004e-01
1.364517062902450562e-01
1.377668976783752441e-01
1.003728434443473816e-01
1.138888373970985413e-01
7.574568688869476318e-02
9.543340653181076050e-02
1.164678037166595459e-01
9.994130581617355347e-02
1.213303431868553162e-01
1.520470380783081055e-01
1.180108562111854553e-01
8.534266799688339233e-02
9.919390827417373657e-02
8.003982156515121460e-02
5.595117211341857910e-01
5.994247794151306152e-01
3.125550448894500732e-01
2.565976381301879883e-01
2.229605019092559814e-01
1.165983080863952637e-01
1.088561266660690308e-01
2.903327047824859619e-01
5.799095034599304199e-01
2.490078657865524292e-01
2.842362225055694580e-01
1.926807463169097900e-01
1.177603602409362793e-01
1.782315671443939209e-01
2.627815306186676025e-01
6.203255653381347656e-01
2.851890921592712402e-01
1.063315570354461670e-01
3.112396895885467529e-01
7.038513422012329102e-01
5.041069984436035156e-01
3.853443861007690430e-01
1.526588052511215210e-01
3.034128844738006592e-01
8.439095318317413330e-02
8.941753506660461426e-01
9.366647005081176758e-01
9.303426742553710938e-01
7.900795340538024902e-01
9.017489552497863770e-01
9.491603374481201172e-01
5.349777340888977051e-01
9.717462956905364990e-02
1.489140540361404419e-01
3.639574944972991943e-01
8.597853779792785645e-01
8.346597552299499512e-01
7.649732232093811035e-01
6.081846356391906738e-01
5.970845818519592285e-01
4.474859237670898438e-01
8.456543087959289551e-01
2.669405341148376465e-01
5.358512997627258301e-01
7.311265468597412109e-01
2.458653002977371216e-01
4.022288322448730469e-01
4.777620732784271240e-01
7.417245954275131226e-02
9.450841546058654785e-01
6.651595234870910645e-01
1.565589904785156250e-01
6.668643951416015625e-01
9.002570509910583496e-01
1.907029151916503906e-01
9.700220823287963867e-01
7.335177659988403320e-01
7.816547751426696777e-01
4.003136456012725830e-01
8.149096965789794922e-01
7.039069533348083496e-01
1.653371602296829224e-01
5.387771129608154297e-01
6.178710460662841797e-01
1.938875019550323486e-01
4.642911553382873535e-01
6.491981148719787598e-01
6.735831499099731445e-01
7.659640908241271973e-01
9.520374536514282227e-01
7.634949684143066406e-01
6.066491603851318359e-01
9.454288482666015625e-01
6.046268939971923828e-01
7.113617658615112305e-01
9.391403794288635254e-01
6.875102519989013672e-01
5.335580110549926758e-01
2.183369249105453491e-01
7.305333018302917480e-01
6.516475677490234375e-01
5.103706717491149902e-01
7.698972225189208984e-01
1.987848281860351562e-01
6.398733854293823242e-01
7.009382843971252441e-01
8.088923692703247070e-01
7.981711030006408691e-01
4.855479598045349121e-01
9.629450440406799316e-01
7.193622589111328125e-01
2.028499245643615723e-01
1.819372922182083130e-01
4.807948768138885498e-01
8.842175006866455078e-01
3.263435661792755127e-01
1.424668133258819580e-01
1.151979789137840271e-01
1.129816696047782898e-01
1.234262958168983459e-01
1.073940321803092957e-01
2.606301605701446533e-01
1.529281586408615112e-01
4.480951651930809021e-02
7.373714447021484375e-02
7.645853608846664429e-02
9.086528420448303223e-02
9.923288971185684204e-02
7.182999700307846069e-02
7.018528133630752563e-02
6.884940713644027710e-02
5.865214392542839050e-02
3.581028282642364502e-01
1.130967512726783752e-01
2.751094400882720947e-01
1.149540469050407410e-01
3.309959769248962402e-01
2.542545795440673828e-01
4.743867218494415283e-01
6.424984335899353027e-01
1.135104224085807800e-01
7.249600440263748169e-02
1.160702854394912720e-01
9.567294269800186157e-02
9.670557081699371338e-02
1.006201133131980896e-01
7.022865116596221924e-02
1.076329126954078674e-01
1.260186582803726196e-01
1.214275360107421875e-01
3.727033734321594238e-01
8.753398060798645020e-02
9.390331804752349854e-02
8.550764620304107666e-02
1.274007558822631836e-01
3.759181201457977295e-01
9.461823850870132446e-02
6.179019808769226074e-02
1.413202136754989624e-01
8.431974053382873535e-02
1.235390156507492065e-01
1.276157945394515991e-01
1.610110402107238770e-01
2.514508366584777832e-01
9.507019072771072388e-02
2.771743535995483398e-01
2.078538984060287476e-01
1.075817868113517761e-01
1.090167760848999023e-01
1.375970244407653809e-01
3.446613252162933350e-01
1.683253496885299683e-01
1.161759421229362488e-01
1.805096268653869629e-01
1.103565469384193420e-01
9.385040402412414551e-02
1.655725538730621338e-01
1.457691788673400879e-01
9.326244592666625977e-01
5.279161334037780762e-01
8.487150818109512329e-02
2.936508953571319580e-01
8.327441215515136719e-01
1.894338279962539673e-01
8.164962381124496460e-02
4.697724580764770508e-01
1.537213325500488281e-01
1.068382039666175842e-01
2.190473079681396484e-01
3.881680369377136230e-01
1.116338819265365601e-01
1.364484429359436035e-01
1.225357875227928162e-01
9.136395156383514404e-02
9.986922889947891235e-02
9.849923849105834961e-02
1.200000345706939697e-01
1.675753891468048096e-01
1.296249479055404663e-01
9.392572194337844849e-02
8.284000307321548462e-02
1.279088258743286133e-01
8.925856649875640869e-02
1.071507632732391357e-01
9.463674575090408325e-02
2.479242831468582153e-01
1.686156094074249268e-01
8.404797315597534180e-02
1.520774066448211670e-01
9.363321214914321899e-02
1.809937208890914917e-01
9.213402122259140015e-02
1.069979146122932434e-01
1.497440636157989502e-01
1.198119297623634338e-01
8.191870152950286865e-02
1.096077337861061096e-01
6.957406401634216309e-01
2.587857842445373535e-01
1.290943473577499390e-01
1.031471118330955505e-01
1.109954267740249634e-01
7.272098660469055176e-01
8.009793758392333984e-01
7.914470434188842773e-01
7.724103331565856934e-01
7.709302306175231934e-01
2.045685201883316040e-01
1.108059957623481750e-01
8.688683509826660156e-01
7.777493000030517578e-01
8.681175112724304199e-01
8.361164331436157227e-01
1.274864971637725830e-01
4.182414114475250244e-01
8.881308436393737793e-01
9.775271415710449219e-01
1.476944237947463989e-01
9.130709767341613770e-01
9.068328738212585449e-01
7.336773872375488281e-01
7.190380096435546875e-01
9.109166860580444336e-01
8.153617978096008301e-01
1.287406384944915771e-01
9.997062385082244873e-02
9.191296994686126709e-02
1.349046826362609863e-01
1.190401390194892883e-01
1.134557649493217468e-01
7.297635078430175781e-01
1.723291575908660889e-01
5.896621346473693848e-01
1.303471475839614868e-01
8.027409017086029053e-02
1.887784153223037720e-01
8.826613426208496094e-02
1.316253691911697388e-01
1.134030967950820923e-01
8.183538168668746948e-02
7.295338809490203857e-02
1.338276565074920654e-01
1.509176343679428101e-01
7.698537409305572510e-02
1.563483476638793945e-01
1.183777451515197754e-01
1.185387000441551208e-01
1.840904504060745239e-01
2.884034514427185059e-01
9.561423659324645996e-01
7.771740853786468506e-02
1.625338941812515259e-01
5.824688822031021118e-02
1.446536183357238770e-01
8.983790874481201172e-01
2.666512727737426758e-01
1.145132780075073242e-01
1.931093335151672363e-01
1.022124513983726501e-01
1.839578896760940552e-01
1.313839107751846313e-01
3.481105864048004150e-01
1.892656087875366211e-01
1.927418261766433716e-01
2.138046771287918091e-01
1.807941645383834839e-01
7.502376437187194824e-01
4.948286414146423340e-01
1.093973070383071899e-01
1.963405013084411621e-01
1.423735767602920532e-01
1.365617215633392334e-01
1.366274952888488770e-01
1.030581668019294739e-01
6.759049743413925171e-02
1.152973994612693787e-01
1.497172862291336060e-01
1.644248366355895996e-01
1.097240224480628967e-01
1.328705400228500366e-01
1.459465324878692627e-01
1.574718207120895386e-01
1.707328408956527710e-01
6.742432713508605957e-01
1.208165735006332397e-01
2.660593390464782715e-01
1.632765233516693115e-01
1.395915001630783081e-01
1.840432584285736084e-01
4.542542397975921631e-01
1.492568105459213257e-01
9.537667781114578247e-02
1.476239860057830811e-01
1.333541721105575562e-01
1.017281487584114075e-01
9.715499281883239746e-01
6.992408037185668945e-01
3.244234919548034668e-01
2.412604987621307373e-01
1.798939108848571777e-01
4.793205261230468750e-01
3.053747713565826416e-01
2.754186093807220459e-01
4.032807052135467529e-01
7.229714989662170410e-01
3.798277378082275391e-01
2.254682928323745728e-01
9.393883943557739258e-01
4.763472676277160645e-01
3.910893797874450684e-01
4.639704525470733643e-01
3.958688676357269287e-01
7.197596430778503418e-01
2.759278416633605957e-01
3.165237307548522949e-01
6.441122889518737793e-01
6.503025889396667480e-01
9.379178881645202637e-01
1.194733604788780212e-01
1.159573569893836975e-01
1.385661363601684570e-01
9.488185048103332520e-01
9.773609042167663574e-01
1.018128156661987305e+00
1.045343637466430664e+00
8.571033477783203125e-01
9.459774494171142578e-01
3.061825931072235107e-01
8.527095913887023926e-01
3.006961941719055176e-01
8.161086440086364746e-01
7.415720224380493164e-01
8.153352141380310059e-01
8.923225998878479004e-01
8.315644264221191406e-01
9.483819603919982910e-01
8.107267618179321289e-01
8.499532341957092285e-01
8.707554340362548828e-01
8.327372670173645020e-01
8.461984395980834961e-01
5.600690245628356934e-01
2.703458070755004883e-01
8.027068376541137695e-01
2.410915344953536987e-01
9.196200966835021973e-01
5.607243776321411133e-01
9.340183138847351074e-01
8.176741600036621094e-01
1.032212853431701660e+00
8.037484288215637207e-01
7.790039777755737305e-01
6.571243405342102051e-01
7.997140288352966309e-01
7.615776658058166504e-01
7.378463149070739746e-01
8.414215445518493652e-01
8.890225887298583984e-01
9.549967646598815918e-01
7.342805266380310059e-01
9.073793888092041016e-01
1.397754549980163574e-01
9.310364723205566406e-01
1.089555501937866211e+00
1.583642065525054932e-01
1.026142477989196777e+00
8.686771392822265625e-01
7.978756427764892578e-01
9.085908532142639160e-01
1.515990644693374634e-01
7.066421508789062500e-01
7.410129308700561523e-01
9.415351748466491699e-01
7.174686193466186523e-01
8.006111383438110352e-01
8.122397661209106445e-01
9.179933071136474609e-01
9.428694248199462891e-01
6.608383059501647949e-01
4.310983419418334961e-01
9.355101585388183594e-01
1.022017955780029297e+00
8.839408159255981445e-01
7.475749850273132324e-01
7.272582054138183594e-01
7.386232614517211914e-01
5.130627751350402832e-01
7.168830037117004395e-01
7.310417890548706055e-01
6.339281201362609863e-01
7.530980110168457031e-01
7.017979621887207031e-01
7.397361397743225098e-01
1.700174212455749512e-01
5.212816596031188965e-01
7.394006848335266113e-01
8.040014505386352539e-01
6.578869223594665527e-01
1.824989169836044312e-01
9.686112999916076660e-01
8.984929919242858887e-01
9.275232553482055664e-01
8.425682187080383301e-01
9.427666068077087402e-01
7.490914463996887207e-01
7.964774370193481445e-01
9.600588679313659668e-01
8.485222458839416504e-01
6.220911145210266113e-01
7.707194685935974121e-01
6.766445040702819824e-01
1.302371174097061157e-01
9.978862404823303223e-01
8.739637136459350586e-01
9.247549176216125488e-01
1.623522788286209106e-01
9.373849630355834961e-01
8.595282435417175293e-01
1.840089112520217896e-01
8.760030269622802734e-01
8.002886176109313965e-01
8.301863670349121094e-01
9.219322800636291504e-01
9.911103248596191406e-01
2.389040440320968628e-01
2.043767571449279785e-01
1.283993870019912720e-01
3.029104173183441162e-01
3.710272014141082764e-01
3.969630002975463867e-01
3.151420354843139648e-01
4.963224530220031738e-01
1.373494118452072144e-01
9.686115384101867676e-02
1.305874884128570557e-01
1.090767681598663330e-01
6.952512264251708984e-02
1.025797501206398010e-01
1.223607584834098816e-01
8.305674791336059570e-02
8.334325253963470459e-02
7.279413193464279175e-02
1.197752654552459717e-01
1.333801150321960449e-01
1.684367805719375610e-01
1.310011446475982666e-01
7.796126008033752441e-01
3.168443739414215088e-01
4.729026854038238525e-01
9.003885984420776367e-01
2.396271079778671265e-01
9.310806393623352051e-01
6.814665794372558594e-01
1.458215862512588501e-01
8.115339875221252441e-01
3.801917135715484619e-01
1.085153818130493164e-01
7.620414346456527710e-02
1.131585538387298584e-01
1.263966560363769531e-01
1.279679685831069946e-01
3.340078294277191162e-01
8.870992064476013184e-02
1.393934488296508789e-01
1.340878605842590332e-01
3.063744306564331055e-01
2.870803177356719971e-01
8.352919667959213257e-02
1.090140268206596375e-01
1.099219918251037598e-01
1.214216053485870361e-01
2.077544331550598145e-01
1.189991012215614319e-01
1.463475227355957031e-01
1.579601615667343140e-01
1.345998495817184448e-01
8.322586417198181152e-01
1.672848463058471680e-01
1.153390109539031982e-01
3.543606698513031006e-01
1.394387334585189819e-01
1.394369602203369141e-01
1.509325802326202393e-01
2.584350109100341797e-01
6.571202278137207031e-01
2.869900763034820557e-01
1.422108113765716553e-01
3.198497891426086426e-01
2.810885012149810791e-01
9.531745910644531250e-01
1.977829784154891968e-01
8.959081768989562988e-02
5.497419834136962891e-01
1.610297560691833496e-01
6.199089884757995605e-01
1.407886445522308350e-01
8.400792479515075684e-01
9.078223705291748047e-01
1.342129409313201904e-01
9.556529521942138672e-01
6.893578767776489258e-01
2.710590660572052002e-01
4.807009994983673096e-01
9.090428948402404785e-01
6.984339952468872070e-01
9.096986651420593262e-01
1.607780754566192627e-01
3.881058692932128906e-01
7.836649417877197266e-01
1.757343858480453491e-01
5.423038601875305176e-01
3.570777177810668945e-01
4.062326848506927490e-01
8.105136752128601074e-01
3.929935097694396973e-01
6.768615245819091797e-01
3.833293914794921875e-01
1.120189651846885681e-01
1.870655119419097900e-01
1.059432700276374817e-01
1.227971166372299194e-01
1.111235991120338440e-01
1.244726255536079407e-01
