4.807107746601104736e-01
8.284876942634582520e-01
7.101256251335144043e-01
8.060798048973083496e-01
8.060447573661804199e-01
2.214545458555221558e-01
9.373672604560852051e-01
9.821653366088867188e-01
7.384141683578491211e-01
8.165060281753540039e-01
8.936112523078918457e-01
6.961373686790466309e-01
7.057054042816162109e-01
8.800770640373229980e-01
6.408179998397827148e-01
8.053222298622131348e-01
8.280873894691467285e-01
7.940635681152343750e-01
4.629131555557250977e-01
9.968543797731399536e-02
1.703196763992309570e-01
1.229114755988121033e-01
2.425694018602371216e-01
1.231950446963310242e-01
1.269577592611312866e-01
8.088645339012145996e-01
4.059225916862487793e-01
2.356919795274734497e-01
1.248593553900718689e-01
2.074720859527587891e-01
7.356192916631698608e-02
3.510354757308959961e-01
7.451089620590209961e-01
5.865622162818908691e-01
4.001058936119079590e-01
7.389283180236816406e-02
8.197426050901412964e-02
4.339415431022644043e-01
1.074651256203651428e-01
1.316145658493041992e-01
8.026360720396041870e-02
1.275567263364791870e-01
2.325725704431533813e-01
1.943183690309524536e-01
2.305591404438018799e-01
2.117234319448471069e-01
2.213297188282012939e-01
1.251161396503448486e-01
1.295072138309478760e-01
2.869502902030944824e-01
3.798215389251708984e-01
2.649619281291961670e-01
2.994417548179626465e-01
9.128350764513015747e-02
7.709833979606628418e-01
8.249027729034423828e-01
9.076069593429565430e-01
8.015734553337097168e-01
8.311654925346374512e-01
7.951576709747314453e-01
2.777661681175231934e-01
4.138831496238708496e-01
6.924108266830444336e-01
9.728808999061584473e-01
7.856344580650329590e-01
8.541802167892456055e-01
8.591306209564208984e-01
7.762898206710815430e-01
8.330395221710205078e-01
9.079969525337219238e-01
7.910608053207397461e-01
7.941449284553527832e-01
7.396996617317199707e-01
7.500043511390686035e-01
9.763749241828918457e-01
9.464214444160461426e-01
6.924642920494079590e-01
7.560093402862548828e-01
1.316345036029815674e-01
1.220554187893867493e-01
1.385725885629653931e-01
1.000737696886062622e-01
1.458725631237030029e-01
5.864887237548828125e-01
2.685141265392303467e-01
1.933849453926086426e-01
1.313677877187728882e-01
1.185838580131530762e-01
9.803818166255950928e-02
1.115173622965812683e-01
2.249638736248016357e-01
9.853393435478210449e-01
9.087747335433959961e-01
7.627012133598327637e-01
3.337582945823669434e-01
7.568735480308532715e-01
5.255099534988403320e-01
1.208041012287139893e-01
1.123337224125862122e-01
1.941118389368057251e-01
8.719022274017333984e-01
8.084562420845031738e-01
7.715808749198913574e-01
6.037871837615966797e-01
8.438734412193298340e-01
7.632530331611633301e-01
8.081176280975341797e-01
8.073459267616271973e-01
7.891315221786499023e-01
8.905968666076660156e-01
6.568340659141540527e-01
8.737092614173889160e-01
4.094424545764923096e-01
3.544660508632659912e-01
1.124954149127006531e-01
9.002768397331237793e-01
7.786129713058471680e-01
7.327091693878173828e-01
7.711258530616760254e-01
8.891407847404479980e-01
8.108302950859069824e-01
8.080736994743347168e-01
1.738425046205520630e-01
8.759686946868896484e-01
6.919205188751220703e-01
7.951046824455261230e-01
1.138727739453315735e-01
5.723742395639419556e-02
9.827687591314315796e-02
1.657171398401260376e-01
9.066712856292724609e-02
2.086149603128433228e-01
1.959990710020065308e-01
1.780911982059478760e-01
1.588817238807678223e-01
2.610424757003784180e-01
8.114953339099884033e-02
1.349385380744934082e-01
7.149417400360107422e-01
2.135483473539352417e-01
2.167566865682601929e-01
6.670247912406921387e-01
7.319112420082092285e-01
7.927095890045166016e-01
7.321621775627136230e-01
1.018655538558959961e+00
6.857235431671142578e-01
1.742199063301086426e-01
8.092417716979980469e-01
8.459189534187316895e-01
8.227099180221557617e-01
8.063709735870361328e-01
7.407850623130798340e-01
6.650897264480590820e-01
7.095061540603637695e-01
7.877131700515747070e-01
4.440602064132690430e-01
6.871131062507629395e-01
7.308597117662429810e-02
9.659159928560256958e-02
1.457961648702621460e-01
7.932102680206298828e-01
1.282999515533447266e-01
2.956870794296264648e-01
1.715533435344696045e-01
1.348382681608200073e-01
1.886476576328277588e-01
9.577653557062149048e-02
1.605019867420196533e-01
1.297526657581329346e-01
9.993343055248260498e-02
2.017123103141784668e-01
5.691003203392028809e-01
7.718729972839355469e-01
1.582213044166564941e-01
9.205636382102966309e-01
7.802484631538391113e-01
9.549035876989364624e-02
8.137647807598114014e-02
9.043600410223007202e-02
8.925445079803466797e-01
8.539970517158508301e-01
4.661341607570648193e-01
7.860705852508544922e-01
1.489356458187103271e-01
1.795234382152557373e-01
8.675137758255004883e-01
8.398110270500183105e-01
7.996602058410644531e-01
7.924299836158752441e-01
7.485476732254028320e-01
7.319210767745971680e-01
6.017187833786010742e-01
1.619455367326736450e-01
1.704370230436325073e-01
7.920881509780883789e-01
6.381851434707641602e-01
9.562963247299194336e-02
1.382032632827758789e-01
1.524370312690734863e-01
1.300213485956192017e-01
1.509402841329574585e-01
9.169337898492813110e-02
7.765368372201919556e-02
1.148440763354301453e-01
1.172353252768516541e-01
1.786974817514419556e-01
6.555131673812866211e-01
1.596615314483642578e-01
1.407643556594848633e-01
1.308597177267074585e-01
8.170450329780578613e-01
1.174355968832969666e-01
1.107059493660926819e-01
1.359881758689880371e-01
4.935635924339294434e-01
2.127724885940551758e-01
1.230462715029716492e-01
7.566059827804565430e-01
2.113363444805145264e-01
7.432458996772766113e-01
7.592051029205322266e-01
8.565931916236877441e-01
8.424414992332458496e-01
8.309170007705688477e-01
7.731541395187377930e-01
7.037214636802673340e-01
7.777405977249145508e-01
7.962938547134399414e-01
8.982290029525756836e-01
7.194721102714538574e-01
7.880166769027709961e-01
8.126891851425170898e-01
8.181788921356201172e-01
8.180926442146301270e-01
6.659530401229858398e-01
6.517533063888549805e-01
6.930049657821655273e-01
6.652109622955322266e-01
8.177045583724975586e-01
7.937759757041931152e-01
7.442958354949951172e-01
7.205619812011718750e-01
8.580949306488037109e-01
1.012674689292907715e+00
8.427461385726928711e-01
7.750219106674194336e-01
8.216589093208312988e-01
7.980604171752929688e-01
7.557597756385803223e-01
7.732936143875122070e-01
8.957852125167846680e-01
8.766248226165771484e-01
7.372140884399414062e-01
3.573198616504669189e-01
8.607391268014907837e-02
1.083232164382934570e-01
2.288231253623962402e-01
7.722154259681701660e-01
7.120715379714965820e-01
8.509764671325683594e-01
8.858485221862792969e-01
1.311408877372741699e-01
7.317311763763427734e-01
9.791152924299240112e-02
8.592481911182403564e-02
9.387982636690139771e-02
1.495560258626937866e-01
3.552398681640625000e-01
7.805849313735961914e-01
6.649924516677856445e-01
7.135729193687438965e-01
9.518313407897949219e-01
2.419229149818420410e-01
2.094737440347671509e-01
8.182919621467590332e-01
7.810487747192382812e-01
6.119474172592163086e-01
6.145431399345397949e-01
6.273401975631713867e-01
7.859776020050048828e-01
7.961194515228271484e-01
7.296881675720214844e-01
7.284325957298278809e-01
3.258893787860870361e-01
8.816154599189758301e-01
1.614325642585754395e-01
3.116847015917301178e-02
4.542115926742553711e-01
2.641442716121673584e-01
6.606786847114562988e-01
7.112910151481628418e-01
6.272737383842468262e-01
7.344284057617187500e-01
7.423790693283081055e-01
1.043747365474700928e-01
1.196755096316337585e-01
1.367411315441131592e-01
7.553015649318695068e-02
1.318481862545013428e-01
1.676921695470809937e-01
3.105146288871765137e-01
7.069508731365203857e-02
1.354046165943145752e-01
2.754824161529541016e-01
1.541694849729537964e-01
7.530519962310791016e-01
1.521563380956649780e-01
1.179066300392150879e-01
1.111847609281539917e-01
1.274373084306716919e-01
9.435073286294937134e-02
8.925523757934570312e-01
8.491368889808654785e-01
6.892409920692443848e-01
6.984378099441528320e-01
6.910177469253540039e-01
5.347862243652343750e-01
7.631389498710632324e-01
7.622951865196228027e-01
1.870001703500747681e-01
7.997451424598693848e-01
7.621638178825378418e-01
9.329857677221298218e-02
1.373750418424606323e-01
3.107992708683013916e-01
1.234597116708755493e-01
4.739018157124519348e-02
1.022079214453697205e-01
9.842223674058914185e-02
1.255405694246292114e-01
2.442875057458877563e-01
1.046212464570999146e-01
1.067328900098800659e-01
9.746494889259338379e-02
1.002360954880714417e-01
1.784617006778717041e-01
1.335068792104721069e-01
1.617096364498138428e-01
4.766870737075805664e-01
2.012012451887130737e-01
2.363068163394927979e-01
2.500011324882507324e-01
2.341464608907699585e-01
1.184052750468254089e-01
1.294395476579666138e-01
1.076918020844459534e-01
6.734510660171508789e-01
7.599139809608459473e-01
7.196557521820068359e-01
5.021169185638427734e-01
4.726618826389312744e-01
8.133237361907958984e-01
7.435513138771057129e-01
8.027659058570861816e-01
1.623459458351135254e-01
7.268168926239013672e-01
7.917193174362182617e-01
8.870333433151245117e-01
2.103623449802398682e-01
7.692391276359558105e-01
8.643500804901123047e-01
1.366552263498306274e-01
1.046942695975303650e-01
1.323016285896301270e-01
1.133783757686614990e-01
1.330474317073822021e-01
1.228398680686950684e-01
3.307592868804931641e-01
8.686468750238418579e-02
1.057130247354507446e-01
1.404206156730651855e-01
7.767785787582397461e-01
8.766754269599914551e-01
6.959993243217468262e-01
8.189157247543334961e-01
7.915698289871215820e-01
7.749123573303222656e-01
6.772552132606506348e-01
7.854118943214416504e-01
7.299962043762207031e-01
7.984181046485900879e-01
7.974845170974731445e-01
6.637356877326965332e-01
7.326064109802246094e-01
6.694703698158264160e-01
1.613686233758926392e-01
8.364807069301605225e-02
7.483448982238769531e-01
2.847727239131927490e-01
6.551965475082397461e-01
5.741762518882751465e-01
8.339173197746276855e-01
5.938542485237121582e-01
7.147141695022583008e-01
7.068422436714172363e-01
8.319068551063537598e-01
7.824797034263610840e-01
6.750980019569396973e-01
7.973659634590148926e-01
6.198224425315856934e-01
5.811146497726440430e-01
6.910164356231689453e-01
7.773725986480712891e-01
7.840670943260192871e-01
7.632269263267517090e-01
8.580528199672698975e-02
9.181290864944458008e-02
5.061713978648185730e-02
1.541144698858261108e-01
3.697520494461059570e-01
6.089885830879211426e-01
6.631240248680114746e-01
3.880586326122283936e-01
7.725308090448379517e-02
2.010028064250946045e-01
6.072461605072021484e-01
2.469368278980255127e-01
5.492448806762695312e-01
8.532747030258178711e-01
8.202240467071533203e-01
1.064543277025222778e-01
8.492469042539596558e-02
3.001409769058227539e-01
8.764942884445190430e-01
7.867121696472167969e-01
2.004630863666534424e-01
6.371420025825500488e-01
2.473238259553909302e-01
8.918159008026123047e-01
7.437681555747985840e-01
4.423415064811706543e-01
7.274799942970275879e-01
6.479713916778564453e-01
1.096987843513488770e+00
8.472874760627746582e-01
8.213892579078674316e-01
9.398071169853210449e-01
3.868259787559509277e-01
1.046126931905746460e-01
2.035283297300338745e-01
1.630624383687973022e-01
4.051419198513031006e-01
7.754165530204772949e-01
2.672845423221588135e-01
9.695881605148315430e-02
1.507481783628463745e-01
1.256642788648605347e-01
8.710394054651260376e-02
1.819829493761062622e-01
1.757063716650009155e-01
2.653057277202606201e-01
1.828996092081069946e-01
6.809129714965820312e-01
2.014495879411697388e-01
1.748748421669006348e-01
7.968336939811706543e-01
2.007523775100708008e-01
2.561125457286834717e-01
2.497125566005706787e-01
