0.0873733911661
0.0698730206474
0.0622359361076
0.0574019760382
0.0556276312018
0.0539571171611
0.0521326461252
0.0511233904619
0.0508884506118
0.0493976955363
0.0480728767967
0.0479060225779
0.0470475532081
0.0469352922767
0.0460869704988
0.0460663792863
0.045642915872
0.0452802006446
0.0451263292928
0.0450453653576
0.0449403770234
0.0441855976779
0.0435331464155
0.044073050379
0.0433495888345
0.0437415669571
0.0434908665789
0.0431197234914
0.0434190675837
0.0424730936685
0.0429899612537
0.0422936850834
0.0426287677694
0.0426397944036
0.0423563390536
0.0426486995937
0.0420367264016
0.0420854625772
0.0420949813136
0.0419312065086
0.0419569354341
0.0418468214821
0.0417729258982
0.041652578932
0.0416844312349
0.0415387525014
0.0411426715358
0.0411134855019
0.0415266275473
0.0418612167736
0.0419752382667
0.0411254683684
0.0414943561577
0.0412252696554
0.0413841314913
0.0410467990547
0.0416398050203
0.0411531798667
0.0411765675318
0.0410804441392
0.0418329229896
0.0413130128079
0.0414718540227
0.0413107588755
0.0409972919289
0.04152456611
0.0412718701166
0.0409286424107
0.0411446668803
0.0398065722895
0.0413534203415
0.0416003038044
0.0415838630454
0.0413323021903
0.040746410805
0.0408044756426
0.041813252826
0.0404471924111
0.0407215547319
0.0412904663319
0.0405780078996
0.0404887085349
0.040422324124
0.0404470627426
0.0409074751365
0.0409031725416
0.0408999080518
0.041323671337
0.0412487940945
0.0409854050637
0.0410779019566
0.0415341532593
0.04066732688
0.0418117014389
0.0408121450902
0.0408044924231
0.041643207705
0.041819370218
0.0412620269545
0.0415874972706
0.0411862889331
0.0417360012163
0.0419240499962
0.0411391386285
0.0413456476371
0.041120993543
0.0420029243044
0.0419304091061
0.0420629516169
0.0408271129488
0.0408973586844
0.0411978826791
0.0419825014179
0.0424848627915
0.0416085298129
0.0419205402327
0.041733926652
0.0428880893869
0.0417616127539
0.041646187776
0.0421536804529
0.0417938399188
0.0422586319168
0.04185538646
0.0412981139308
0.0430721390401
0.0435127151457
0.0420445839473
0.0426279622665
0.0420081152516
0.0426909949861
0.0415205474885
0.042899499101
0.0430911945069
0.0433404287989
0.0430562700762
0.0424990739105
0.04499506767
0.0421880564907
0.0442546692262
0.043451993255
0.0444451754475
0.0434412974212
0.0434697281981
0.0436580168935
0.0438015649156
0.0430823428301
0.043462076596
0.0452912013603
0.0463824228739
0.0444838008653
0.0477255290105
0.044408145379
0.0431312559983
0.0429424863655
0.043366793726
0.0460932289357
0.0428330046603
0.0429134141443
0.0436386173525
0.0428988838661
0.0423344788106
0.044199849823
0.043148284217
0.044796862976
0.0439954281714
0.0440786232075
0.0455355607386
0.046116306593
0.0461803869358
0.0470897261526
0.0475309997237
0.0447150303515
0.0472986839832
0.0469114025311
0.0460722802084
0.046524097035
0.0452283681613
0.046472212981
0.0463061245453
0.0441826088446
0.0473750623089
0.0459608378182
0.0442565988817
0.0462094381338
0.0449679434892
0.0490208525803
0.0457070139034
0.0499395793579
0.059894821798
0.0611697061552
0.0472687722772
0.0459685637786
0.0448197818962
0.0431847951531
0.0431856450305
0.0421251400232
0.0420392667914
0.0416309634128
0.041532689446
