0.584451219512
0.621521460818
0.641488854046
0.660799413275
0.68200312989
0.680744564367
0.684495843874
0.696983830846
0.698133580133
0.701587795766
0.70919056319
0.707284768212
0.716314721575
0.694161829976
0.714540796522
0.728353539304
0.720816624134
0.731365142989
0.72622693658
0.733484127603
0.738963825874
0.731794224631
0.742188726645
0.738716981132
0.733550199616
0.742446043165
0.738579067991
0.742830496619
0.736842105263
0.74075255102
0.743313373253
0.726463733314
0.732683352736
0.74732101258
0.744760130415
0.742796642214
0.738387379492
0.744921338017
0.750360094003
0.741746698679
0.751889070655
0.751472695431
0.739024039154
0.750926556236
0.756484829429
0.747344110855
0.74379024839
0.749809538321
0.740078431373
0.748546173529
0.739249096408
0.750912408759
0.743297833272
0.741669124152
0.752754170601
0.747710107665
0.756782259967
0.750761730652
0.748731925203
0.744863538792
0.754884004884
0.751496062992
0.748596990647
0.749360415536
0.741313309776
0.750669420855
0.740841248304
0.741224849464
0.746454809499
0.750612745098
0.747815132667
0.75603468479
0.750906802872
0.738667254427
0.754322040468
0.737524303305
0.750279454505
0.748525631332
0.73153526971
0.757200321802
0.758604468836
0.756421199659
0.739296187683
0.755698825697
0.75444015444
0.750098884582
0.748573661587
0.755655407499
0.750332397695
0.749516665378
0.75333491199
0.73912105301
0.754751431654
0.753493904252
0.757007180913
0.754991487386
0.75652173913
0.748247103107
0.754507628294
0.759962198771
0.74158490566
0.74761314773
0.753944696141
0.745625841184
0.750496865923
0.734820672127
0.758504443763
0.761145742918
0.756363066802
0.751241200445
0.744382842136
0.754686105326
0.755958273053
0.754316489783
0.755708285605
0.745895577577
0.755422242732
0.73795953263
0.752610565111
0.750724410682
0.75220959596
0.741758241758
0.744771723122
0.743167771241
0.752338169232
0.756554307116
0.754799367613
0.748455296657
0.743411343032
0.748436896951
0.751974723539
0.754106127606
0.754958309722
0.75080858571
0.759245652706
0.703492562742
0.757745601744
0.754932971833
0.758566115375
0.757131960336
0.746845716815
0.75985384436
0.746070133011
0.739696468388
0.750973928678
0.754177767014
0.757281553398
0.749218633725
0.754204500592
0.758204746612
0.760321632906
0.750966744006
0.747353616108
0.743821048772
0.70557385867
0.743302411874
0.751104341203
0.752208802788
0.749163879599
0.752761904762
0.751506613446
0.753012482863
0.748630843718
0.730405547384
0.748385112273
0.750723504106
0.658567239212
0.75034106412
0.757909215956
0.742700202371
0.686211939902
0.751837538835
0.753153428637
0.730758347482
0.735593220339
0.735842565196
0.745583815876
0.724355924138
0.754149702474
0.746268656716
0.749685138539
0.746441575637
0.731355023239
0.73869047619
0.747556152526
0.755191434134
0.742844398186
0.744219969368
0.378896882494
0.369527379837
0.744742124095
0.710838831291
0.746067031464
0.752708192282
0.736498986873
0.72508653671
0.649126371394
0.726284849025
0.729557490351
0.723314735205
