0.707507444272
0.74057763711
0.757560204222
0.76946533869
0.781492949537
0.780573111505
0.78989309566
0.793446859329
0.79503730716
0.796850254231
0.800675466972
0.806779915386
0.811789434864
0.803298892972
0.806999040781
0.816726358511
0.818745284616
0.820696791997
0.820316972707
0.820949888518
0.827258192771
0.825498616433
0.826783236878
0.828963525831
0.827403384432
0.831466278713
0.827353969241
0.828511634238
0.818784927291
0.823851453109
0.825576156691
0.827191995612
0.828675614723
0.832052978669
0.830132824775
0.831914680122
0.832845570404
0.832324893099
0.837533353072
0.832094715454
0.83513062305
0.832022614066
0.835263773575
0.838280688753
0.837434144588
0.833179668281
0.830960521945
0.836448778348
0.82529999587
0.833179755536
0.832274634447
0.837571716013
0.836095717137
0.834290593896
0.834471530859
0.828063610933
0.837606617855
0.837211470839
0.836437202571
0.831792203743
0.840177952856
0.833440559546
0.827212907632
0.833823636341
0.834194759256
0.836563809001
0.830787845085
0.834447681267
0.819847135751
0.836368358689
0.83067339613
0.83791698248
0.841177890614
0.832312910133
0.837625610273
0.833960684239
0.83976756537
0.836444851891
0.834155611024
0.834912544711
0.839384924848
0.839108851282
0.833094740467
0.840032383092
0.838242616661
0.831792581846
0.832183366131
0.838740898618
0.841009227465
0.834264359345
0.8345098938
0.835428568437
0.829163949655
0.842668839112
0.840227920659
0.838376785156
0.839112690484
0.839441669425
0.831137561536
0.839806568178
0.831220947853
0.840637290174
0.836337935917
0.835616863872
0.83654080287
0.834267035153
0.84244692157
0.84043131114
0.837832694533
0.841304380705
0.837877805163
0.843538854766
0.841316218246
0.834805047039
0.840726028106
0.837283921245
0.839537998507
0.835712058644
0.83759099928
0.833555473859
0.833693539727
0.840410719054
0.836946594947
0.83419490468
0.843040485554
0.838468867848
0.84196379283
0.838452958426
0.842123875943
0.833674111036
0.839836671016
0.835038802122
0.832459730546
0.842059307536
0.834502622583
0.815911516851
0.83969145027
0.842017454411
0.838108768099
0.841990783587
0.838353197329
0.841481274871
0.834574520376
0.835903815178
0.839602828678
0.832237405816
0.835318773061
0.839112166956
0.835123119154
0.839208612378
0.842596505046
0.835368159166
0.838326410165
0.836712752609
0.814919228413
0.834746760964
0.837498916589
0.830278976236
0.830259605714
0.838740695024
0.834230010116
0.846451268013
0.830271065152
0.83155725618
0.834122483359
0.833716429518
0.781884024671
0.830160048211
0.842343408525
0.83773971021
0.798871827059
0.838752125377
0.838595096175
0.830599229716
0.834880260507
0.838528579082
0.838218970663
0.830131108768
0.836184658663
0.837042516842
0.832114464079
0.82356060443
0.829748526415
0.830726359674
0.837418176995
0.832371603396
0.834148892419
0.837774321203
0.614586642949
0.610872854337
0.816248523216
0.786603887949
0.819479212172
0.825320035344
0.809637329148
0.798741497766
0.744591261626
0.801677062568
0.803099050844
0.797204653346
