0.919917864476
0.942800788955
0.942574257426
0.932038834951
0.934653465347
0.94324853229
0.933333333333
0.927875243665
0.929006085193
0.934653465347
0.930966469428
0.928571428571
0.936507936508
0.933867735471
0.937254901961
0.934131736527
0.92555331992
0.924901185771
0.92828685259
0.931506849315
0.93542074364
0.928853754941
0.930139720559
0.923694779116
0.928853754941
0.927419354839
0.938856015779
0.934653465347
0.939334637965
0.932806324111
0.93253968254
0.93041749503
0.930966469428
0.937007874016
0.939096267191
0.937007874016
0.932806324111
0.934911242604
0.930693069307
0.928571428571
0.934911242604
0.934911242604
0.934653465347
0.937007874016
0.938613861386
0.934653465347
0.938856015779
0.934911242604
0.934911242604
0.937007874016
