0.919703491153
0.936920133907
0.937398373984
0.921807747489
0.928598756576
0.935963653754
0.925203252033
0.917886178862
0.927068388331
0.928598756576
0.923720707795
0.922238163558
0.931037780966
0.930033476805
0.929603060736
0.929555236729
0.921712099474
0.917360114778
0.922716403635
0.922764227642
0.927164036346
0.921759923482
0.925155428025
0.919273075084
0.921759923482
0.924151123864
0.932520325203
0.928598756576
0.93156384505
0.926159732186
0.926637972262
0.924677187948
0.923720707795
0.930081300813
0.932042085127
0.930081300813
0.926159732186
0.928120516499
0.924198947872
0.922238163558
0.928120516499
0.928120516499
0.928598756576
0.930081300813
0.93299856528
0.928598756576
0.932520325203
0.928120516499
0.928120516499
0.930081300813
