6.594940423965454102e-01
4.684088826179504395e-01
3.134635090827941895e-01
2.344774305820465088e-01
1.272412240505218506e-01
5.521295219659805298e-02
8.331457525491714478e-02
9.731454402208328247e-02
4.288971126079559326e-01
3.861403763294219971e-01
3.442622125148773193e-01
4.446073472499847412e-01
6.379153728485107422e-01
1.980950981378555298e-01
4.576255977153778076e-01
2.153868079185485840e-01
3.922427892684936523e-01
4.919451475143432617e-01
1.365630477666854858e-01
4.172301888465881348e-01
7.648857682943344116e-02
1.184784844517707825e-01
1.115567907691001892e-01
3.292996585369110107e-01
1.588638275861740112e-01
1.200119480490684509e-01
3.066991269588470459e-01
4.753979742527008057e-01
1.809097528457641602e-01
4.392224922776222229e-02
1.500558406114578247e-01
1.179606020450592041e-01
9.878530353307723999e-02
8.738431334495544434e-02
1.168911904096603394e-01
9.456489980220794678e-02
1.618067920207977295e-01
1.725515574216842651e-01
6.982670724391937256e-02
1.011230871081352234e-01
1.304945796728134155e-01
1.173506230115890503e-01
1.591012924909591675e-01
2.311041951179504395e-01
1.139136180281639099e-01
1.120290905237197876e-01
1.443672627210617065e-01
1.164318621158599854e-01
3.624028861522674561e-01
1.851286143064498901e-01
1.027592271566390991e-01
1.297231614589691162e-01
1.297633498907089233e-01
2.694663703441619873e-01
1.952992528676986694e-01
3.287178277969360352e-01
1.025285869836807251e-01
9.481446444988250732e-02
7.030086517333984375e-01
8.477239608764648438e-01
1.550997048616409302e-01
3.713686168193817139e-01
1.396617293357849121e-01
5.382505059242248535e-01
8.085886836051940918e-01
2.995302379131317139e-01
2.510335147380828857e-01
8.824359625577926636e-02
4.847271442413330078e-01
5.571713447570800781e-01
6.080747842788696289e-01
8.781481385231018066e-01
7.129431962966918945e-01
8.896422982215881348e-01
8.688881993293762207e-01
8.434061408042907715e-01
5.034897327423095703e-01
5.622164607048034668e-01
6.328024864196777344e-01
1.041170120239257812e+00
4.369974434375762939e-01
9.405082464218139648e-02
9.015474468469619751e-02
1.041853502392768860e-01
9.924082458019256592e-02
8.387629389762878418e-01
6.198102235794067383e-01
6.730059981346130371e-01
6.646370887756347656e-01
5.755454897880554199e-01
4.294923543930053711e-01
4.714629948139190674e-01
7.710347771644592285e-01
6.399812102317810059e-01
9.397314786911010742e-01
8.947717547416687012e-01
4.354675114154815674e-01
5.475689172744750977e-01
5.587017536163330078e-01
6.683448553085327148e-01
3.924603462219238281e-01
4.542420804500579834e-01
1.811877191066741943e-01
3.326484262943267822e-01
9.362472891807556152e-01
3.242090046405792236e-01
4.759486615657806396e-01
7.983270287513732910e-01
5.133222341537475586e-01
9.088317155838012695e-01
1.491326838731765747e-01
8.646796345710754395e-01
9.704576730728149414e-01
5.171701312065124512e-01
6.608525514602661133e-01
6.676596403121948242e-01
6.460604071617126465e-01
5.711141824722290039e-01
9.501407742500305176e-01
5.635088682174682617e-01
5.201831459999084473e-01
3.936068415641784668e-01
5.306867361068725586e-01
7.117007970809936523e-01
7.766810655593872070e-01
8.273159861564636230e-01
9.674419760704040527e-01
5.418390631675720215e-01
8.791040778160095215e-01
8.125400543212890625e-01
5.630027651786804199e-01
3.643192052841186523e-01
9.313434362411499023e-01
9.284674525260925293e-01
6.849071979522705078e-01
6.968132257461547852e-01
3.523800671100616455e-01
7.529388070106506348e-01
8.625602126121520996e-01
2.853321135044097900e-01
6.608713269233703613e-01
1.439959108829498291e-01
5.036343932151794434e-01
9.924249053001403809e-01
1.681727617979049683e-01
8.552724719047546387e-01
7.902551889419555664e-01
7.883780002593994141e-01
1.050067067146301270e+00
3.254311978816986084e-01
1.900545954704284668e-01
7.111735343933105469e-01
5.728939771652221680e-01
1.007753849029541016e+00
9.068822264671325684e-01
3.182709217071533203e-01
7.565190792083740234e-01
9.030390381813049316e-01
9.044713973999023438e-01
1.690182089805603027e-01
2.621108591556549072e-01
4.219085872173309326e-01
7.014935612678527832e-01
1.050857663154602051e+00
7.795128822326660156e-01
5.532956123352050781e-01
1.330343335866928101e-01
3.986688554286956787e-01
4.941271245479583740e-01
3.544652462005615234e-01
2.759379744529724121e-01
9.043929576873779297e-01
9.061386585235595703e-01
6.252188086509704590e-01
7.762658596038818359e-01
9.106872081756591797e-01
5.079428553581237793e-01
9.930246472358703613e-01
7.578720152378082275e-02
7.666695117950439453e-02
1.452824324369430542e-01
6.044325977563858032e-02
8.543328940868377686e-02
1.956206113100051880e-01
7.713486999273300171e-02
1.976861506700515747e-01
9.267508983612060547e-02
7.984877377748489380e-02
6.808374822139739990e-02
1.030680090188980103e-01
9.731051325798034668e-02
5.258765071630477905e-02
9.327699244022369385e-02
1.112613603472709656e-01
1.341357678174972534e-01
5.201472043991088867e-01
7.524943351745605469e-01
3.921590745449066162e-01
2.613979279994964600e-01
2.746323943138122559e-01
2.515411674976348877e-01
4.057836234569549561e-01
9.479720592498779297e-01
9.206287264823913574e-01
3.557937741279602051e-01
4.538526833057403564e-01
8.279909491539001465e-01
8.125004172325134277e-02
3.353641331195831299e-01
4.350853860378265381e-01
1.143203303217887878e-01
8.377791941165924072e-02
1.121354922652244568e-01
1.102679669857025146e-01
8.755218982696533203e-02
1.115037053823471069e-01
1.294146180152893066e-01
4.517805874347686768e-01
8.186689764261245728e-02
9.276126325130462646e-02
1.855908036231994629e-01
1.412289589643478394e-01
7.167094945907592773e-02
1.326646357774734497e-01
1.402401477098464966e-01
7.862340807914733887e-01
5.478808283805847168e-01
2.381294518709182739e-01
6.334226727485656738e-01
1.307316422462463379e-01
1.068515107035636902e-01
1.053640693426132202e-01
1.545866727828979492e-01
1.499541252851486206e-01
9.401442855596542358e-02
1.224258765578269958e-01
8.194723725318908691e-01
3.110284805297851562e-01
1.687584817409515381e-01
1.164358109235763550e-01
8.488822728395462036e-02
2.329924702644348145e-01
1.692392528057098389e-01
5.821242332458496094e-01
1.426979601383209229e-01
1.479212194681167603e-01
7.331792116165161133e-01
9.948675334453582764e-02
1.542217284440994263e-01
8.404932618141174316e-01
8.543959259986877441e-01
1.506041735410690308e-01
1.091861948370933533e-01
6.390718817710876465e-01
5.696801543235778809e-01
4.788704514503479004e-01
2.239406704902648926e-01
1.089563071727752686e-01
7.662642002105712891e-02
7.916156202554702759e-02
1.667436361312866211e-01
1.562638878822326660e-01
1.744762361049652100e-01
1.254039555788040161e-01
1.516404151916503906e-01
4.598883986473083496e-01
2.826229631900787354e-01
1.222805604338645935e-01
5.746499896049499512e-01
1.258411854505538940e-01
4.092857837677001953e-01
6.427993178367614746e-01
6.773571372032165527e-01
1.267934292554855347e-01
5.814369395375251770e-02
2.821034193038940430e-01
1.559794247150421143e-01
1.290015727281570435e-01
1.057653427124023438e-01
8.467914462089538574e-01
2.503277063369750977e-01
3.482448458671569824e-01
3.889742195606231689e-01
2.350555211305618286e-01
7.970984280109405518e-02
6.953906416893005371e-01
3.898485004901885986e-01
5.058072209358215332e-01
1.033532992005348206e-01
2.835517227649688721e-01
1.105925962328910828e-01
3.234358429908752441e-01
1.825956106185913086e-01
1.595142334699630737e-01
4.027200341224670410e-01
1.243584379553794861e-01
1.772788465023040771e-01
1.074986606836318970e-01
1.372154206037521362e-01
1.478058248758316040e-01
4.633415639400482178e-01
6.270401179790496826e-02
9.884855896234512329e-02
1.109343543648719788e-01
1.095285266637802124e-01
1.234528347849845886e-01
7.336699962615966797e-02
6.550616621971130371e-01
8.276095986366271973e-02
1.717986613512039185e-01
1.904331445693969727e-01
1.403623670339584351e-01
2.160797268152236938e-01
1.117344498634338379e-01
1.206452101469039917e-01
2.180618420243263245e-02
1.042535603046417236e-01
3.109867870807647705e-01
6.792167425155639648e-01
4.357947111129760742e-01
6.026653051376342773e-01
6.358002424240112305e-01
8.345864415168762207e-01
3.007353544235229492e-01
4.528601765632629395e-01
3.649857342243194580e-01
9.696311503648757935e-02
7.986986041069030762e-01
7.021111249923706055e-01
5.444340705871582031e-01
4.821479916572570801e-01
5.742990970611572266e-01
8.188537955284118652e-01
3.126102387905120850e-01
1.239184811711311340e-01
1.231750100851058960e-01
1.751126945018768311e-01
1.481384187936782837e-01
3.841839730739593506e-02
7.687690854072570801e-02
7.798435539007186890e-02
2.080617845058441162e-01
4.766397774219512939e-01
9.687487781047821045e-02
3.254889324307441711e-02
7.572720199823379517e-02
5.109097063541412354e-02
3.513861596584320068e-01
2.364177107810974121e-01
8.206001669168472290e-02
8.248299360275268555e-02
3.472701013088226318e-01
2.658827006816864014e-01
5.042496323585510254e-01
1.603600084781646729e-01
6.569408625364303589e-02
3.476622998714447021e-01
1.286498606204986572e-01
8.098229765892028809e-01
5.849475860595703125e-01
5.457878112792968750e-01
1.477952152490615845e-01
9.525711834430694580e-02
1.044768840074539185e-01
9.846728295087814331e-02
2.058448940515518188e-01
7.654166221618652344e-02
1.512941718101501465e-01
8.080509305000305176e-02
1.293870657682418823e-01
8.652690798044204712e-02
1.718756705522537231e-01
1.051970943808555603e-01
1.052447631955146790e-01
8.974580466747283936e-02
1.594274938106536865e-01
1.270525455474853516e-01
7.346079498529434204e-02
1.992479562759399414e-01
6.919921189546585083e-02
4.946689680218696594e-02
1.346699744462966919e-01
1.261709183454513550e-01
1.006090492010116577e-01
9.213522076606750488e-02
5.151727795600891113e-02
9.368555992841720581e-02
8.765652775764465332e-02
1.223739907145500183e-01
1.037186384201049805e-01
5.986173450946807861e-02
1.564801186323165894e-01
7.781276851892471313e-02
1.024857237935066223e-01
8.459890633821487427e-02
1.034189462661743164e-01
1.184098422527313232e-01
2.114043384790420532e-02
1.813886570744216442e-03
1.507098674774169922e-01
1.311032921075820923e-01
4.121890068054199219e-01
1.503949761390686035e-01
1.271080821752548218e-01
9.614685177803039551e-02
1.169933378696441650e-01
3.780305683612823486e-01
1.756114214658737183e-01
1.659089922904968262e-01
1.868068277835845947e-01
2.115209847688674927e-01
1.559722572565078735e-01
1.905901581048965454e-01
2.112150043249130249e-01
2.842942774295806885e-01
1.247863024473190308e-01
1.204961091279983521e-01
4.548578262329101562e-01
1.374147087335586548e-01
1.031819358468055725e-01
9.477551281452178955e-02
1.641951054334640503e-01
1.627558469772338867e-01
2.587250769138336182e-01
1.265688836574554443e-01
9.874453395605087280e-02
9.302257001399993896e-02
1.336040645837783813e-01
1.244470849633216858e-01
1.733153462409973145e-01
1.543598473072052002e-01
4.192450046539306641e-01
1.839400380849838257e-01
1.723223030567169189e-01
1.335816830396652222e-01
2.257720977067947388e-01
1.547247618436813354e-01
1.276509463787078857e-01
2.877658903598785400e-01
4.000364542007446289e-01
6.787932515144348145e-01
1.845011264085769653e-01
1.578495502471923828e-01
5.860508680343627930e-01
3.665350675582885742e-01
1.321123540401458740e-01
1.934628039598464966e-01
3.721832633018493652e-01
1.728309690952301025e-01
3.295944631099700928e-01
2.904207110404968262e-01
4.023025035858154297e-01
1.831133216619491577e-01
1.918220967054367065e-01
7.870793938636779785e-01
7.749371528625488281e-01
2.096152156591415405e-01
2.155447453260421753e-01
1.076685488224029541e-01
1.245591938495635986e-01
6.914836913347244263e-02
7.400202006101608276e-02
1.759504526853561401e-02
5.760245025157928467e-02
1.329620033502578735e-01
1.156491115689277649e-01
3.081356734037399292e-02
6.663598120212554932e-02
7.550165057182312012e-02
6.435595452785491943e-02
7.892592251300811768e-02
1.360280960798263550e-01
1.170507445931434631e-01
1.138932034373283386e-01
9.801161289215087891e-02
4.416897520422935486e-02
1.216266751289367676e-01
4.523542821407318115e-01
1.522518247365951538e-01
6.931054592132568359e-02
6.139098480343818665e-02
6.816379725933074951e-02
9.357259422540664673e-02
2.119290381669998169e-01
2.223781347274780273e-01
4.660534262657165527e-01
9.689521044492721558e-02
7.253473997116088867e-02
1.069026514887809753e-01
9.446217864751815796e-02
9.732560813426971436e-02
9.999622404575347900e-02
5.719406530261039734e-02
1.201382130384445190e-01
1.100681349635124207e-01
1.038038283586502075e-01
1.408276706933975220e-01
4.100408554077148438e-01
9.189381450414657593e-02
1.160788983106613159e-01
5.779362320899963379e-01
2.100553810596466064e-01
2.385906577110290527e-01
2.235484421253204346e-01
1.987361311912536621e-01
1.718899905681610107e-01
2.009733468294143677e-01
2.575130760669708252e-01
1.411546468734741211e-01
1.044342890381813049e-01
1.789679527282714844e-01
1.049468666315078735e-01
1.011844351887702942e-01
9.867186099290847778e-02
6.239818409085273743e-02
6.663411855697631836e-02
4.572825878858566284e-02
2.175466567277908325e-01
8.432261645793914795e-03
1.965308338403701782e-01
1.847087591886520386e-01
1.836374253034591675e-01
1.960761398077011108e-01
9.188517928123474121e-02
9.794760495424270630e-02
1.274318099021911621e-01
9.411678463220596313e-02
1.231269538402557373e-01
6.333682686090469360e-02
1.254037301987409592e-02
4.372791573405265808e-02
1.014781370759010315e-01
9.992953389883041382e-02
9.969062358140945435e-02
1.044127047061920166e-01
1.162911504507064819e-01
7.963959127664566040e-02
1.097612753510475159e-01
9.370524436235427856e-02
1.188241839408874512e-01
1.519143581390380859e-01
5.964684113860130310e-02
2.780277281999588013e-02
1.076135933399200439e-01
8.856827020645141602e-02
1.131545156240463257e-01
5.779696628451347351e-02
4.983651638031005859e-02
8.838817477226257324e-02
1.273402571678161621e-01
9.410399198532104492e-02
9.376064687967300415e-02
1.123700290918350220e-01
2.030793875455856323e-01
2.406684756278991699e-01
1.664461195468902588e-01
1.502046734094619751e-01
1.285747885704040527e-01
2.550953328609466553e-01
3.482646048069000244e-01
1.650536954402923584e-01
7.192268967628479004e-02
2.014402449131011963e-01
5.683996677398681641e-01
1.029032543301582336e-01
6.173562258481979370e-02
8.558106422424316406e-02
3.434543311595916748e-02
6.986483931541442871e-02
2.616429626941680908e-01
2.270948141813278198e-01
6.634437441825866699e-01
3.379031419754028320e-01
2.755595147609710693e-01
2.948230504989624023e-01
1.288311183452606201e-01
1.423207521438598633e-01
1.357865184545516968e-01
1.827011704444885254e-01
1.799250245094299316e-01
1.267449110746383667e-01
1.154176443815231323e-01
1.628807485103607178e-01
9.634343534708023071e-02
8.087111264467239380e-02
1.672837138175964355e-01
1.322495788335800171e-01
3.004861176013946533e-01
1.292865127325057983e-01
1.067012399435043335e-01
9.458854794502258301e-02
3.878074288368225098e-01
1.882155537605285645e-01
2.598774135112762451e-01
3.756732642650604248e-01
2.960762381553649902e-01
3.166655898094177246e-01
1.529347449541091919e-01
1.907331496477127075e-01
5.430312752723693848e-01
3.636165857315063477e-01
1.071619018912315369e-01
1.326940953731536865e-01
5.114281177520751953e-01
1.465851962566375732e-01
7.937432825565338135e-02
2.201372683048248291e-01
5.255368947982788086e-01
2.251977920532226562e-01
1.734334826469421387e-01
2.954244017601013184e-01
1.289761215448379517e-01
1.587004214525222778e-01
7.053914666175842285e-01
7.424443364143371582e-01
1.073279604315757751e-01
1.405706703662872314e-01
1.492731422185897827e-01
1.095113009214401245e-01
3.719819784164428711e-01
1.215920820832252502e-01
3.196086585521697998e-01
4.306017756462097168e-01
5.733720660209655762e-01
1.878344267606735229e-01
5.785936117172241211e-01
1.333418041467666626e-01
1.839280873537063599e-01
1.196332648396492004e-01
2.703984379768371582e-01
9.948109090328216553e-02
1.079740673303604126e-01
7.636369764804840088e-02
7.296533882617950439e-02
1.051738336682319641e-01
1.605570614337921143e-01
1.504224091768264771e-01
1.025047674775123596e-01
6.203617528080940247e-02
1.261159628629684448e-01
5.012213066220283508e-02
7.763173431158065796e-02
1.088820844888687134e-01
3.102127835154533386e-02
1.519994065165519714e-02
8.078258484601974487e-02
5.476391315460205078e-02
7.507943361997604370e-02
2.839927673339843750e-01
7.611672580242156982e-02
4.652025923132896423e-02
2.659069001674652100e-01
1.148691028356552124e-01
9.459208697080612183e-02
6.371463090181350708e-02
1.289374381303787231e-01
1.188448071479797363e-01
9.723287075757980347e-02
1.218391507863998413e-01
3.136977553367614746e-01
1.676451712846755981e-01
6.988930702209472656e-02
7.583147287368774414e-02
2.694584429264068604e-01
1.460516005754470825e-01
1.393638402223587036e-01
2.156175374984741211e-01
3.022724688053131104e-01
1.854910552501678467e-01
6.568833440542221069e-02
1.030421033501625061e-01
9.408959001302719116e-02
7.665264606475830078e-02
1.522328108549118042e-01
6.595596671104431152e-02
2.390000373125076294e-01
1.022159382700920105e-01
2.164826691150665283e-01
6.832332909107208252e-02
2.081365324556827545e-02
1.256562322378158569e-01
1.943006962537765503e-01
8.541271090507507324e-02
2.223180085420608521e-01
4.359920918941497803e-01
4.099067151546478271e-01
1.710210591554641724e-01
2.047037780284881592e-01
9.171594679355621338e-02
8.453020453453063965e-02
2.321700900793075562e-01
1.884277462959289551e-01
2.173995226621627808e-01
1.209957450628280640e-01
3.780960738658905029e-01
9.345421940088272095e-02
1.501697748899459839e-01
2.114508152008056641e-01
1.032342091202735901e-01
1.565489619970321655e-01
8.303432166576385498e-02
1.189331859350204468e-01
1.029204800724983215e-01
5.370415747165679932e-02
1.067301705479621887e-01
5.391051992774009705e-02
1.355880796909332275e-01
7.614420354366302490e-02
5.721647739410400391e-01
8.457936644554138184e-01
1.615532636642456055e-01
2.355100512504577637e-01
1.040374159812927246e+00
1.083497166633605957e+00
1.018118977546691895e+00
9.279057383537292480e-01
1.034106373786926270e+00
1.061819434165954590e+00
8.769624829292297363e-01
1.030198216438293457e+00
9.957086443901062012e-01
1.038068413734436035e+00
8.116350769996643066e-01
8.301439285278320312e-01
9.312301874160766602e-01
8.157230615615844727e-01
9.525070786476135254e-01
1.092277094721794128e-01
5.421181917190551758e-01
1.097126081585884094e-01
1.628463268280029297e-01
1.019970774650573730e-01
2.323947250843048096e-01
1.452382355928421021e-01
2.144950479269027710e-01
1.929904669523239136e-01
4.102670252323150635e-01
1.232900470495223999e-01
1.419085413217544556e-01
2.225560396909713745e-01
1.206102296710014343e-01
7.063701003789901733e-02
1.654638200998306274e-01
9.051071107387542725e-02
9.863104671239852905e-02
1.006522625684738159e-01
9.508737921714782715e-02
7.893185317516326904e-02
8.534753322601318359e-02
9.480249881744384766e-02
9.855794906616210938e-02
7.382288575172424316e-01
9.910372495651245117e-01
7.646294832229614258e-01
3.720926642417907715e-01
4.719188511371612549e-01
6.819263100624084473e-01
5.820649266242980957e-01
9.626107811927795410e-01
7.376716136932373047e-01
7.429075837135314941e-01
2.960628569126129150e-01
8.118398785591125488e-01
7.934908270835876465e-01
3.823354542255401611e-01
6.768972277641296387e-01
8.378286957740783691e-01
6.067466139793395996e-01
9.556830525398254395e-01
9.064023494720458984e-01
5.066437125205993652e-01
2.176082581281661987e-01
1.092348694801330566e+00
9.344655275344848633e-01
1.689727753400802612e-01
7.264249324798583984e-01
1.040268540382385254e+00
8.532186150550842285e-01
7.953161597251892090e-01
9.352034926414489746e-01
9.357818961143493652e-01
1.025480270385742188e+00
1.023801922798156738e+00
5.281379818916320801e-01
9.597126841545104980e-01
1.064569115638732910e+00
8.573470711708068848e-01
8.241915702819824219e-01
3.615690469741821289e-01
7.043552994728088379e-01
3.076365888118743896e-01
1.047795653343200684e+00
7.928140759468078613e-01
5.920178294181823730e-01
6.419846415519714355e-01
6.468699574470520020e-01
9.755474328994750977e-01
9.607321619987487793e-01
1.039430975914001465e+00
5.649763345718383789e-01
7.324640154838562012e-01
6.868231296539306641e-01
9.211753010749816895e-01
9.935626983642578125e-01
1.024637937545776367e+00
8.930181860923767090e-01
1.023280024528503418e+00
8.159048557281494141e-01
8.742507100105285645e-01
5.311216115951538086e-01
1.852343529462814331e-01
9.698753356933593750e-01
8.959910273551940918e-01
9.145746827125549316e-01
1.022922635078430176e+00
5.674690008163452148e-01
8.116612434387207031e-01
7.900873422622680664e-01
9.037684202194213867e-01
9.756925106048583984e-01
8.694285750389099121e-01
3.923225700855255127e-01
8.076675534248352051e-01
6.619058251380920410e-01
6.357394456863403320e-01
8.961836099624633789e-01
1.009067296981811523e+00
1.005003690719604492e+00
1.097047328948974609e+00
7.147250175476074219e-01
8.074637055397033691e-01
7.879796028137207031e-01
7.157323956489562988e-01
8.658762574195861816e-01
8.529649972915649414e-01
3.384793996810913086e-01
1.014329671859741211e+00
8.866580724716186523e-01
1.012418627738952637e+00
8.199781775474548340e-01
8.961361050605773926e-01
8.177046775817871094e-01
9.012233018875122070e-01
6.339150667190551758e-01
9.492127895355224609e-01
5.744727849960327148e-01
9.393290281295776367e-01
7.066255211830139160e-01
3.392595350742340088e-01
1.065259933471679688e+00
7.932351827621459961e-01
6.995757818222045898e-01
1.892276257276535034e-01
8.373399376869201660e-01
9.640824198722839355e-01
1.055336713790893555e+00
1.126704216003417969e+00
1.139255881309509277e+00
1.095050811767578125e+00
9.185931682586669922e-01
8.834932446479797363e-01
9.511736035346984863e-01
9.928102493286132812e-01
7.549682855606079102e-01
6.060459017753601074e-01
4.605826139450073242e-01
7.943595647811889648e-01
5.189819931983947754e-01
2.581821084022521973e-01
8.286049962043762207e-01
8.412141203880310059e-01
9.816545248031616211e-01
1.037350893020629883e+00
8.449578881263732910e-01
6.787054538726806641e-01
1.797976642847061157e-01
8.103682994842529297e-01
1.159401297569274902e+00
9.497512578964233398e-01
8.277527689933776855e-01
9.295250177383422852e-01
5.260466337203979492e-01
6.423294544219970703e-01
1.074495792388916016e+00
4.961199760437011719e-01
3.348037004470825195e-01
3.782639801502227783e-01
8.241256475448608398e-01
7.294525504112243652e-01
7.424611449241638184e-01
9.661592245101928711e-01
6.664345264434814453e-01
5.069741010665893555e-01
8.523127436637878418e-01
7.467389106750488281e-01
7.518683075904846191e-01
7.127724885940551758e-01
9.897466301918029785e-01
8.338242173194885254e-01
9.415727257728576660e-01
9.857146739959716797e-01
9.728752076625823975e-02
1.355100721120834351e-01
1.791129559278488159e-01
1.190343946218490601e-01
1.046000793576240540e-01
8.005474507808685303e-02
7.436353713274002075e-02
1.021937876939773560e-01
1.505250334739685059e-01
9.317040443420410156e-02
1.066611856222152710e-01
8.081902563571929932e-02
1.250112950801849365e-01
1.044966652989387512e-01
1.264515966176986694e-01
1.388741284608840942e-01
1.314597278833389282e-01
1.236988455057144165e-01
5.591018870472908020e-02
8.967109024524688721e-02
1.215411350131034851e-01
1.943134963512420654e-01
3.385012149810791016e-01
3.347263038158416748e-01
1.547375917434692383e-01
2.938019931316375732e-01
6.449400186538696289e-01
2.995064556598663330e-01
1.814734786748886108e-01
2.313006520271301270e-01
3.360390365123748779e-01
6.315398216247558594e-01
9.167574644088745117e-01
1.417822837829589844e-01
8.366969227790832520e-02
7.962520420551300049e-02
1.591183394193649292e-01
1.484041661024093628e-01
1.110906302928924561e-01
1.430144309997558594e-01
1.773069947957992554e-01
1.329087913036346436e-01
6.074278950691223145e-01
1.968003213405609131e-01
1.442754119634628296e-01
1.438986361026763916e-01
1.573655009269714355e-01
2.144093960523605347e-01
1.406491249799728394e-01
2.099605500698089600e-01
4.755791723728179932e-01
7.329645156860351562e-01
3.208597898483276367e-01
7.739288806915283203e-01
2.296966165304183960e-01
1.136768981814384460e-01
4.527848362922668457e-01
5.720143914222717285e-01
2.438250184059143066e-01
1.023971214890480042e-01
3.206096589565277100e-01
9.249581694602966309e-01
1.438039243221282959e-01
2.695444226264953613e-01
5.409054160118103027e-01
5.652186274528503418e-01
4.118494093418121338e-01
7.561979293823242188e-01
1.823791563510894775e-01
4.014667868614196777e-01
4.294386804103851318e-01
6.861125826835632324e-01
1.568415760993957520e-01
4.138527214527130127e-01
5.500729680061340332e-01
8.866719603538513184e-01
2.498897314071655273e-01
7.436397671699523926e-01
9.222956895828247070e-01
2.073408365249633789e-01
5.370064973831176758e-01
7.846223115921020508e-01
6.835827231407165527e-01
2.740532159805297852e-01
9.598026871681213379e-01
8.207257390022277832e-01
7.506958842277526855e-01
5.617738366127014160e-01
8.825132846832275391e-01
5.011295676231384277e-01
4.573080837726593018e-01
8.418726325035095215e-01
4.048516750335693359e-01
3.180550038814544678e-01
9.946164488792419434e-01
3.664071261882781982e-01
2.710224092006683350e-01
2.809931933879852295e-01
8.410750031471252441e-01
5.755013823509216309e-01
4.153436124324798584e-01
4.010817408561706543e-01
5.018394589424133301e-01
1.625768095254898071e-01
1.065891146659851074e+00
7.694545984268188477e-01
7.205920815467834473e-01
3.946017324924468994e-01
8.075848221778869629e-01
4.667881429195404053e-01
1.090337514877319336e+00
3.917179703712463379e-01
1.026210308074951172e+00
1.928876787424087524e-01
9.617103338241577148e-01
9.022912383079528809e-01
9.970377683639526367e-01
3.553281426429748535e-01
8.879071474075317383e-01
9.611032009124755859e-01
3.499966859817504883e-01
2.645471096038818359e-01
7.105773091316223145e-01
6.171909570693969727e-01
3.833691477775573730e-01
5.927546024322509766e-01
2.233151346445083618e-01
1.134052574634552002e-01
1.123105138540267944e-01
9.534693509340286255e-02
8.524744957685470581e-02
1.316834390163421631e-01
1.706518828868865967e-01
2.372288107872009277e-01
6.791393756866455078e-01
3.074620664119720459e-01
2.420138269662857056e-01
7.878754287958145142e-02
4.743878915905952454e-02
3.222153484821319580e-01
1.347397714853286743e-01
2.725159525871276855e-01
7.952571511268615723e-01
1.407845765352249146e-01
4.395256936550140381e-02
2.506766617298126221e-01
1.810268759727478027e-01
2.425056546926498413e-01
6.347800493240356445e-01
8.373094350099563599e-02
2.267537117004394531e-01
1.374115943908691406e-01
1.337078362703323364e-01
8.620086312294006348e-02
1.928943544626235962e-01
1.715302169322967529e-01
1.818213611841201782e-01
1.461659073829650879e-01
1.692785322666168213e-01
1.022033989429473877e-01
1.351814866065979004e-01
1.087381020188331604e-01
1.367325931787490845e-01
9.700065106153488159e-02
9.940844029188156128e-02
1.075740307569503784e-01
1.045003682374954224e-01
1.341174095869064331e-01
8.268728852272033691e-02
1.891907155513763428e-01
1.565890163183212280e-01
8.639265298843383789e-01
5.778954029083251953e-01
5.493905544281005859e-01
3.312663733959197998e-01
5.603327155113220215e-01
2.013042718172073364e-01
2.751225829124450684e-01
4.809136688709259033e-01
1.215509772300720215e-01
5.581125020980834961e-01
4.178210198879241943e-01
2.167618572711944580e-01
8.321149945259094238e-01
7.027978897094726562e-01
3.600326776504516602e-01
4.114608168601989746e-01
1.367294192314147949e-01
2.646417617797851562e-01
8.960731625556945801e-01
8.901385664939880371e-01
5.254388451576232910e-01
6.963509917259216309e-01
4.600723981857299805e-01
5.626809000968933105e-01
2.660287320613861084e-01
3.680666685104370117e-01
9.907020330429077148e-01
1.040900588035583496e+00
1.493445038795471191e-01
6.226266026496887207e-01
9.038288593292236328e-01
5.967712998390197754e-01
5.817878246307373047e-01
7.845672965049743652e-01
2.264809310436248779e-01
8.308386206626892090e-01
3.890395462512969971e-01
4.440942704677581787e-01
7.952813506126403809e-01
8.468363285064697266e-01
9.598028659820556641e-01
5.606443285942077637e-01
7.370526790618896484e-01
9.422613382339477539e-01
7.863371968269348145e-01
9.452871084213256836e-01
6.990210413932800293e-01
3.193615078926086426e-01
6.186430454254150391e-01
4.173063039779663086e-01
8.900933861732482910e-01
8.454318642616271973e-01
1.178178548812866211e+00
1.686695069074630737e-01
3.944566845893859863e-01
2.743652164936065674e-01
4.684645235538482666e-01
6.773993968963623047e-01
2.379213273525238037e-01
9.998725652694702148e-01
1.922168731689453125e-01
9.167317152023315430e-01
9.447593092918395996e-01
7.988207936286926270e-01
8.953481316566467285e-01
3.690876960754394531e-01
7.212512493133544922e-01
5.806709527969360352e-01
6.006124019622802734e-01
5.410516262054443359e-01
4.958944022655487061e-01
8.221150636672973633e-01
9.123045206069946289e-01
6.764327883720397949e-01
7.407590150833129883e-01
8.008108735084533691e-01
1.284084469079971313e-01
7.884301543235778809e-01
1.059768199920654297e+00
9.798832535743713379e-01
9.768511056900024414e-01
4.998824298381805420e-01
4.439261257648468018e-01
5.854299068450927734e-01
9.630784988403320312e-01
7.584568858146667480e-01
5.667226314544677734e-01
1.881149411201477051e-01
5.009496808052062988e-01
6.328497529029846191e-01
8.948146700859069824e-01
6.775656938552856445e-01
3.070908784866333008e-01
4.926282167434692383e-01
7.095807790756225586e-01
1.960653364658355713e-01
6.890923380851745605e-01
8.220341056585311890e-02
1.475561857223510742e-01
1.432430744171142578e-01
5.481381341814994812e-02
2.209796756505966187e-01
6.783933192491531372e-02
8.198119699954986572e-02
3.593423636630177498e-03
9.023471176624298096e-02
1.897183358669281006e-01
6.319774985313415527e-01
6.175050735473632812e-01
1.875928938388824463e-01
1.225881278514862061e-01
7.719162106513977051e-02
5.790269747376441956e-02
6.235597655177116394e-02
7.036054134368896484e-02
7.958586513996124268e-02
1.396980881690979004e-02
5.132006108760833740e-02
9.943871945142745972e-02
1.012564525008201599e-01
8.623537421226501465e-02
1.641595214605331421e-01
8.020488917827606201e-02
1.225907057523727417e-01
1.028669625520706177e-01
7.562613487243652344e-02
8.631211519241333008e-02
6.708393096923828125e-01
1.253726482391357422e-01
1.354782581329345703e-01
1.908513605594635010e-01
7.739583402872085571e-02
5.705187320709228516e-01
3.009029328823089600e-01
5.610378384590148926e-01
3.491240739822387695e-01
5.004891753196716309e-01
3.119351267814636230e-01
8.422842621803283691e-02
1.698724478483200073e-01
2.799964547157287598e-01
1.300462484359741211e-01
2.200280725955963135e-01
3.228433132171630859e-01
1.123319119215011597e-01
1.573778539896011353e-01
2.346099019050598145e-01
1.344382017850875854e-01
2.504786550998687744e-01
4.235071837902069092e-01
2.849704623222351074e-01
3.141481578350067139e-01
3.882427513599395752e-01
1.220609843730926514e-01
1.550125181674957275e-01
8.223969936370849609e-01
8.802575469017028809e-01
1.040456816554069519e-01
9.169781953096389771e-02
1.311186105012893677e-01
1.604812741279602051e-01
6.469028443098068237e-02
8.742068707942962646e-02
5.780271813273429871e-02
1.424153894186019897e-01
4.361316561698913574e-01
3.522045910358428955e-01
1.136943474411964417e-01
2.454095631837844849e-01
5.689685344696044922e-01
1.261399239301681519e-01
1.109571009874343872e-01
1.818988025188446045e-01
1.745931357145309448e-01
6.232653930783271790e-02
1.082669273018836975e-01
1.181018650531768799e-01
1.304269731044769287e-01
4.910469949245452881e-01
1.123934909701347351e-01
1.562922447919845581e-01
6.504146456718444824e-01
5.385192036628723145e-01
7.319185733795166016e-01
2.914234399795532227e-01
1.208736300468444824e-01
5.440492033958435059e-01
1.074820905923843384e-01
7.214640080928802490e-02
1.591472476720809937e-01
4.848498702049255371e-01
4.992689788341522217e-01
3.528718352317810059e-01
8.901484608650207520e-01
6.104100942611694336e-01
9.488792419433593750e-01
1.637285202741622925e-01
3.679396212100982666e-01
3.253017961978912354e-01
2.575413584709167480e-01
5.520708560943603516e-01
8.726435899734497070e-01
1.486013829708099365e-01
5.439213514328002930e-01
1.743426620960235596e-01
8.248814344406127930e-01
8.094900846481323242e-01
7.994710206985473633e-01
1.036003351211547852e+00
4.448128640651702881e-01
4.102480113506317139e-01
1.253096908330917358e-01
7.410359978675842285e-01
1.179461777210235596e-01
1.144740507006645203e-01
2.918944358825683594e-01
2.684362828731536865e-01
1.181838437914848328e-01
6.193701550364494324e-02
9.626614302396774292e-02
1.210393384099006653e-01
1.012000665068626404e-01
6.633105129003524780e-02
8.624486625194549561e-02
9.505434334278106689e-02
1.202922463417053223e-01
6.294599175453186035e-02
8.221899718046188354e-02
1.632369905710220337e-01
9.060056507587432861e-02
1.254326403141021729e-01
2.359861433506011963e-01
3.176629245281219482e-01
9.222247451543807983e-02
1.286098361015319824e-01
9.039179235696792603e-02
1.091325134038925171e-01
9.209618717432022095e-02
9.842979907989501953e-02
1.014099121093750000e-01
2.369303554296493530e-01
9.913051873445510864e-02
1.062435731291770935e-01
8.545727282762527466e-02
9.466096758842468262e-02
1.331341266632080078e-01
9.743776172399520874e-02
2.086634635925292969e-01
4.403650760650634766e-01
1.451443880796432495e-01
8.005957305431365967e-02
8.122199028730392456e-02
1.239504218101501465e-01
1.808287501335144043e-01
1.289539039134979248e-01
5.207556486129760742e-01
2.963138818740844727e-01
4.273966252803802490e-01
1.799751967191696167e-01
3.995058834552764893e-01
1.071125119924545288e-01
1.409645378589630127e-01
2.806170284748077393e-01
3.911749720573425293e-01
1.125470548868179321e-01
6.070633530616760254e-01
1.082077845931053162e-01
2.390933334827423096e-01
1.601650416851043701e-01
1.994957625865936279e-01
9.450892359018325806e-02
1.959619820117950439e-01
3.303554654121398926e-01
1.136225387454032898e-01
1.260010302066802979e-01
2.858394384384155273e-01
1.203550919890403748e-01
6.893668770790100098e-01
1.843048930168151855e-01
2.368589341640472412e-01
5.069118738174438477e-01
1.592256724834442139e-01
9.043604135513305664e-02
7.783161103725433350e-02
1.618996709585189819e-01
1.055582612752914429e-01
9.228517860174179077e-02
8.472322672605514526e-02
1.973133832216262817e-01
8.302257955074310303e-02
1.272549331188201904e-01
1.323009282350540161e-01
1.096765995025634766e-01
1.040577739477157593e-01
7.697093486785888672e-02
7.744926959276199341e-02
9.856139123439788818e-02
1.147901713848114014e-01
1.122551336884498596e-01
1.210307702422142029e-01
6.545646488666534424e-02
7.684804499149322510e-02
1.080949604511260986e-01
1.271350830793380737e-01
8.283370733261108398e-02
7.184552401304244995e-02
7.300425320863723755e-02
8.636489510536193848e-02
3.946065306663513184e-01
2.116653323173522949e-01
4.174411594867706299e-01
7.179122567176818848e-01
3.639401793479919434e-01
8.932853490114212036e-02
5.949687957763671875e-01
4.273279607295989990e-01
2.308115065097808838e-01
5.256662368774414062e-01
4.567402303218841553e-01
4.202142357826232910e-01
1.145529225468635559e-01
4.738750457763671875e-01
7.123237848281860352e-01
2.509341537952423096e-01
2.810471951961517334e-01
8.641527295112609863e-01
7.371097207069396973e-01
1.553638279438018799e-01
4.030242562294006348e-01
1.800657808780670166e-01
7.117428779602050781e-01
3.005416095256805420e-01
1.224117800593376160e-01
6.341663599014282227e-01
1.269243210554122925e-01
3.219842910766601562e-01
1.972062438726425171e-01
7.753623127937316895e-01
1.156364083290100098e-01
7.763378322124481201e-02
8.306575417518615723e-01
3.176562190055847168e-01
9.728929996490478516e-01
8.155558705329895020e-01
8.796365261077880859e-01
4.375461041927337646e-01
6.441345214843750000e-01
8.788087964057922363e-01
8.865718245506286621e-01
7.348280549049377441e-01
3.979693055152893066e-01
4.782188832759857178e-01
3.892382979393005371e-01
2.873174250125885010e-01
9.555914998054504395e-01
6.114124059677124023e-01
6.631340384483337402e-01
9.292235970497131348e-01
1.276262849569320679e-01
8.088330626487731934e-01
7.143607139587402344e-01
1.020287394523620605e+00
6.796744465827941895e-01
9.246653914451599121e-01
6.255140304565429688e-01
9.195232391357421875e-01
7.314975857734680176e-01
6.010844111442565918e-01
7.765552401542663574e-01
3.890801370143890381e-01
6.060706973075866699e-01
1.909486502408981323e-01
8.536028861999511719e-01
9.228414893150329590e-01
1.023030638694763184e+00
1.803485155105590820e-01
9.116417169570922852e-01
1.418247669935226440e-01
1.831453144550323486e-01
2.339103221893310547e-01
4.835394024848937988e-01
1.284882575273513794e-01
9.176994562149047852e-01
6.707053184509277344e-01
2.339708060026168823e-01
5.756484270095825195e-01
9.635465741157531738e-01
6.552165150642395020e-01
9.479989409446716309e-01
9.059673547744750977e-01
2.077765166759490967e-01
1.234190389513969421e-01
9.254992604255676270e-01
9.236130118370056152e-01
7.807342410087585449e-01
4.948075711727142334e-01
8.443138003349304199e-01
8.858563899993896484e-01
9.315404295921325684e-01
6.923074722290039062e-01
4.986323714256286621e-01
6.880370378494262695e-01
6.796125173568725586e-01
1.004355788230895996e+00
5.247982740402221680e-01
1.101854816079139709e-02
1.369838416576385498e-01
3.306699916720390320e-02
9.140629321336746216e-02
1.313732713460922241e-01
9.250301867723464966e-02
1.132076084613800049e-01
7.866667956113815308e-02
8.573607355356216431e-02
1.056825444102287292e-01
8.438628166913986206e-02
7.996540516614913940e-02
1.321659684181213379e-01
8.911030739545822144e-02
9.692282974720001221e-02
8.665700256824493408e-02
1.283157169818878174e-01
3.313802182674407959e-01
1.507914364337921143e-01
1.284613162279129028e-01
3.885813355445861816e-01
1.020184978842735291e-01
7.312084734439849854e-02
2.765928208827972412e-01
2.585738003253936768e-01
2.427446991205215454e-01
6.188565492630004883e-01
9.248478710651397705e-02
1.026264578104019165e-01
1.290966272354125977e-01
4.739156067371368408e-01
8.527905493974685669e-02
7.750059664249420166e-02
1.612273156642913818e-01
7.441683113574981689e-02
1.880109682679176331e-02
9.567064046859741211e-02
9.425102919340133667e-02
1.015678644180297852e-01
2.361313998699188232e-01
7.265766710042953491e-02
1.495149582624435425e-01
1.095429509878158569e-01
7.830876111984252930e-02
1.109191551804542542e-01
9.207718074321746826e-02
1.730390489101409912e-01
1.201382800936698914e-01
9.910197556018829346e-02
1.124795004725456238e-01
5.407195091247558594e-01
8.472916483879089355e-02
8.322360366582870483e-02
7.903476059436798096e-02
1.327546536922454834e-01
6.297754049301147461e-01
1.459558308124542236e-01
2.235472202301025391e-01
2.403592616319656372e-01
3.482308089733123779e-01
1.696287542581558228e-01
7.617678642272949219e-01
1.012378931045532227e-01
1.211298257112503052e-01
2.254617810249328613e-01
2.009979337453842163e-01
3.180327713489532471e-01
2.636699378490447998e-01
3.734948337078094482e-01
8.408565074205398560e-02
4.153178334236145020e-01
3.056211471557617188e-01
2.377910465002059937e-01
2.669755518436431885e-01
6.690952926874160767e-02
6.530747413635253906e-01
7.527296543121337891e-01
5.844711661338806152e-01
8.587654829025268555e-01
4.732839763164520264e-01
6.344122290611267090e-01
1.114466860890388489e-01
1.021444797515869141e-01
3.206179738044738770e-01
1.481239795684814453e-01
1.953962892293930054e-01
8.324424177408218384e-02
3.035861253738403320e-01
5.611206963658332825e-02
7.584735006093978882e-02
6.344938874244689941e-01
4.135873913764953613e-01
2.798963487148284912e-01
1.806741654872894287e-01
2.292763739824295044e-01
4.148865342140197754e-01
3.840123713016510010e-01
8.628807663917541504e-01
1.674044579267501831e-01
2.915033400058746338e-01
1.199353113770484924e-01
3.702372014522552490e-01
1.100636944174766541e-01
2.657734453678131104e-01
3.008942008018493652e-01
3.931214213371276855e-01
8.278220295906066895e-01
4.855453670024871826e-01
6.319414973258972168e-01
9.581718593835830688e-02
8.791407942771911621e-02
1.198167353868484497e-01
1.036361306905746460e-01
9.574099630117416382e-02
7.027965039014816284e-02
3.996894508600234985e-02
8.000586926937103271e-02
1.784188151359558105e-01
8.263982832431793213e-02
6.903385519981384277e-01
9.137881547212600708e-02
2.017495930194854736e-01
1.304690837860107422e-01
7.431796789169311523e-01
2.560484111309051514e-01
1.260444372892379761e-01
1.372208595275878906e-01
2.470131367444992065e-01
9.208945184946060181e-02
1.253694444894790649e-01
4.709419235587120056e-02
7.993929833173751831e-02
1.212355569005012512e-01
1.029418632388114929e-01
6.155135855078697205e-02
1.419055312871932983e-01
8.167286962270736694e-02
3.438032865524291992e-01
9.163818508386611938e-02
2.859595417976379395e-01
7.539219409227371216e-02
5.210135877132415771e-02
8.553141355514526367e-02
2.126183360815048218e-01
5.097865313291549683e-02
1.244851946830749512e-01
3.405674099922180176e-01
2.063547521829605103e-01
1.014105230569839478e-01
8.020468801259994507e-02
9.815566241741180420e-02
4.024795442819595337e-02
7.585527002811431885e-02
8.587661385536193848e-01
1.530427783727645874e-01
2.322086989879608154e-01
8.596643060445785522e-02
7.116029262542724609e-01
3.606750965118408203e-01
8.487218022346496582e-01
1.913512349128723145e-01
2.323936372995376587e-01
8.379541635513305664e-01
1.573386341333389282e-01
6.657522916793823242e-01
8.276999592781066895e-01
9.073360264301300049e-02
3.920811116695404053e-01
2.608881294727325439e-01
5.552344322204589844e-01
6.695595979690551758e-01
9.310197234153747559e-01
5.629203915596008301e-01
7.195810675621032715e-01
2.547490596771240234e-01
1.983900368213653564e-01
1.017504557967185974e-01
8.385206013917922974e-02
1.773068308830261230e-01
4.956485629081726074e-01
2.812477648258209229e-01
6.896142959594726562e-01
6.536411494016647339e-02
8.243882656097412109e-02
8.385770022869110107e-02
2.715252339839935303e-01
6.790088415145874023e-01
1.199892014265060425e-01
2.341563850641250610e-01
2.345011979341506958e-01
1.700602769851684570e-01
2.571963071823120117e-01
1.197931468486785889e-01
2.360993623733520508e-01
9.263160228729248047e-01
9.448508024215698242e-01
8.670995831489562988e-01
3.109384775161743164e-01
7.766913771629333496e-01
1.022126078605651855e+00
7.437528371810913086e-01
7.426014542579650879e-01
6.779949069023132324e-01
7.476971149444580078e-01
9.058028459548950195e-01
2.517769634723663330e-01
3.344681859016418457e-01
9.190667867660522461e-01
3.057812154293060303e-01
1.960628330707550049e-01
1.274988949298858643e-01
1.424916386604309082e-01
6.431482434272766113e-01
3.752309679985046387e-01
9.057452082633972168e-01
3.531866669654846191e-01
2.584483027458190918e-01
5.303566455841064453e-01
8.102508187294006348e-01
6.319789886474609375e-01
1.041761040687561035e+00
9.035654664039611816e-01
7.459115386009216309e-01
2.381678670644760132e-01
8.264756202697753906e-01
9.104651212692260742e-01
8.848076462745666504e-01
6.726100444793701172e-01
5.098923444747924805e-01
6.250256299972534180e-01
6.693505644798278809e-01
9.185510873794555664e-01
9.072198867797851562e-01
6.074205636978149414e-01
6.089212894439697266e-01
2.163848876953125000e-01
6.188793182373046875e-01
1.278422623872756958e-01
9.083651900291442871e-01
7.885262966156005859e-01
6.082081794738769531e-01
1.246586218476295471e-01
8.910252451896667480e-01
4.126738309860229492e-01
1.626219600439071655e-01
8.358296155929565430e-01
1.708135008811950684e-01
8.688359260559082031e-01
8.141956925392150879e-01
9.203497767448425293e-01
7.033351659774780273e-01
6.866210699081420898e-01
7.321213483810424805e-01
8.972662091255187988e-01
1.306096911430358887e-01
3.272492587566375732e-01
1.469048261642456055e-01
9.053699374198913574e-01
6.936026215553283691e-01
1.014792621135711670e-01
4.750744104385375977e-01
7.830829620361328125e-01
9.218829870223999023e-01
9.557995796203613281e-01
9.106416106224060059e-01
8.924873471260070801e-01
1.233352795243263245e-01
1.240523234009742737e-01
7.598099112510681152e-01
5.789269208908081055e-01
9.132434725761413574e-01
7.025810480117797852e-01
1.584110260009765625e-01
1.039612516760826111e-01
1.677790284156799316e-01
7.989674806594848633e-02
7.994384318590164185e-02
1.117136254906654358e-01
1.421605050563812256e-01
1.478728055953979492e-01
6.235992535948753357e-02
9.324818849563598633e-02
7.250222563743591309e-02
9.684301912784576416e-02
6.966233998537063599e-02
5.425446480512619019e-02
6.965188682079315186e-02
1.426658928394317627e-01
1.314552277326583862e-01
1.580933928489685059e-01
2.029902189970016479e-01
1.217455789446830750e-01
1.064530014991760254e-01
7.526658177375793457e-01
3.231061995029449463e-01
3.130113184452056885e-01
9.952353686094284058e-02
1.625320762395858765e-01
3.643114268779754639e-01
5.031826496124267578e-01
2.258282452821731567e-01
5.361296534538269043e-01
6.524055600166320801e-01
8.802742958068847656e-01
1.100467517971992493e-01
9.511090815067291260e-02
9.004365652799606323e-02
1.169863417744636536e-01
7.070544362068176270e-02
1.720581799745559692e-01
6.084773689508438110e-02
1.119887083768844604e-01
8.150110393762588501e-02
1.107576787471771240e-01
1.050061136484146118e-01
7.999016344547271729e-02
1.273940652608871460e-01
1.363373100757598877e-01
5.843700170516967773e-01
1.135960668325424194e-01
2.018546462059020996e-01
9.680777043104171753e-02
1.080855429172515869e-01
9.336381405591964722e-02
1.899510025978088379e-01
1.264779567718505859e-01
1.312858909368515015e-01
1.031057909131050110e-01
1.693852245807647705e-01
2.275521606206893921e-01
1.163537725806236267e-01
5.646124482154846191e-01
1.441791355609893799e-01
3.832914829254150391e-01
1.139511018991470337e-01
9.991560131311416626e-02
9.913028776645660400e-02
1.604215055704116821e-01
9.116636216640472412e-02
1.464952230453491211e-01
2.233900129795074463e-01
3.923364281654357910e-01
1.223632693290710449e-01
2.713932394981384277e-01
1.393170803785324097e-01
4.793434441089630127e-01
2.149466723203659058e-01
1.929731220006942749e-01
6.658700108528137207e-01
8.014281839132308960e-02
3.579611182212829590e-01
7.948574423789978027e-02
1.021181717514991760e-01
2.439830154180526733e-01
3.527633845806121826e-01
1.250227838754653931e-01
2.294695228338241577e-01
8.847752213478088379e-01
4.314655065536499023e-01
5.543983578681945801e-01
4.136095046997070312e-01
1.323681175708770752e-01
8.814049363136291504e-01
3.056723475456237793e-01
1.005609333515167236e-01
1.071372255682945251e-01
6.094026565551757812e-01
2.872371971607208252e-01
6.070755124092102051e-01
5.730132758617401123e-02
9.186766147613525391e-01
1.312272250652313232e-01
7.673143148422241211e-01
8.010274171829223633e-01
1.259522140026092529e-01
1.455389559268951416e-01
2.252726703882217407e-01
8.003114461898803711e-01
1.350820660591125488e-01
1.130281314253807068e-01
6.456876397132873535e-01
8.298922181129455566e-01
4.330863058567047119e-01
1.459655612707138062e-01
1.823879480361938477e-01
9.007624536752700806e-02
7.960742712020874023e-02
6.992644071578979492e-02
8.041744679212570190e-02
8.563971519470214844e-02
1.448900699615478516e-01
1.028855219483375549e-01
1.076808646321296692e-01
2.384781390428543091e-01
1.803494095802307129e-01
2.237021476030349731e-01
3.668576478958129883e-01
2.310327738523483276e-01
3.155549764633178711e-01
6.150923296809196472e-02
2.069845944643020630e-01
7.997292876243591309e-01
3.650825023651123047e-01
4.064682424068450928e-01
9.729428589344024658e-02
1.598924547433853149e-01
6.363412737846374512e-02
1.456854045391082764e-01
1.064774915575981140e-01
3.531655967235565186e-01
2.001602500677108765e-01
3.046237230300903320e-01
5.524702072143554688e-01
2.282574027776718140e-01
1.497479379177093506e-01
1.665146797895431519e-01
1.077760756015777588e-01
2.243806868791580200e-01
6.451466679573059082e-02
1.251559555530548096e-01
9.788280725479125977e-02
9.729661792516708374e-02
8.506899327039718628e-02
1.430926918983459473e-01
1.135588958859443665e-01
8.978127688169479370e-02
1.538434624671936035e-01
1.078783273696899414e-01
2.612682878971099854e-01
1.594572663307189941e-01
1.328830122947692871e-01
1.538669615983963013e-01
1.000678688287734985e-01
7.022460699081420898e-01
8.516467809677124023e-01
4.593979716300964355e-01
4.640946388244628906e-01
2.339318692684173584e-01
4.760183393955230713e-01
4.295776784420013428e-01
4.250689744949340820e-01
8.196837306022644043e-01
2.020802497863769531e-01
4.687174260616302490e-01
6.242480278015136719e-01
3.556383848190307617e-01
8.183466196060180664e-01
7.052859067916870117e-01
7.909442186355590820e-01
4.547372162342071533e-01
8.587452173233032227e-01
4.135197997093200684e-01
8.263453245162963867e-01
1.146663427352905273e-01
6.057632565498352051e-01
2.418119013309478760e-01
3.760010749101638794e-02
1.052777171134948730e+00
7.848005294799804688e-01
1.025098919868469238e+00
9.399935007095336914e-01
4.867492020130157471e-01
8.190515637397766113e-01
2.942599952220916748e-01
3.184374570846557617e-01
2.412944138050079346e-01
5.904876589775085449e-01
1.636336296796798706e-01
4.327946007251739502e-01
5.520828366279602051e-01
5.747016668319702148e-01
3.257482647895812988e-01
6.569175720214843750e-01
8.369912505149841309e-01
2.186215370893478394e-01
2.853663563728332520e-01
6.012087464332580566e-01
4.973840117454528809e-01
3.960273563861846924e-01
4.243159294128417969e-01
8.337920904159545898e-01
6.894952058792114258e-01
5.644004344940185547e-01
4.252178966999053955e-01
7.319329977035522461e-01
1.016071438789367676e+00
8.087643980979919434e-01
2.246436178684234619e-01
7.755764722824096680e-01
3.458581268787384033e-01
3.652595281600952148e-01
4.312216341495513916e-01
6.417487859725952148e-01
7.413317561149597168e-01
9.031732082366943359e-01
8.744697570800781250e-01
8.416568636894226074e-01
5.260056257247924805e-01
9.489277005195617676e-01
6.132410168647766113e-01
9.086263775825500488e-01
2.610124647617340088e-01
1.454045027494430542e-01
7.485951185226440430e-01
4.815986156463623047e-01
6.930687427520751953e-01
3.306617438793182373e-01
9.272199869155883789e-01
8.201093673706054688e-01
6.967990994453430176e-01
5.560792088508605957e-01
1.367079019546508789e-01
3.678934872150421143e-01
1.205482631921768188e-01
7.301375269889831543e-01
5.612155795097351074e-01
1.309490948915481567e-01
7.335892915725708008e-01
8.076686263084411621e-01
8.337455987930297852e-01
9.838439822196960449e-01
8.457634449005126953e-01
6.119311451911926270e-01
8.395983576774597168e-01
8.224156498908996582e-01
5.230668187141418457e-01
7.815296053886413574e-01
8.712363839149475098e-01
7.654737234115600586e-01
6.583607196807861328e-01
1.837786287069320679e-01
5.116167664527893066e-01
8.511983752250671387e-01
8.156324625015258789e-01
9.659796357154846191e-01
8.978566527366638184e-01
7.426679134368896484e-01
8.517451882362365723e-01
3.440189957618713379e-01
5.680879950523376465e-01
2.078548967838287354e-01
8.746201992034912109e-01
9.274532794952392578e-01
5.441644787788391113e-01
8.566641211509704590e-01
7.415666580200195312e-01
8.938373923301696777e-01
6.926302909851074219e-01
3.481307029724121094e-01
2.162775546312332153e-01
4.471581876277923584e-01
7.270203232765197754e-01
5.405323505401611328e-01
9.396194219589233398e-01
1.021837949752807617e+00
6.968073248863220215e-01
7.044478654861450195e-01
1.787410378456115723e-01
9.388987421989440918e-01
3.073691427707672119e-01
5.753517746925354004e-01
6.413928866386413574e-01
5.163227915763854980e-01
5.972269177436828613e-01
1.583439558744430542e-01
8.896907567977905273e-01
9.257180094718933105e-01
8.397116661071777344e-01
9.075385332107543945e-01
5.794287919998168945e-01
1.361993104219436646e-01
7.122625708580017090e-01
9.387962818145751953e-01
8.757411241531372070e-01
1.577409505844116211e-01
5.666630268096923828e-01
7.070201039314270020e-01
1.010120034217834473e+00
7.860499620437622070e-01
5.192621946334838867e-01
9.913478493690490723e-01
1.737399846315383911e-01
1.645233929157257080e-01
1.308104842901229858e-01
1.753986924886703491e-01
1.610746979713439941e-01
1.153849363327026367e-01
1.070542484521865845e-01
7.103858888149261475e-02
7.976959645748138428e-02
8.417654782533645630e-02
5.750621482729911804e-02
1.199844107031822205e-01
1.291712969541549683e-01
9.219741076231002808e-02
1.035021319985389709e-01
8.737811446189880371e-02
9.855042397975921631e-02
7.189208269119262695e-02
7.179120182991027832e-02
8.143401890993118286e-02
1.403552889823913574e-01
1.713368743658065796e-01
1.173696666955947876e-01
1.072142124176025391e-01
1.552494168281555176e-01
4.054970443248748779e-01
1.749686151742935181e-01
9.860657900571823120e-02
1.862599104642868042e-01
2.039275914430618286e-01
6.722514629364013672e-01
1.211842224001884460e-01
7.919808030128479004e-01
2.226560413837432861e-01
1.616101861000061035e-01
2.804635167121887207e-01
5.639464259147644043e-01
1.655745804309844971e-01
1.470204144716262817e-01
7.497408986091613770e-02
6.134914606809616089e-02
3.844257891178131104e-01
2.422403246164321899e-01
3.127343058586120605e-01
3.945022523403167725e-01
3.631896674633026123e-01
1.894226372241973877e-01
1.428609490394592285e-01
2.431990951299667358e-01
2.157871574163436890e-01
1.250343620777130127e-01
1.069806367158889771e-01
2.102186083793640137e-01
8.916327357292175293e-02
3.752138912677764893e-01
1.121752038598060608e-01
4.058564901351928711e-01
4.255826771259307861e-01
1.794880777597427368e-01
2.000023126602172852e-01
3.516398668289184570e-01
9.421606361865997314e-02
5.760184526443481445e-01
3.689301013946533203e-01
1.161362603306770325e-01
1.183769479393959045e-01
2.264438420534133911e-01
1.943404972553253174e-01
7.084369659423828125e-01
1.309701204299926758e-01
1.384812146425247192e-01
1.689422577619552612e-01
2.200768142938613892e-01
2.522758841514587402e-01
3.733536601066589355e-01
7.949495315551757812e-01
8.114985823631286621e-01
8.713980913162231445e-01
1.143271252512931824e-01
1.403597295284271240e-01
4.471198916435241699e-01
1.134866178035736084e-01
4.200499951839447021e-01
1.179503500461578369e-01
8.308123052120208740e-02
1.813771575689315796e-01
3.765521049499511719e-01
7.958047389984130859e-01
5.699030160903930664e-01
2.274062484502792358e-01
4.192491769790649414e-01
7.821863293647766113e-01
9.743074327707290649e-02
4.306507706642150879e-01
1.008184194564819336e+00
2.553937733173370361e-01
2.471523582935333252e-01
5.409960150718688965e-01
6.505187153816223145e-01
1.853913366794586182e-01
5.617741942405700684e-01
2.291616946458816528e-01
2.774909734725952148e-01
6.259505152702331543e-01
1.110007986426353455e-01
7.322463393211364746e-01
2.572771310806274414e-01
7.082952558994293213e-02
2.541039884090423584e-01
9.438244998455047607e-02
1.184947490692138672e-01
7.420265674591064453e-02
1.015682145953178406e-01
9.111186116933822632e-02
8.649607747793197632e-02
1.335090845823287964e-01
4.953868985176086426e-01
1.432206481695175171e-01
1.143468469381332397e-01
2.019831389188766479e-01
7.368173599243164062e-01
2.356824576854705811e-01
2.711610496044158936e-01
4.112482666969299316e-01
1.704725474119186401e-01
3.203529119491577148e-01
2.561818957328796387e-01
1.035989373922348022e-01
1.538599282503128052e-01
2.694165110588073730e-01
1.807846426963806152e-01
9.226533025503158569e-02
2.252131551504135132e-01
1.108739376068115234e-01
9.117136895656585693e-02
5.578542947769165039e-01
1.462300419807434082e-01
1.284905225038528442e-01
1.125537008047103882e-01
7.314725965261459351e-02
8.720740675926208496e-02
8.984827995300292969e-02
9.901408553123474121e-01
4.770197272300720215e-01
1.032575890421867371e-01
6.393563151359558105e-01
6.348559856414794922e-01
9.805198907852172852e-01
7.884798049926757812e-01
8.052766919136047363e-01
5.916796922683715820e-01
8.986041545867919922e-01
4.760694205760955811e-01
6.937981247901916504e-01
8.716706186532974243e-02
1.154301092028617859e-01
1.087982058525085449e+00
8.977053761482238770e-01
6.196067333221435547e-01
8.151585459709167480e-01
7.645257711410522461e-01
1.308808624744415283e-01
8.028115630149841309e-01
2.069270014762878418e-01
5.181420445442199707e-01
5.200010538101196289e-01
7.884957194328308105e-01
2.102854698896408081e-01
8.153673410415649414e-01
8.254283070564270020e-01
2.811833918094635010e-01
5.827749967575073242e-01
4.409007132053375244e-01
8.660776615142822266e-01
9.203314185142517090e-01
6.405867338180541992e-01
5.542895197868347168e-01
3.046729862689971924e-01
8.164099454879760742e-01
7.186625599861145020e-01
4.753632247447967529e-01
7.294111251831054688e-01
6.516612768173217773e-01
6.705906987190246582e-01
9.983493089675903320e-01
8.887015581130981445e-01
4.586080312728881836e-01
6.918995976448059082e-01
8.036462068557739258e-01
8.128290176391601562e-01
1.019473552703857422e+00
7.620259523391723633e-01
6.304186582565307617e-01
7.306280136108398438e-01
2.528862953186035156e-01
2.281133085489273071e-01
7.142828702926635742e-01
1.315890103578567505e-01
1.040187403559684753e-01
1.833360344171524048e-01
1.269609928131103516e-01
1.494601368904113770e-01
1.141603291034698486e-01
1.392424255609512329e-01
9.262230992317199707e-02
6.311342120170593262e-02
1.296724528074264526e-01
1.190427392721176147e-01
1.015886962413787842e-01
1.100559812039136887e-02
2.939805984497070312e-01
3.933626711368560791e-01
2.733018994331359863e-01
1.086421087384223938e-01
4.175288081169128418e-01
4.976591765880584717e-01
5.363269448280334473e-01
1.229670569300651550e-01
1.766921281814575195e-01
3.463546931743621826e-01
1.100924760103225708e-01
6.051124259829521179e-02
1.153991967439651489e-01
1.356020420789718628e-01
3.836936652660369873e-01
5.345686674118041992e-01
5.444495677947998047e-01
6.600825786590576172e-01
8.535618335008621216e-02
1.619676947593688965e-01
7.621572166681289673e-02
1.964100152254104614e-01
8.569530397653579712e-02
5.854133367538452148e-01
8.442018181085586548e-02
1.344468295574188232e-01
8.564374595880508423e-02
5.375800728797912598e-01
1.469082236289978027e-01
2.228238135576248169e-01
2.051640897989273071e-01
2.269838899374008179e-01
1.390950977802276611e-01
2.594285607337951660e-01
9.612368345260620117e-01
1.366321593523025513e-01
1.798115074634552002e-01
9.214647114276885986e-02
1.039608046412467957e-01
1.014615669846534729e-01
6.331908702850341797e-02
2.445347905158996582e-01
1.575531959533691406e-01
6.168822199106216431e-02
2.593694627285003662e-01
9.016699343919754028e-02
1.197179630398750305e-01
2.790414988994598389e-01
1.036243662238121033e-01
2.557681500911712646e-01
1.278791725635528564e-01
3.375687301158905029e-01
3.316523134708404541e-01
7.494185119867324829e-02
9.818152338266372681e-02
9.246128052473068237e-02
1.219338104128837585e-01
1.074982509016990662e-01
2.080377191305160522e-01
2.089057862758636475e-01
1.229648441076278687e-01
6.529615074396133423e-02
1.397579312324523926e-01
9.349706172943115234e-01
3.060848116874694824e-01
3.372093737125396729e-01
1.684772782027721405e-02
3.113958537578582764e-01
8.454576730728149414e-01
2.202775478363037109e-01
1.042261868715286255e-01
7.273532748222351074e-01
4.140937030315399170e-01
3.651030659675598145e-01
4.509964287281036377e-01
1.498571187257766724e-01
4.194763302803039551e-01
2.811310291290283203e-01
5.105885267257690430e-01
1.316110342741012573e-01
8.990175276994705200e-02
3.971794545650482178e-01
6.213313341140747070e-01
1.766110807657241821e-01
2.852914929389953613e-01
1.086945906281471252e-01
2.974864840507507324e-01
9.586176872253417969e-01
8.567135334014892578e-01
2.291408777236938477e-01
8.705518841743469238e-01
1.070349812507629395e+00
6.940976381301879883e-01
2.389649152755737305e-01
6.004375815391540527e-01
1.497455835342407227e-01
3.818202316761016846e-01
7.072620391845703125e-01
9.662186503410339355e-01
1.450076550245285034e-01
7.327595949172973633e-01
1.381053924560546875e-01
8.328427076339721680e-01
7.892225384712219238e-01
7.906680107116699219e-01
4.730432331562042236e-01
9.798733592033386230e-01
4.231862723827362061e-01
4.076890051364898682e-01
7.849931716918945312e-01
4.673848450183868408e-01
6.363610625267028809e-01
6.477645635604858398e-01
6.257970929145812988e-01
4.706603288650512695e-01
4.085175693035125732e-01
4.228934645652770996e-01
4.931569695472717285e-01
1.964850127696990967e-01
7.568890452384948730e-01
1.357668191194534302e-01
4.507668614387512207e-01
1.097001507878303528e-01
2.871268987655639648e-01
5.772298574447631836e-01
7.484893202781677246e-01
8.422389030456542969e-01
5.907665491104125977e-01
7.407043129205703735e-02
6.030226126313209534e-02
6.731326878070831299e-02
1.305927485227584839e-01
3.617799654603004456e-02
1.503738015890121460e-02
5.749915912747383118e-02
9.690821915864944458e-02
7.980871945619583130e-02
1.511320173740386963e-01
1.138857603073120117e-01
8.568184971809387207e-01
8.430986851453781128e-02
6.397039443254470825e-02
6.658915430307388306e-02
6.294500827789306641e-02
9.942695498466491699e-02
3.124500997364521027e-02
5.456138029694557190e-02
5.684116110205650330e-02
3.762146830558776855e-01
7.908906042575836182e-02
9.499765187501907349e-02
9.774126112461090088e-02
1.824437230825424194e-01
6.342068314552307129e-02
1.502592116594314575e-01
1.516741365194320679e-01
9.720198065042495728e-02
6.421270370483398438e-01
5.659285783767700195e-01
4.111216962337493896e-01
5.537425279617309570e-01
1.596366167068481445e-01
5.244770646095275879e-01
3.186078071594238281e-01
2.318776547908782959e-01
8.144142478704452515e-02
1.309200823307037354e-01
4.353790879249572754e-01
3.577323257923126221e-02
3.502967357635498047e-01
1.073518544435501099e-01
1.420486420392990112e-01
1.170674562454223633e-01
6.859297752380371094e-01
6.330196261405944824e-01
1.019990816712379456e-01
7.527067661285400391e-01
4.254206120967864990e-01
6.842263340950012207e-01
8.308987021446228027e-01
7.790586352348327637e-01
8.597492426633834839e-02
3.420863747596740723e-01
5.252419710159301758e-01
8.533701300621032715e-02
2.662674784660339355e-01
6.880988925695419312e-02
4.726474285125732422e-01
8.867557346820831299e-02
1.200150549411773682e-01
1.246520951390266418e-01
3.725303336977958679e-02
2.307968139648437500e-01
7.847221940755844116e-02
1.763106733560562134e-01
9.628015756607055664e-02
9.646750986576080322e-02
1.664402633905410767e-01
4.359868168830871582e-02
9.966539591550827026e-02
8.293033391237258911e-02
4.192980378866195679e-02
1.168565526604652405e-01
6.821813434362411499e-02
4.717797040939331055e-02
6.730105727910995483e-02
1.242453828454017639e-01
1.406709402799606323e-01
2.566504776477813721e-01
1.432865411043167114e-01
4.196780622005462646e-01
7.630500197410583496e-02
1.755941063165664673e-01
1.938104778528213501e-01
6.401215791702270508e-01
4.406518936157226562e-01
1.503886729478836060e-01
6.294869184494018555e-01
3.021635115146636963e-01
1.187107264995574951e-01
1.738657355308532715e-01
1.704440563917160034e-01
6.188859939575195312e-01
9.643827378749847412e-02
1.400259584188461304e-01
1.659701019525527954e-01
6.495535373687744141e-02
1.083702221512794495e-01
1.005463302135467529e-01
1.093546077609062195e-01
9.222363680601119995e-02
5.364450439810752869e-02
1.789212226867675781e-02
7.092402130365371704e-02
1.082749068737030029e-01
1.119263321161270142e-01
9.364002197980880737e-02
2.988151088356971741e-02
7.353956252336502075e-02
1.081199795007705688e-01
1.545476764440536499e-01
1.246350109577178955e-01
2.885909974575042725e-01
1.526725292205810547e-01
5.622728914022445679e-02
1.537702381610870361e-01
1.008995398879051208e-01
1.303409785032272339e-01
8.201985806226730347e-02
1.712213903665542603e-01
9.000273793935775757e-02
1.914884597063064575e-01
8.438957482576370239e-02
1.016548946499824524e-01
4.020091891288757324e-02
1.280551552772521973e-01
7.794711738824844360e-02
7.306315004825592041e-02
1.140176728367805481e-01
7.794304937124252319e-02
3.091944456100463867e-01
7.982839643955230713e-02
3.066501915454864502e-01
5.736654624342918396e-02
1.076026707887649536e-01
1.017704680562019348e-01
1.317957192659378052e-01
1.746158450841903687e-01
1.387440264225006104e-01
1.193693578243255615e-01
2.715359330177307129e-01
1.316049993038177490e-01
1.198655292391777039e-01
9.052616357803344727e-02
8.529696464538574219e-01
6.796825528144836426e-01
8.620884418487548828e-01
2.067803591489791870e-01
1.173197701573371887e-01
6.588476896286010742e-01
4.175552427768707275e-01
1.588411033153533936e-01
8.350764214992523193e-02
1.477952450513839722e-01
7.992454767227172852e-01
9.393720030784606934e-01
2.699450254440307617e-01
8.382114171981811523e-01
2.136002182960510254e-01
1.579580307006835938e-01
1.552913933992385864e-01
1.216390728950500488e-01
1.663863062858581543e-01
8.885639905929565430e-01
9.476814866065979004e-01
1.885897666215896606e-01
4.419192373752593994e-01
2.307627350091934204e-01
5.011236667633056641e-01
5.378476977348327637e-01
2.347975522279739380e-01
4.265225231647491455e-01
6.812393665313720703e-01
5.709107518196105957e-01
3.918219208717346191e-01
4.545734822750091553e-01
3.334558904170989990e-01
9.489841014146804810e-02
4.536218643188476562e-01
4.504856765270233154e-01
2.519983649253845215e-01
3.460073769092559814e-01
5.941765308380126953e-01
6.636551618576049805e-01
5.501775741577148438e-01
6.098635196685791016e-01
9.914895892143249512e-01
7.052660584449768066e-01
7.876678705215454102e-01
5.582237243652343750e-01
4.595409333705902100e-01
5.886195972561836243e-02
9.893765300512313843e-02
1.016157418489456177e-01
6.438856571912765503e-02
2.297557741403579712e-01
2.164046466350555420e-01
1.088618710637092590e-01
1.839880794286727905e-01
2.734482884407043457e-01
6.512027978897094727e-01
1.543882191181182861e-01
1.264022141695022583e-01
5.076834559440612793e-02
4.662846028804779053e-02
5.103297829627990723e-01
5.560568571090698242e-01
3.150781616568565369e-02
7.657621800899505615e-02
2.072520107030868530e-01
7.260748744010925293e-02
4.007762372493743896e-01
2.181230038404464722e-01
1.303531881421804428e-02
1.482273936271667480e-01
6.388338655233383179e-02
1.153623908758163452e-01
7.041152566671371460e-02
2.286110967397689819e-01
9.810747951269149780e-02
4.094635248184204102e-01
8.450584113597869873e-02
1.025169864296913147e-01
1.048553958535194397e-01
2.364148646593093872e-01
6.268072873353958130e-02
2.178519666194915771e-01
9.054240584373474121e-02
2.047867178916931152e-01
6.568362563848495483e-02
1.849998533725738525e-01
9.044802933931350708e-02
2.063747644424438477e-01
2.653458118438720703e-01
3.173151612281799316e-01
2.589115202426910400e-01
1.444374173879623413e-01
1.319339871406555176e-01
3.768961429595947266e-01
9.850981086492538452e-02
1.314593255519866943e-01
1.972829252481460571e-01
1.681073606014251709e-01
7.436126470565795898e-02
1.489661335945129395e-01
1.466918587684631348e-01
1.920992285013198853e-01
8.081468939781188965e-02
8.862856030464172363e-02
2.173846364021301270e-01
3.497710525989532471e-01
8.326353877782821655e-02
2.727492749691009521e-01
2.392478287220001221e-01
5.876310542225837708e-02
1.393448710441589355e-01
1.061825007200241089e-01
2.215997278690338135e-01
8.323035389184951782e-02
8.790785819292068481e-02
1.049022078514099121e-01
1.455754786729812622e-01
9.740240871906280518e-02
8.526017516851425171e-02
1.222943291068077087e-01
6.509687006473541260e-02
1.098565757274627686e-01
8.145437389612197876e-02
7.524514198303222656e-02
1.279932856559753418e-01
2.511645257472991943e-01
1.085037961602210999e-01
9.731937199831008911e-02
1.688398122787475586e-01
7.345901131629943848e-01
3.752038180828094482e-01
1.252667158842086792e-01
6.829844117164611816e-01
2.179058641195297241e-01
5.934700369834899902e-01
5.333786010742187500e-01
3.452826142311096191e-01
4.416693449020385742e-01
1.054269224405288696e-01
3.315075039863586426e-01
7.867969870567321777e-01
2.224295437335968018e-01
1.358884423971176147e-01
5.462210178375244141e-01
6.487252563238143921e-02
1.386376917362213135e-01
1.066260784864425659e-01
6.380151212215423584e-02
1.135780885815620422e-01
7.550883293151855469e-02
2.788534201681613922e-02
1.649890094995498657e-01
2.749724686145782471e-01
9.304720163345336914e-01
5.096086859703063965e-01
9.738015383481979370e-02
3.361743688583374023e-01
1.878399699926376343e-01
6.610107421875000000e-01
6.834210157394409180e-01
1.706229895353317261e-01
6.394147276878356934e-01
8.014344573020935059e-01
6.725112795829772949e-01
8.796312808990478516e-01
6.916000247001647949e-01
1.662995070219039917e-01
1.019425272941589355e+00
7.303245067596435547e-01
7.357152104377746582e-01
5.949541330337524414e-01
1.993300914764404297e-01
5.241770744323730469e-01
1.889976710081100464e-01
2.202924042940139771e-01
6.003878712654113770e-01
1.883551478385925293e-01
5.106724500656127930e-01
6.327512264251708984e-01
5.971242785453796387e-01
7.994549274444580078e-01
1.267310380935668945e-01
5.703465938568115234e-01
3.763643801212310791e-01
8.101668953895568848e-01
1.214546412229537964e-01
7.104961276054382324e-01
9.026623517274856567e-02
3.956751823425292969e-01
9.009141325950622559e-01
1.494954079389572144e-01
6.054044961929321289e-01
2.702466845512390137e-01
2.440332174301147461e-01
8.104584813117980957e-01
8.748009800910949707e-01
9.659978747367858887e-01
6.333971619606018066e-01
7.146053910255432129e-01
1.078305482864379883e+00
8.083194494247436523e-01
9.263870120048522949e-01
1.930698901414871216e-01
7.332540154457092285e-01
9.379441142082214355e-01
4.248602390289306641e-01
1.684242337942123413e-01
6.486718058586120605e-01
7.596249580383300781e-01
3.311397731304168701e-01
9.796530008316040039e-02
7.032860815525054932e-02
1.083349138498306274e-01
8.010693639516830444e-02
1.218102648854255676e-01
7.684835046529769897e-02
1.035007163882255554e-01
8.430164307355880737e-02
1.533907055854797363e-01
6.784939765930175781e-02
8.833674341440200806e-02
8.896458148956298828e-02
1.191448643803596497e-01
1.616614758968353271e-01
1.079439744353294373e-01
4.813817515969276428e-02
5.955608934164047241e-02
2.158468216657638550e-02
8.267020434141159058e-02
8.021270483732223511e-02
1.028360947966575623e-01
8.064026385545730591e-02
2.396022900938987732e-02
8.301212638616561890e-02
1.132834851741790771e-01
8.414528518915176392e-02
1.099422350525856018e-01
6.018472835421562195e-02
7.074476778507232666e-02
7.248946279287338257e-02
7.309629768133163452e-02
4.148815199732780457e-02
1.731006205081939697e-01
1.078905761241912842e-01
1.351703852415084839e-01
7.945961505174636841e-02
1.327421963214874268e-01
9.839399904012680054e-02
8.461257070302963257e-02
7.590772211551666260e-02
6.207749247550964355e-01
2.402252107858657837e-01
2.455987185239791870e-01
1.148084402084350586e-01
1.154034659266471863e-01
9.524969756603240967e-02
3.205426037311553955e-01
7.723230868577957153e-02
7.391460239887237549e-02
6.363645941019058228e-02
4.600857570767402649e-02
1.079960614442825317e-01
1.052324622869491577e-01
4.062736034393310547e-02
6.647133082151412964e-02
1.420201808214187622e-01
1.433906108140945435e-01
1.172707900404930115e-01
1.069871634244918823e-01
7.648398727178573608e-02
1.306367516517639160e-01
1.536148935556411743e-01
8.188880234956741333e-02
1.703690141439437866e-01
8.600687980651855469e-02
1.089343801140785217e-01
2.696305811405181885e-01
2.107934504747390747e-01
1.028164699673652649e-01
8.497492969036102295e-02
1.211785152554512024e-01
6.437361240386962891e-02
7.663957774639129639e-02
9.544175863265991211e-02
9.455679357051849365e-02
1.121589988470077515e-01
6.442190706729888916e-02
4.857608303427696228e-02
1.560119688510894775e-01
5.261538028717041016e-01
1.448298841714859009e-01
5.624852776527404785e-01
1.423065960407257080e-01
3.525945544242858887e-01
8.842563629150390625e-02
7.734160125255584717e-02
1.653560698032379150e-01
2.821709811687469482e-01
3.803550899028778076e-01
7.627241611480712891e-01
1.610781252384185791e-01
7.344876974821090698e-02
3.880805075168609619e-01
1.816387772560119629e-01
1.532547473907470703e-01
1.176509261131286621e-01
4.131366312503814697e-01
1.102571263909339905e-01
1.147751957178115845e-01
1.184161081910133362e-01
9.388048052787780762e-01
1.960692554712295532e-01
9.118272364139556885e-02
1.193016767501831055e-01
1.153440624475479126e-01
1.109955236315727234e-01
4.497477412223815918e-01
6.320424079895019531e-01
1.879354715347290039e-01
8.263131231069564819e-02
2.835256755352020264e-01
1.150389015674591064e-01
1.748339980840682983e-01
3.440161347389221191e-01
1.082876920700073242e-01
9.566646814346313477e-02
1.195734292268753052e-01
1.018637940287590027e-01
3.460740447044372559e-01
5.563580989837646484e-01
1.068816408514976501e-01
5.605296492576599121e-01
4.920521080493927002e-01
1.711262464523315430e-01
2.010156065225601196e-01
4.393325150012969971e-01
7.971906661987304688e-02
4.799027144908905029e-01
1.835032105445861816e-01
3.447536230087280273e-01
1.027030125260353088e-01
8.526130318641662598e-01
9.744958877563476562e-01
1.310327202081680298e-01
1.378298252820968628e-01
1.076688319444656372e-01
1.130218654870986938e-01
1.538468301296234131e-01
7.274373620748519897e-02
3.592499494552612305e-01
8.303190767765045166e-02
1.204466447234153748e-01
7.225880026817321777e-02
1.004326418042182922e-01
1.036815866827964783e-01
1.110160648822784424e-01
1.055300906300544739e-01
1.046778634190559387e-01
1.533085554838180542e-01
2.219483256340026855e-01
1.242375895380973816e-01
1.303717792034149170e-01
6.799233704805374146e-02
1.238480657339096069e-01
9.784214198589324951e-02
4.302928149700164795e-01
1.547468453645706177e-01
1.699360311031341553e-01
1.382702738046646118e-01
1.203289479017257690e-01
1.661070883274078369e-01
2.453498840332031250e-01
1.927890479564666748e-01
1.783985644578933716e-01
1.272967010736465454e-01
1.504316180944442749e-01
8.528999984264373779e-02
2.710356116294860840e-01
2.209731489419937134e-01
2.864890359342098236e-02
4.286190122365951538e-02
1.872904151678085327e-01
1.390214562416076660e-01
1.893780827522277832e-01
9.013311564922332764e-02
3.512180745601654053e-01
3.101007938385009766e-01
1.023449897766113281e-01
6.967204064130783081e-02
1.260538548231124878e-01
8.368225395679473877e-02
2.136388719081878662e-01
1.816196739673614502e-01
1.590955704450607300e-01
1.114769876003265381e-01
1.045762673020362854e-01
6.480489373207092285e-01
3.000045418739318848e-01
2.786140143871307373e-01
1.494089961051940918e-01
1.037665754556655884e-01
6.858301162719726562e-02
7.850855588912963867e-02
8.322568982839584351e-02
1.613282859325408936e-01
8.974872529506683350e-02
4.388367235660552979e-01
5.832837224006652832e-01
1.989703774452209473e-01
6.583948135375976562e-01
8.948432803153991699e-01
2.912887930870056152e-01
9.567721188068389893e-02
8.456000685691833496e-01
4.922605156898498535e-01
8.695183396339416504e-01
1.256064027547836304e-01
6.041809320449829102e-01
2.225029766559600830e-01
1.590581089258193970e-01
5.676091313362121582e-01
8.681277632713317871e-01
1.049994826316833496e+00
7.294915914535522461e-01
3.913994133472442627e-01
4.643707871437072754e-01
7.492397427558898926e-01
8.546131253242492676e-01
8.833099603652954102e-01
8.630600571632385254e-01
9.201939105987548828e-01
6.011204123497009277e-01
1.409985572099685669e-01
1.914825439453125000e-01
3.737004697322845459e-01
8.566972613334655762e-01
9.968744516372680664e-01
5.551763176918029785e-01
8.336288332939147949e-01
3.783031702041625977e-01
8.394945859909057617e-01
4.562852382659912109e-01
1.244825795292854309e-01
6.202030181884765625e-01
5.285387635231018066e-01
2.276820689439773560e-01
5.655072331428527832e-01
3.056116700172424316e-01
3.286592066287994385e-01
6.939639449119567871e-01
6.936600804328918457e-01
6.652976274490356445e-01
6.288518309593200684e-01
7.925200462341308594e-01
7.501506209373474121e-01
7.762078642845153809e-01
7.345943450927734375e-01
8.428189754486083984e-01
7.756472229957580566e-01
2.204316854476928711e-01
6.397603750228881836e-01
6.500802040100097656e-01
6.234360337257385254e-01
1.421864032745361328e-01
3.588725626468658447e-01
5.689309239387512207e-01
4.629610478878021240e-01
1.343059539794921875e-01
7.718939185142517090e-01
7.041231393814086914e-01
1.097220778465270996e-01
1.385623365640640259e-01
1.897790431976318359e-01
1.356085091829299927e-01
6.101170182228088379e-01
9.175361394882202148e-01
1.842770278453826904e-01
6.764371395111083984e-01
3.233154118061065674e-01
9.064651727676391602e-01
1.028667092323303223e+00
9.890577793121337891e-01
1.365839838981628418e-01
8.986485004425048828e-01
7.168893218040466309e-01
8.112830519676208496e-01
7.896510362625122070e-01
1.208135411143302917e-01
7.155084013938903809e-01
8.665106892585754395e-01
8.998209238052368164e-01
9.413725733757019043e-01
1.023107886314392090e+00
1.005384683609008789e+00
4.592017233371734619e-01
9.096077680587768555e-01
8.165201544761657715e-01
9.831069111824035645e-01
6.171469688415527344e-01
9.147539734840393066e-01
3.091431856155395508e-01
2.888496816158294678e-01
7.584236860275268555e-01
2.268511354923248291e-01
4.712307453155517578e-01
7.269793152809143066e-01
8.423790335655212402e-01
9.378294646739959717e-02
7.594397068023681641e-01
6.485285758972167969e-01
6.784432530403137207e-01
7.745527029037475586e-01
2.294450551271438599e-01
8.955273628234863281e-01
1.033430099487304688e+00
8.746315836906433105e-01
3.428942859172821045e-01
8.130381703376770020e-01
7.654697299003601074e-01
7.967260479927062988e-01
7.526100277900695801e-01
9.677668213844299316e-01
7.931910753250122070e-01
6.446490883827209473e-01
6.228242516517639160e-01
3.972475528717041016e-01
5.346474647521972656e-01
5.139920711517333984e-01
5.691903829574584961e-01
7.952792048454284668e-01
3.829534351825714111e-01
6.781274080276489258e-01
6.028441786766052246e-01
6.224135756492614746e-01
7.832553386688232422e-01
6.669925451278686523e-01
9.080417752265930176e-01
9.253759384155273438e-01
1.586674004793167114e-01
2.613814175128936768e-01
7.556397914886474609e-01
7.327268719673156738e-01
5.147711038589477539e-01
2.336238771677017212e-01
8.402130007743835449e-01
7.571873664855957031e-01
3.317329883575439453e-01
4.300912618637084961e-01
7.162287235260009766e-01
8.073075413703918457e-01
6.690967082977294922e-01
7.489011287689208984e-01
8.207006752490997314e-02
1.429368853569030762e-01
1.166898384690284729e-01
9.957484900951385498e-02
1.071705147624015808e-01
7.358043640851974487e-02
1.160067841410636902e-01
7.355336844921112061e-02
5.872220918536186218e-02
5.929559469223022461e-02
1.260614395141601562e-01
9.248022735118865967e-02
1.026808992028236389e-01
1.090770140290260315e-01
7.046458870172500610e-02
5.481453537940979004e-01
5.969330668449401855e-01
1.296684741973876953e-01
1.730151325464248657e-01
2.039296329021453857e-01
3.760997354984283447e-01
3.480640351772308350e-01
3.409206867218017578e-01
2.039330303668975830e-01
1.005788370966911316e-01
1.797749549150466919e-01
4.958574473857879639e-01
3.034514784812927246e-01
1.047055646777153015e-01
1.304961889982223511e-01
9.201105684041976929e-02
7.677736133337020874e-02
6.956929713487625122e-02
9.957372397184371948e-02
6.348895281553268433e-02
1.295014768838882446e-01
1.470840573310852051e-01
9.936310350894927979e-02
1.317827850580215454e-01
9.820398688316345215e-02
5.012271404266357422e-01
8.336415141820907593e-02
1.851234883069992065e-01
1.454439312219619751e-01
1.738076955080032349e-01
1.180514991283416748e-01
1.308075636625289917e-01
1.224050670862197876e-01
6.696669012308120728e-02
1.054582223296165466e-01
1.235314384102821350e-01
1.808481514453887939e-01
1.337405294179916382e-01
4.213512837886810303e-01
1.297074705362319946e-01
7.330928742885589600e-02
4.059606790542602539e-01
8.098747730255126953e-01
2.986353337764739990e-01
2.622665464878082275e-01
7.993999123573303223e-01
8.726808428764343262e-02
9.285993129014968872e-02
9.618671983480453491e-02
1.532737761735916138e-01
1.396314948797225952e-01
3.370830714702606201e-01
1.569860428571701050e-01
6.058443188667297363e-01
1.577855497598648071e-01
1.554233580827713013e-01
7.867121696472167969e-02
4.070100784301757812e-01
9.868732839822769165e-02
8.750895857810974121e-01
1.158455312252044678e-01
1.461472064256668091e-01
2.538830339908599854e-01
8.691532909870147705e-02
9.562880545854568481e-02
1.623556613922119141e-01
1.098629757761955261e-01
1.683726608753204346e-01
1.547912806272506714e-01
1.110403463244438171e-01
1.540463566780090332e-01
1.925065070390701294e-01
1.066375523805618286e-01
8.563360571861267090e-01
6.098340153694152832e-01
1.056962907314300537e-01
1.358396857976913452e-01
1.026494726538658142e-01
2.317825257778167725e-01
5.622195601463317871e-01
8.700367212295532227e-01
1.340575814247131348e-01
2.121445089578628540e-01
6.777932047843933105e-01
6.983708143234252930e-01
5.193325281143188477e-01
9.302967041730880737e-02
1.462192386388778687e-01
1.440335363149642944e-01
1.359077394008636475e-01
1.240617111325263977e-01
4.623122513294219971e-02
8.730622380971908569e-02
1.922331377863883972e-02
9.856589138507843018e-02
6.789012998342514038e-02
1.277361363172531128e-01
1.889276206493377686e-01
2.653963863849639893e-01
1.094465255737304688e-01
1.990897953510284424e-01
1.965474337339401245e-01
1.225109621882438660e-01
1.658602356910705566e-01
2.042749226093292236e-01
7.757852226495742798e-02
1.119252890348434448e-01
7.573986053466796875e-02
5.203245580196380615e-02
1.585543155670166016e-01
1.339407414197921753e-01
3.943332135677337646e-01
8.163651078939437866e-02
1.535852402448654175e-01
6.959151476621627808e-02
5.347881093621253967e-02
2.039394974708557129e-01
7.589101195335388184e-01
6.921507120132446289e-01
7.223007678985595703e-01
3.869414925575256348e-01
2.721062898635864258e-01
5.380982756614685059e-01
9.534846991300582886e-02
2.147999852895736694e-01
2.066112607717514038e-01
7.182901501655578613e-01
6.588611602783203125e-01
1.277430504560470581e-01
6.692811846733093262e-01
3.488827347755432129e-01
3.833573162555694580e-01
3.892651200294494629e-01
2.111885696649551392e-01
6.635202169418334961e-01
1.281654238700866699e-01
5.676862001419067383e-01
1.019365191459655762e+00
1.294091790914535522e-01
4.835969582200050354e-02
6.092226505279541016e-02
4.671111330389976501e-02
9.419525861740112305e-01
8.831689357757568359e-01
4.038259685039520264e-01
2.502128779888153076e-01
1.325393170118331909e-01
8.747302293777465820e-01
5.016654729843139648e-01
7.354953289031982422e-01
4.595475196838378906e-01
8.742311000823974609e-01
4.006555676460266113e-01
3.775842189788818359e-01
6.615459918975830078e-01
7.859032154083251953e-01
8.061798810958862305e-01
1.919136196374893188e-01
8.002368807792663574e-01
5.371751189231872559e-01
6.034585237503051758e-01
6.976420879364013672e-01
3.387478590011596680e-01
1.027476549148559570e+00
9.101825952529907227e-01
9.058485627174377441e-01
8.835483789443969727e-01
3.582609593868255615e-01
3.915039002895355225e-01
9.779986739158630371e-01
4.541692137718200684e-01
4.245676100254058838e-01
7.151182889938354492e-01
4.210250973701477051e-01
1.596817821264266968e-01
6.700573563575744629e-01
8.104941844940185547e-01
5.675093531608581543e-01
5.442693233489990234e-01
5.769098997116088867e-01
8.682706952095031738e-01
7.095731496810913086e-01
9.187014102935791016e-01
1.542504280805587769e-01
1.016934365034103394e-01
1.360984593629837036e-01
3.107821941375732422e-01
1.782741695642471313e-01
1.708571016788482666e-01
7.647393941879272461e-01
6.877627372741699219e-01
1.480651646852493286e-01
7.172690331935882568e-02
6.357524544000625610e-02
8.498380333185195923e-02
1.073839515447616577e-01
6.326465308666229248e-02
6.903644651174545288e-02
9.744267165660858154e-02
4.556187242269515991e-02
1.088018491864204407e-01
7.563546299934387207e-02
6.766789406538009644e-02
8.164498209953308105e-02
1.365690827369689941e-01
1.053861454129219055e-01
1.222357749938964844e-01
7.965891808271408081e-02
1.423565298318862915e-01
2.125315815210342407e-01
5.397680401802062988e-02
1.186371967196464539e-01
3.814823031425476074e-01
2.189144939184188843e-01
3.877848386764526367e-01
4.510468840599060059e-01
1.181842759251594543e-01
7.746133953332901001e-02
8.944334834814071655e-02
7.514434307813644409e-02
1.400857865810394287e-01
1.653254777193069458e-02
9.229382872581481934e-02
8.555536717176437378e-02
2.477125674486160278e-01
1.693291217088699341e-01
8.939515054225921631e-02
9.728299826383590698e-02
6.333719491958618164e-01
1.495711207389831543e-01
5.505692362785339355e-01
3.091596662998199463e-01
1.838625371456146240e-01
1.428329646587371826e-01
1.303643584251403809e-01
1.129290312528610229e-01
1.494444906711578369e-01
1.250947564840316772e-01
1.319728195667266846e-01
2.168441712856292725e-01
9.524067491292953491e-02
1.404428333044052124e-01
3.654283583164215088e-01
3.851333856582641602e-01
3.364490568637847900e-01
7.170893996953964233e-02
1.637888103723526001e-01
2.156951129436492920e-01
3.250266313552856445e-01
5.775889754295349121e-01
1.655371338129043579e-01
1.086991876363754272e-01
9.364329278469085693e-02
8.684554696083068848e-02
9.639995545148849487e-02
1.756194829940795898e-01
3.667652308940887451e-01
7.909971475601196289e-01
1.795090287923812866e-01
2.213591188192367554e-01
8.819946646690368652e-02
8.153203129768371582e-01
3.025514781475067139e-01
1.730020493268966675e-01
1.473041027784347534e-01
1.646672785282135010e-01
1.362701505422592163e-01
6.183373928070068359e-01
6.512910723686218262e-01
6.265761703252792358e-02
2.932907044887542725e-01
9.280856251716613770e-01
1.083017885684967041e-01
6.551767140626907349e-02
4.820462316274642944e-02
1.339381635189056396e-01
2.452779710292816162e-01
1.076554358005523682e-01
4.351519048213958740e-01
1.330466270446777344e-01
5.238509550690650940e-02
4.605685472488403320e-01
5.529682040214538574e-01
1.741955876350402832e-01
9.405647218227386475e-02
6.050669774413108826e-02
1.003878563642501831e-01
1.171254366636276245e-01
7.973570376634597778e-02
8.704859018325805664e-02
1.542046368122100830e-01
1.030681282281875610e-01
9.008428454399108887e-02
1.685619950294494629e-01
5.889958515763282776e-02
9.961271286010742188e-02
1.089487001299858093e-01
1.066450849175453186e-01
1.232257261872291565e-01
1.638290584087371826e-01
1.597838550806045532e-01
8.869195729494094849e-02
8.391392230987548828e-02
7.895080000162124634e-02
5.088565349578857422e-01
5.737942457199096680e-01
4.577426016330718994e-01
2.002232223749160767e-01
3.095221519470214844e-01
1.719966977834701538e-01
9.600543975830078125e-02
3.334847986698150635e-01
5.473698973655700684e-01
3.067947626113891602e-01
2.313598394393920898e-01
2.652375102043151855e-01
9.877517819404602051e-02
1.784963458776473999e-01
2.787078320980072021e-01
6.437827348709106445e-01
2.661895453929901123e-01
1.159595623612403870e-01
3.289430141448974609e-01
7.855767011642456055e-01
4.975732266902923584e-01
5.040807127952575684e-01
2.603034973144531250e-01
6.431655883789062500e-01
8.579012751579284668e-02
9.220044612884521484e-01
9.705764055252075195e-01
9.989963769912719727e-01
8.973059058189392090e-01
8.760838508605957031e-01
9.958571195602416992e-01
5.044478178024291992e-01
9.615135192871093750e-02
1.814016401767730713e-01
4.327104389667510986e-01
7.812808752059936523e-01
8.802160024642944336e-01
8.250246644020080566e-01
7.538840770721435547e-01
6.635218858718872070e-01
5.136831402778625488e-01
9.177848696708679199e-01
6.216562390327453613e-01
5.470089912414550781e-01
7.956987023353576660e-01
2.529595494270324707e-01
4.374535083770751953e-01
5.842728018760681152e-01
9.521047770977020264e-02
9.790483117103576660e-01
5.960871577262878418e-01
2.067367732524871826e-01
7.273013591766357422e-01
9.644131660461425781e-01
2.905891835689544678e-01
1.010270953178405762e+00
6.876635551452636719e-01
8.112633824348449707e-01
5.190907120704650879e-01
9.050434231758117676e-01
6.872187852859497070e-01
2.361885756254196167e-01
4.888670444488525391e-01
7.258603572845458984e-01
3.167525529861450195e-01
4.054778516292572021e-01
7.430278062820434570e-01
7.786521911621093750e-01
8.131754994392395020e-01
9.295424818992614746e-01
7.844294905662536621e-01
5.860429406166076660e-01
9.322979450225830078e-01
7.616360187530517578e-01
7.293555140495300293e-01
9.751490354537963867e-01
6.464625000953674316e-01
5.049935579299926758e-01
2.454877793788909912e-01
8.823351263999938965e-01
6.003116965293884277e-01
6.290484666824340820e-01
8.052821755409240723e-01
2.364444434642791748e-01
6.284003853797912598e-01
7.396441698074340820e-01
7.472845911979675293e-01
8.246185183525085449e-01
3.055750429630279541e-01
9.274762868881225586e-01
5.361741781234741211e-01
2.629977464675903320e-01
2.598868012428283691e-01
5.544038414955139160e-01
9.576315879821777344e-01
2.522392570972442627e-01
9.571168571710586548e-02
8.010392636060714722e-02
6.372694671154022217e-02
1.464328169822692871e-01
9.509789198637008667e-02
1.451590955257415771e-01
1.285636276006698608e-01
3.568462654948234558e-02
5.143082141876220703e-02
5.791546031832695007e-02
8.319653570652008057e-02
8.859854936599731445e-02
6.218554079532623291e-02
7.797629386186599731e-02
7.993678748607635498e-02
4.700722545385360718e-02
3.362028300762176514e-01
8.898144215345382690e-02
2.363590896129608154e-01
1.425285190343856812e-01
3.052811920642852783e-01
2.656272649765014648e-01
3.654402196407318115e-01
6.867689490318298340e-01
1.050346940755844116e-01
7.348489761352539062e-02
7.883510738611221313e-02
7.179750502109527588e-02
9.654050320386886597e-02
8.680151402950286865e-02
6.224155426025390625e-02
1.009628772735595703e-01
1.037401780486106873e-01
1.148556768894195557e-01
1.994334757328033447e-01
7.514143735170364380e-02
8.939017355442047119e-02
1.035678237676620483e-01
1.467679738998413086e-01
3.813361227512359619e-01
8.481553941965103149e-02
6.580271571874618530e-02
1.372121870517730713e-01
7.422216981649398804e-02
1.377674192190170288e-01
1.349394023418426514e-01
3.339684009552001953e-01
2.254513502120971680e-01
9.306007623672485352e-02
3.014867901802062988e-01
3.054356276988983154e-01
1.164482906460762024e-01
1.148040220141410828e-01
2.502081990242004395e-01
3.648738563060760498e-01
2.218046933412551880e-01
1.399356126785278320e-01
2.463951110839843750e-01
1.512570530176162720e-01
9.482005238533020020e-02
1.888514459133148193e-01
1.274143606424331665e-01
9.252060651779174805e-01
5.997757911682128906e-01
9.142587333917617798e-02
2.742127478122711182e-01
7.892910838127136230e-01
2.922918200492858887e-01
8.760812133550643921e-02
5.667163729667663574e-01
2.284679114818572998e-01
1.234800890088081360e-01
2.088295370340347290e-01
3.735788464546203613e-01
1.349072009325027466e-01
1.454747468233108521e-01
1.170796900987625122e-01
1.363097429275512695e-01
1.636294573545455933e-01
8.317572623491287231e-02
1.213070526719093323e-01
1.910443156957626343e-01
1.275962144136428833e-01
8.468429744243621826e-02
8.415905386209487915e-02
1.259254515171051025e-01
9.769099205732345581e-02
1.005963236093521118e-01
1.042662262916564941e-01
2.950923442840576172e-01
2.668238580226898193e-01
9.388760477304458618e-02
2.188158482313156128e-01
9.752898663282394409e-02
2.402313351631164551e-01
1.075422614812850952e-01
9.130954742431640625e-02
1.560571342706680298e-01
1.163916662335395813e-01
7.110145688056945801e-02
1.120776608586311340e-01
8.569615483283996582e-01
2.888972461223602295e-01
1.255226135253906250e-01
1.048792749643325806e-01
1.482947170734405518e-01
7.157389521598815918e-01
9.298198819160461426e-01
8.429040908813476562e-01
6.193906664848327637e-01
8.132413029670715332e-01
5.558457374572753906e-01
1.216748952865600586e-01
8.633204698562622070e-01
9.027599692344665527e-01
9.040070176124572754e-01
8.820390701293945312e-01
1.209701299667358398e-01
3.222921490669250488e-01
9.492059946060180664e-01
9.013341665267944336e-01
1.431454867124557495e-01
9.150597453117370605e-01
9.118952751159667969e-01
5.551488399505615234e-01
8.089612126350402832e-01
9.728338718414306641e-01
7.608534693717956543e-01
1.694793552160263062e-01
1.106274574995040894e-01
1.177728176116943359e-01
1.765070408582687378e-01
1.953583806753158569e-01
1.404212266206741333e-01
7.236967086791992188e-01
1.681244224309921265e-01
5.912473201751708984e-01
1.009715124964714050e-01
6.924491375684738159e-02
1.751558184623718262e-01
1.123959049582481384e-01
2.349272221326828003e-01
1.161125302314758301e-01
8.997143805027008057e-02
8.610957860946655273e-02
1.787424832582473755e-01
1.836223453283309937e-01
8.713455498218536377e-02
2.074510306119918823e-01
1.265224069356918335e-01
1.198790892958641052e-01
2.412368357181549072e-01
3.746580183506011963e-01
9.565964341163635254e-01
9.004446864128112793e-02
3.032273948192596436e-01
7.732551544904708862e-02
1.697691828012466431e-01
9.578361511230468750e-01
3.225412070751190186e-01
9.751574695110321045e-02
2.843405306339263916e-01
1.138433441519737244e-01
2.331714183092117310e-01
1.695174425840377808e-01
5.031405091285705566e-01
1.558761596679687500e-01
2.707226276397705078e-01
3.764766454696655273e-01
2.745571434497833252e-01
7.852820158004760742e-01
3.830566406250000000e-01
1.311612576246261597e-01
3.147780895233154297e-01
2.111571580171585083e-01
1.487026959657669067e-01
1.548121422529220581e-01
8.692111819982528687e-02
6.407234072685241699e-02
1.232713535428047180e-01
1.670875996351242065e-01
2.484996914863586426e-01
1.045249998569488525e-01
1.422352194786071777e-01
2.095355540513992310e-01
1.574583500623703003e-01
2.540800571441650391e-01
6.790771484375000000e-01
1.469446271657943726e-01
2.519697248935699463e-01
1.657465547323226929e-01
2.076975405216217041e-01
3.390252292156219482e-01
5.615831613540649414e-01
1.745804101228713989e-01
1.160078868269920349e-01
1.208385452628135681e-01
1.013772562146186829e-01
7.733941078186035156e-02
1.047475457191467285e+00
6.735504269599914551e-01
3.343395590782165527e-01
2.323543727397918701e-01
2.635364830493927002e-01
3.553971648216247559e-01
3.268736302852630615e-01
2.909037768840789795e-01
3.422291576862335205e-01
7.573743462562561035e-01
6.133199930191040039e-01
3.516728281974792480e-01
9.315702915191650391e-01
5.969846248626708984e-01
4.762198925018310547e-01
3.608583211898803711e-01
6.397418975830078125e-01
7.656090855598449707e-01
2.962707579135894775e-01
2.854416370391845703e-01
6.185901761054992676e-01
7.607312798500061035e-01
1.114289522171020508e+00
1.156261786818504333e-01
1.126734614372253418e-01
1.303514689207077026e-01
9.368722438812255859e-01
1.030418515205383301e+00
1.051756024360656738e+00
1.068469166755676270e+00
7.537258863449096680e-01
7.964479923248291016e-01
4.444896280765533447e-01
9.057826399803161621e-01
2.258371114730834961e-01
7.679951786994934082e-01
8.600943088531494141e-01
8.274120688438415527e-01
8.053604364395141602e-01
8.367724418640136719e-01
1.027359724044799805e+00
8.757121562957763672e-01
8.545758128166198730e-01
8.057415485382080078e-01
8.466925024986267090e-01
9.166737794876098633e-01
5.887753963470458984e-01
3.420259356498718262e-01
9.012598395347595215e-01
1.580084264278411865e-01
9.333311915397644043e-01
6.987440586090087891e-01
8.872985243797302246e-01
9.573006629943847656e-01
1.151141881942749023e+00
1.061899781227111816e+00
8.600803613662719727e-01
7.429744601249694824e-01
8.454796671867370605e-01
8.207439780235290527e-01
8.245710730552673340e-01
8.941728472709655762e-01
9.243761301040649414e-01
9.494358897209167480e-01
8.246895670890808105e-01
8.593232631683349609e-01
2.684479951858520508e-01
9.563744068145751953e-01
1.051214933395385742e+00
2.086075693368911743e-01
1.018738269805908203e+00
9.167894721031188965e-01
7.973695397377014160e-01
9.780077338218688965e-01
1.691908389329910278e-01
6.827386021614074707e-01
7.623353004455566406e-01
9.858933687210083008e-01
7.815235257148742676e-01
8.091934323310852051e-01
8.490599393844604492e-01
8.766403794288635254e-01
9.421540498733520508e-01
6.236152648925781250e-01
4.089820981025695801e-01
9.551119804382324219e-01
1.069535613059997559e+00
9.427456855773925781e-01
8.170940876007080078e-01
7.588208317756652832e-01
8.339536786079406738e-01
6.022725105285644531e-01
7.634439468383789062e-01
7.541376948356628418e-01
6.894286870956420898e-01
8.198085427284240723e-01
8.166157007217407227e-01
8.176338076591491699e-01
2.089050263166427612e-01
7.407494187355041504e-01
8.279052376747131348e-01
8.269173502922058105e-01
7.657374143600463867e-01
2.449636161327362061e-01
9.618788957595825195e-01
9.944292902946472168e-01
1.002052426338195801e+00
9.376280307769775391e-01
9.601982235908508301e-01
7.313767671585083008e-01
7.354160547256469727e-01
9.995815157890319824e-01
8.048900961875915527e-01
7.425435185432434082e-01
8.537872433662414551e-01
5.118052363395690918e-01
1.409578174352645874e-01
1.028267621994018555e+00
9.611899256706237793e-01
9.253045916557312012e-01
2.798550426959991455e-01
1.012140989303588867e+00
7.159373164176940918e-01
2.061807960271835327e-01
9.613223671913146973e-01
9.341914057731628418e-01
8.619189858436584473e-01
9.254210591316223145e-01
1.049492835998535156e+00
1.714732944965362549e-01
1.955125927925109863e-01
1.030077785253524780e-01
2.579537630081176758e-01
3.589760959148406982e-01
4.200345277786254883e-01
2.855999767780303955e-01
3.908526301383972168e-01
1.229353845119476318e-01
8.625919371843338013e-02
1.255376487970352173e-01
9.034974873065948486e-02
7.362665235996246338e-02
9.358999878168106079e-02
1.068292260169982910e-01
8.148821443319320679e-02
7.922651618719100952e-02
6.778949499130249023e-02
1.202345713973045349e-01
1.236811280250549316e-01
2.920952737331390381e-01
1.142677515745162964e-01
7.228506207466125488e-01
2.526474297046661377e-01
4.341007769107818604e-01
8.398739695549011230e-01
2.773907482624053955e-01
8.601468801498413086e-01
7.216663360595703125e-01
1.373275071382522583e-01
7.576412558555603027e-01
4.968968629837036133e-01
9.477887302637100220e-02
6.960917264223098755e-02
1.180817782878875732e-01
1.142853051424026489e-01
1.323529630899429321e-01
2.930759787559509277e-01
8.940865099430084229e-02
1.573490500450134277e-01
1.424020528793334961e-01
2.273955345153808594e-01
3.023304343223571777e-01
7.133778929710388184e-02
1.102375835180282593e-01
1.159658655524253845e-01
1.119872555136680603e-01
2.107894420623779297e-01
1.619226038455963135e-01
1.395713686943054199e-01
1.466490626335144043e-01
2.157965004444122314e-01
8.183915019035339355e-01
3.134901225566864014e-01
1.214356347918510437e-01
4.004772603511810303e-01
1.760715246200561523e-01
1.676686555147171021e-01
1.812738776206970215e-01
2.957380115985870361e-01
5.905677080154418945e-01
5.045291781425476074e-01
1.617614477872848511e-01
4.075224399566650391e-01
3.105378448963165283e-01
9.248143434524536133e-01
2.552728950977325439e-01
1.191497743129730225e-01
5.017828345298767090e-01
3.442102968692779541e-01
6.794762611389160156e-01
1.273520141839981079e-01
8.033328652381896973e-01
9.088988900184631348e-01
1.840865015983581543e-01
1.040943264961242676e+00
6.237689256668090820e-01
4.802615344524383545e-01
3.676958680152893066e-01
8.996846079826354980e-01
7.360373735427856445e-01
8.931629657745361328e-01
3.823793530464172363e-01
3.571894764900207520e-01
9.006141424179077148e-01
2.789038419723510742e-01
6.764792203903198242e-01
2.736465334892272949e-01
6.458935141563415527e-01
7.636331319808959961e-01
4.225016534328460693e-01
7.335919141769409180e-01
3.501149117946624756e-01
1.517147272825241089e-01
2.323112934827804565e-01
1.168292015790939331e-01
1.336798071861267090e-01
1.251918673515319824e-01
1.204441860318183899e-01
