6.179702877998352051e-01
8.630955219268798828e-01
7.033412456512451172e-01
9.082019925117492676e-01
8.866723775863647461e-01
3.970903456211090088e-01
9.861568808555603027e-01
1.032369613647460938e+00
7.637099027633666992e-01
9.075965285301208496e-01
8.722610473632812500e-01
8.524444699287414551e-01
6.801872253417968750e-01
8.288292288780212402e-01
6.680780649185180664e-01
8.580000996589660645e-01
9.780586957931518555e-01
9.147849678993225098e-01
4.358856976032257080e-01
1.048991605639457703e-01
1.455627381801605225e-01
1.295315772294998169e-01
2.815442681312561035e-01
1.107045486569404602e-01
1.221266090869903564e-01
9.503375887870788574e-01
6.219249963760375977e-01
2.623283267021179199e-01
1.312022805213928223e-01
2.477163225412368774e-01
9.036038815975189209e-02
2.688678801059722900e-01
8.035774230957031250e-01
6.652467250823974609e-01
2.424272894859313965e-01
7.406812161207199097e-02
9.500542283058166504e-02
4.772523045539855957e-01
9.643659740686416626e-02
1.442070305347442627e-01
5.377249047160148621e-02
1.741707026958465576e-01
3.164514303207397461e-01
1.456269621849060059e-01
3.588408529758453369e-01
2.700145840644836426e-01
1.646437048912048340e-01
1.272811144590377808e-01
1.248714700341224670e-01
2.464814931154251099e-01
3.041875660419464111e-01
4.282446205615997314e-01
2.831656932830810547e-01
7.754178345203399658e-02
8.673115372657775879e-01
9.442656040191650391e-01
9.699441790580749512e-01
7.853962182998657227e-01
8.720067739486694336e-01
8.762266635894775391e-01
3.319132328033447266e-01
5.489376187324523926e-01
7.500498294830322266e-01
1.057935953140258789e+00
8.992643356323242188e-01
8.754737973213195801e-01
9.330143332481384277e-01
7.766226530075073242e-01
8.560286760330200195e-01
1.050588607788085938e+00
9.075102210044860840e-01
8.538298010826110840e-01
8.207067251205444336e-01
7.832203507423400879e-01
1.035355925559997559e+00
9.694011807441711426e-01
7.851650714874267578e-01
7.455266714096069336e-01
1.403517127037048340e-01
1.331009119749069214e-01
1.269656270742416382e-01
7.215761393308639526e-02
1.381679624319076538e-01
5.316166877746582031e-01
2.234806418418884277e-01
2.818225324153900146e-01
1.145097091794013977e-01
1.107978373765945435e-01
1.012070849537849426e-01
1.234767064452171326e-01
1.648267358541488647e-01
8.643809556961059570e-01
9.927835464477539062e-01
8.393102288246154785e-01
3.776848316192626953e-01
8.893969058990478516e-01
5.964789390563964844e-01
1.486476212739944458e-01
1.333546936511993408e-01
2.488027215003967285e-01
9.580298662185668945e-01
9.431787133216857910e-01
8.978857398033142090e-01
7.865464091300964355e-01
7.718091607093811035e-01
7.448141574859619141e-01
8.073811531066894531e-01
7.753089070320129395e-01
7.842808365821838379e-01
8.550349473953247070e-01
8.387776613235473633e-01
8.933932781219482422e-01
3.875351846218109131e-01
4.205153882503509521e-01
1.093228608369827271e-01
1.024375200271606445e+00
7.943243384361267090e-01
7.246209979057312012e-01
7.579193711280822754e-01
9.983327984809875488e-01
8.697345852851867676e-01
8.911319375038146973e-01
1.442639082670211792e-01
1.054312586784362793e+00
5.945836901664733887e-01
8.885825872421264648e-01
7.887537032365798950e-02
4.666896909475326538e-02
7.012283802032470703e-02
2.017392963171005249e-01
7.823525369167327881e-02
2.300189882516860962e-01
1.744139939546585083e-01
2.196007966995239258e-01
2.576498389244079590e-01
2.819608449935913086e-01
7.578382641077041626e-02
1.093978360295295715e-01
7.034893631935119629e-01
2.839508354663848877e-01
2.032223194837570190e-01
7.441017627716064453e-01
8.189427256584167480e-01
6.790592074394226074e-01
5.989814400672912598e-01
1.106962203979492188e+00
7.041630744934082031e-01
2.201009094715118408e-01
8.919230699539184570e-01
8.281590342521667480e-01
8.123487234115600586e-01
7.347111105918884277e-01
7.540289163589477539e-01
6.932148337364196777e-01
6.616563200950622559e-01
7.688150405883789062e-01
7.905040383338928223e-01
7.758121490478515625e-01
6.414560228586196899e-02
9.825736284255981445e-02
1.330457329750061035e-01
8.584497570991516113e-01
1.119302958250045776e-01
4.963842332363128662e-01
2.337995618581771851e-01
1.568939983844757080e-01
2.975175976753234863e-01
8.382151275873184204e-02
2.858650982379913330e-01
1.670356690883636475e-01
1.090849712491035461e-01
2.112775892019271851e-01
5.605944991111755371e-01
7.569736838340759277e-01
1.483571529388427734e-01
9.365845322608947754e-01
8.874688744544982910e-01
1.062091216444969177e-01
1.008080467581748962e-01
1.064648255705833435e-01
9.077904820442199707e-01
8.591427206993103027e-01
5.219182372093200684e-01
8.395717740058898926e-01
1.510346233844757080e-01
1.449937224388122559e-01
8.444871306419372559e-01
9.205975532531738281e-01
7.950659990310668945e-01
7.781922817230224609e-01
8.322057127952575684e-01
7.372142672538757324e-01
6.505154967308044434e-01
1.528213620185852051e-01
2.191725224256515503e-01
8.068183064460754395e-01
6.550866365432739258e-01
9.080144762992858887e-02
1.587288528680801392e-01
1.836718320846557617e-01
1.416791379451751709e-01
1.411343961954116821e-01
8.990591019392013550e-02
9.847235679626464844e-02
1.337139159440994263e-01
1.113524362444877625e-01
2.481958419084548950e-01
7.640866041183471680e-01
1.634483486413955688e-01
1.294770240783691406e-01
1.566249132156372070e-01
8.065461516380310059e-01
1.205793991684913635e-01
1.167699992656707764e-01
1.374821960926055908e-01
5.577402114868164062e-01
2.596999108791351318e-01
1.344310343265533447e-01
8.372903466224670410e-01
2.380111515522003174e-01
8.115979433059692383e-01
8.493617177009582520e-01
8.689709305763244629e-01
8.409996628761291504e-01
8.136551976203918457e-01
7.746817469596862793e-01
7.585551738739013672e-01
8.348109722137451172e-01
8.416057229042053223e-01
9.472193717956542969e-01
7.988210916519165039e-01
9.273163676261901855e-01
8.098065853118896484e-01
8.070226311683654785e-01
8.262315988540649414e-01
6.461232304573059082e-01
6.548215746879577637e-01
6.869568228721618652e-01
7.245033979415893555e-01
8.418955802917480469e-01
8.660861849784851074e-01
8.074730038642883301e-01
8.289946913719177246e-01
8.961995840072631836e-01
1.075897693634033203e+00
7.697823047637939453e-01
7.501925826072692871e-01
8.955853581428527832e-01
8.135201930999755859e-01
7.847742438316345215e-01
8.075360059738159180e-01
9.101755023002624512e-01
8.825871348381042480e-01
8.035225272178649902e-01
4.665053486824035645e-01
7.512349635362625122e-02
1.331540197134017944e-01
2.639904916286468506e-01
8.058073520660400391e-01
7.139660120010375977e-01
9.641755819320678711e-01
9.228870272636413574e-01
1.510392576456069946e-01
6.753085255622863770e-01
1.032091900706291199e-01
9.461336582899093628e-02
9.823369234800338745e-02
1.154431998729705811e-01
4.572066366672515869e-01
7.702738046646118164e-01
7.257160544395446777e-01
6.359373927116394043e-01
1.076487302780151367e+00
3.777437210083007812e-01
2.617172002792358398e-01
9.298895001411437988e-01
8.850123286247253418e-01
7.495496273040771484e-01
7.051666378974914551e-01
7.436357736587524414e-01
7.537130713462829590e-01
7.957717180252075195e-01
8.520236611366271973e-01
8.692574501037597656e-01
3.533444404602050781e-01
9.258369207382202148e-01
1.921783983707427979e-01
2.389248609542846680e-01
6.143734455108642578e-01
3.048724532127380371e-01
6.114819049835205078e-01
6.926015019416809082e-01
6.488634943962097168e-01
7.337904572486877441e-01
7.042652368545532227e-01
8.785853534936904907e-02
1.329456865787506104e-01
1.345734745264053345e-01
6.459762901067733765e-02
1.340947449207305908e-01
1.610017418861389160e-01
2.874692082405090332e-01
6.091727316379547119e-02
2.186219841241836548e-01
2.983265221118927002e-01
1.807209849357604980e-01
8.360238075256347656e-01
1.684317290782928467e-01
9.541839361190795898e-02
9.768258780241012573e-02
1.837372183799743652e-01
1.053136214613914490e-01
1.019768953323364258e+00
9.639788866043090820e-01
5.891314744949340820e-01
5.890000462532043457e-01
5.485779047012329102e-01
5.406258106231689453e-01
7.385323047637939453e-01
8.214504122734069824e-01
1.584227085113525391e-01
8.553839921951293945e-01
7.749189138412475586e-01
8.977873623371124268e-02
1.245114654302597046e-01
2.521477341651916504e-01
1.286572813987731934e-01
3.316440060734748840e-02
1.026134043931961060e-01
9.643909335136413574e-02
8.684638142585754395e-02
2.930498421192169189e-01
9.367886930704116821e-02
9.009424597024917603e-02
9.038674086332321167e-02
8.604080229997634888e-02
1.877753734588623047e-01
1.309780627489089966e-01
1.695890724658966064e-01
4.716530442237854004e-01
2.419240921735763550e-01
2.288875430822372437e-01
3.968814313411712646e-01
1.902431696653366089e-01
1.738701611757278442e-01
1.508466899394989014e-01
1.087313741445541382e-01
7.753999233245849609e-01
9.241852760314941406e-01
7.057657241821289062e-01
4.714945554733276367e-01
5.153317451477050781e-01
8.152083754539489746e-01
8.248454928398132324e-01
8.518846631050109863e-01
1.993184983730316162e-01
7.734869122505187988e-01
8.446740508079528809e-01
8.935059905052185059e-01
1.667603105306625366e-01
8.183985352516174316e-01
8.557658791542053223e-01
1.057532280683517456e-01
9.535055607557296753e-02
1.060567274689674377e-01
1.093788295984268188e-01
1.219517961144447327e-01
1.055465564131736755e-01
1.557160466909408569e-01
8.725988119840621948e-02
1.562985181808471680e-01
1.959003657102584839e-01
8.065499663352966309e-01
9.113036394119262695e-01
8.338761925697326660e-01
9.081470370292663574e-01
8.218878507614135742e-01
7.173224687576293945e-01
7.697835564613342285e-01
9.239714741706848145e-01
8.034613132476806641e-01
8.837453126907348633e-01
8.665778040885925293e-01
6.836742758750915527e-01
8.403097987174987793e-01
6.977509260177612305e-01
2.101014405488967896e-01
7.106018811464309692e-02
7.248857021331787109e-01
2.971328496932983398e-01
6.426903009414672852e-01
5.818921327590942383e-01
8.588019013404846191e-01
6.835738420486450195e-01
8.480314016342163086e-01
7.194933891296386719e-01
7.980814576148986816e-01
8.274457454681396484e-01
6.665964722633361816e-01
8.350493311882019043e-01
7.324262261390686035e-01
7.447965145111083984e-01
8.650272488594055176e-01
7.709898352622985840e-01
7.271090149879455566e-01
7.686298489570617676e-01
7.032708823680877686e-02
8.124173432588577271e-02
5.663674324750900269e-02
1.357827782630920410e-01
3.848700821399688721e-01
6.488466858863830566e-01
8.109315037727355957e-01
3.321630358695983887e-01
8.393241465091705322e-02
3.226005733013153076e-01
5.772477388381958008e-01
2.578205466270446777e-01
6.030578017234802246e-01
9.112406373023986816e-01
7.756260037422180176e-01
1.099984124302864075e-01
9.740981459617614746e-02
3.402433097362518311e-01
9.390844106674194336e-01
8.790718317031860352e-01
2.333094924688339233e-01
6.506928801536560059e-01
2.775566279888153076e-01
9.734531044960021973e-01
7.056690454483032227e-01
4.724422395229339600e-01
6.683741807937622070e-01
6.259908676147460938e-01
1.072568535804748535e+00
8.318548202514648438e-01
8.648826479911804199e-01
9.494848251342773438e-01
2.214654684066772461e-01
9.094048291444778442e-02
1.846113502979278564e-01
1.678386628627777100e-01
3.433233797550201416e-01
7.061829566955566406e-01
2.919624745845794678e-01
1.088503375649452209e-01
1.293251961469650269e-01
1.311328262090682983e-01
1.007190942764282227e-01
2.686893641948699951e-01
1.999600231647491455e-01
3.349445760250091553e-01
2.552270293235778809e-01
8.470603823661804199e-01
2.024270743131637573e-01
2.138373851776123047e-01
8.118374347686767578e-01
2.773768901824951172e-01
2.396372109651565552e-01
2.620971798896789551e-01
