0.604516327372
0.637654026189
0.69222674912
0.763738848135
0.793665344856
0.809478845703
0.830151613599
0.824344848808
0.831769343037
0.837057670058
0.838475673707
0.8372840085
0.842148074553
0.847091833144
0.84603020638
0.844451247072
0.844382723123
0.846846764047
0.847828291084
0.855848996019
0.851357856143
0.852760153964
0.854596456183
0.851089577321
0.859604928605
0.849238238225
0.850004740833
0.849077864263
0.856397420289
0.858803785919
0.851384148863
0.847678853032
0.852514445
0.853392720756
0.854347431544
0.861900888077
0.857769731611
0.865756843524
0.859617289674
0.860943268802
0.856991420546
0.862299728871
0.858099263164
0.858275604718
0.859842930079
0.857271856842
0.857371239836
0.851430510143
0.85845569822
0.860594395811
0.854270996512
0.858858261877
0.863629896219
0.859145533117
0.86183978077
0.859284035258
0.861721201763
0.859517179559
0.859570753886
0.861122984201
0.858037719583
0.860252619529
0.86294727437
0.855305283499
0.856972602636
0.86176270587
0.862146771551
0.863272879466
0.855037586375
0.853784057653
0.856018735309
0.865545920062
0.848943986616
0.868378466262
0.861989596924
0.860851447874
0.85482276554
