0.161754153163
0.136709955887
0.12778554037
0.113470459391
0.102019848221
0.0960468295398
0.09211939753
0.0897049701194
0.0876155804913
0.0863350233893
0.0843033166923
0.0837105915506
0.0825723769939
0.0816191845284
0.0817685466034
0.0806363320042
0.0799057616208
0.080313808676
0.079334267071
0.0782928813896
0.0782946460342
0.0782248539172
0.0785013431477
0.0783371826847
0.077304388654
0.077677151436
0.0766564545475
0.0772292724143
0.0767358342549
0.0767568424528
0.0759483192445
0.0760077372302
0.0757704237378
0.075369999493
0.0754777401244
0.0754526632259
0.0746261390171
0.0753486884213
0.0748476899667
0.0745455008944
0.0748026907302
0.0741202623664
0.0740381543984
0.0738284991855
0.0741850947942
0.0737630972281
0.0737972022608
0.073950613373
0.0735042639703
0.0731571081195
0.073112555307
0.0737213134991
0.0728527284545
0.0724463236835
0.0733864856825
0.0727596288543
0.0727710717828
0.0725020215723
0.072887630158
0.0724932271319
0.072613254259
0.0723678579411
0.0726966835069
0.072165400282
0.0721243633492
0.0720148470271
0.0724826588208
0.0716405213299
0.0718022406155
0.0719849007633
0.0713966622527
0.0714056458544
0.0715517471351
0.0713361020054
0.0713289287236
0.0711023055632
0.0717402979965
