0.457789128055
0.493498452012
0.564819056344
0.650802590819
0.697514995716
0.718811106766
0.739853926662
0.728660550459
0.746666666667
0.743995313415
0.744829595106
0.747039988085
0.759558198811
0.760931630353
0.759777376655
0.759012420479
0.765853658537
0.763842153564
0.770880984305
0.765951255002
0.770900692841
0.765929006386
0.775472425762
0.770640788663
0.769821713292
0.765563316125
0.766176693438
0.77472878111
0.771924573481
0.767087880528
0.762923088268
0.771238728049
0.759666522927
0.769439421338
0.776706577515
0.7758049068
0.777227345477
0.785816889695
0.783351452089
0.783197414987
0.771786086697
0.780165289256
0.776456329066
0.777321781426
0.775811870101
0.782622358394
0.778358438365
0.76843624212
0.776910840088
0.781049740616
0.780205859066
0.779624664879
0.785840165505
0.777165294873
0.779076738609
0.786057881871
0.782681734881
0.775766641735
0.774557883787
0.776703362095
0.77294038848
0.77025462963
0.778296642206
0.773068466146
0.777148108439
0.772509786864
0.78568668367
0.77609538439
0.782297222001
0.776349614396
0.783514997215
0.78344806944
0.779010935205
0.790853658537
0.784866697488
0.785808966862
0.778761061947
