0.403282051282
0.460407046349
0.454447245229
0.464737333446
0.451631645202
0.448975892695
0.467955416231
0.453708620995
0.462134613765
0.46327581534
0.475067679679
0.463725309212
0.461538461538
0.449317104896
0.461115407751
0.44450534393
0.45252819207
0.454660176672
0.458247561085
0.457320416743
0.459374720057
0.455709807434
0.474170655224
0.43992248062
0.481119576019
0.45969702637
0.463432295438
0.474760267776
0.477951635846
0.480846774194
0.468089071089
0.471815894904
0.465124683773
0.474339984316
0.468331846566
0.474722246146
0.459399233443
0.475091130012
0.453666322411
0.460188087774
0.47383973579
0.468167089938
0.446909957821
0.482658465744
0.463039942165
0.452819548872
0.471680436079
0.461439706557
0.439842578711
0.470222222222
0.454723857583
0.438752118011
0.457631796853
0.45204957102
0.479197994987
0.472191083901
0.466320315299
0.468214830091
0.463930806036
0.450386657971
0.440773949976
0.476895943563
0.468276348255
0.455519926706
0.451250453063
0.426469135802
0.474345730028
0.461304464525
0.470721505751
0.46486013986
0.469187208528
0.474242297737
0.460707008062
0.461634770166
0.468763924784
0.452298113899
0.467448372419
0.469507969508
0.456932867258
0.438319456407
0.447589481373
0.462342342342
0.45365282407
0.466148335809
0.448423157321
0.446240464947
0.433816425121
0.464658774373
0.45632798574
0.460065551147
0.457607433217
0.436699990657
0.451108916225
0.442761102168
0.464103498542
0.451816745656
0.465968125385
0.450932835821
0.440249232772
0.456010568032
