0.0919153609855
0.0850111842365
0.0835638528429
0.0827775613774
0.0820708590914
0.0816539243325
0.0812971741361
0.0806025637354
0.080818369999
0.0799282682702
0.0805848844698
0.0804256364077
0.0801994688062
0.0789919024547
0.0797333935994
0.0797424911784
0.0789755048174
0.0791813781541
0.0787464857821
0.0788734813065
0.0784449636383
0.0789361321423
0.0784384115487
0.078361654953
0.0786119867601
0.0781951087313
0.0783294215497
0.0779332715263
0.077867433552
0.0785140129374
0.0781476688339
0.0779924671455
0.0777327153441
0.0782935239891
0.0780792948446
0.0785522876815
0.078311918361
0.078072226995
0.0778504424649
0.078370221317
0.0783603767917
0.0775353268384
0.0778758529768
0.0776746720036
0.0783598686258
0.0777135768264
0.076802152401
0.0773468792326
0.0775624953543
0.0776883767293
0.0772789889523
0.0774513525557
0.0779178012254
0.0777450842661
0.0772597197251
0.0781455185044
0.0777684161525
0.0774343373152
0.0770392888589
0.0778600957486
0.0770141136473
0.0769300282966
0.0771206042714
0.0770087019337
0.0776498549848
0.0775690511522
0.0774922342021
0.077052758616
0.076928201281
0.0771455953237
0.0774325080292
0.0765331051182
0.0774186529071
0.0776932993294
0.0769608305973
0.0772547862682
0.0767566245141
0.0775578176232
0.0768421620536
0.0765022913146
0.0771387293194
0.0765672409835
0.0776010003979
0.0776328532717
0.0767256058923
0.0770473933748
0.0769327068701
0.0773922084024
0.077268669151
0.0772881156789
0.0775471790959
0.0771309670918
0.0770938675012
0.0770996284817
0.0772186175571
0.0771605909987
0.077083616275
0.0770313783623
0.076346223508
0.076883289187
