0.617195904618
0.624059846188
0.631298982553
0.628793146674
0.630904300896
0.630813352514
0.626536044586
0.629544147048
0.634820520189
0.630870882383
0.620928162121
0.62456670818
0.622320076644
0.631252708528
0.632778413444
0.628451544901
0.626727190338
0.622166653966
0.620752198671
0.619495354274
0.619962689931
0.622117151521
0.630066104088
0.627068675772
0.638281735808
0.635450033069
0.618697759942
0.623481406335
0.628298500326
0.625501321326
0.625374540386
0.639225132583
0.622059825246
0.628995519185
0.635324182846
0.620572512357
0.627178500233
0.621243820193
0.6307018993
0.621852799157
0.62937417508
0.632786469952
0.630402732349
0.624804157042
0.624232872067
0.629846513335
0.623531432308
0.628022921203
0.616395430884
0.62665837554
0.6242366531
0.619491776835
0.625884194527
0.627129259552
0.622872020183
0.629145248085
0.625224520638
0.632729143678
0.618966911309
0.626143427954
0.62499073647
0.620065010497
0.625528137574
0.623649516871
0.623504354296
0.616666414598
0.627090198574
0.621753154399
0.625842457741
0.621886886622
0.621671920363
0.619012603637
0.628206301295
0.618487738111
0.621507707199
0.629180382606
0.6247461909
0.612282685138
0.621166076341
0.623021109215
0.623768793915
0.621370310283
0.622990279255
0.623553507722
0.625125253984
0.628631841997
0.623841215236
0.624135670438
0.6109227058
0.62282193604
0.625794729473
0.625071766912
0.620323749482
0.628282241885
0.62594611621
0.624638256956
0.625853364567
0.627072224126
0.621552875999
0.624860610771
