0.0823364372173
0.0689181577366
0.0636310034709
0.060743566008
0.0585529461325
0.0570261170164
0.0555519188782
0.0547065025846
0.0535433136902
0.053052473717
0.0528602200216
0.0524412900161
0.0524064702599
0.0517502335496
0.0518283461293
0.0510972906933
0.0511603285581
0.0508758861108
0.0505928776311
0.0506643383999
0.0495191575782
0.0496270379899
0.0499000921118
0.0498083747519
0.0497510392064
0.0494141821034
0.0492491312168
0.0492845755274
0.0489350073688
0.049208791606
0.0489975380666
0.0490602161568
0.0489277195639
0.0485934714238
0.0488770411587
0.048331934943
0.0487923990027
0.0479211268224
0.0486032281066
0.04773922655
0.0472070271255
0.0478227227103
0.0476816743639
0.0479931764329
0.0474365910906
0.0474457770811
0.0478645257559
0.0476608105318
0.0472050080932
0.0469214149723
0.0472285159248
0.0469076889039
0.046186402756
0.0458416840783
0.0456723315306
0.0458560633348
0.0457154491898
0.0459315604209
0.0457236909774
0.0457326080342
0.0457039077564
0.0451116000298
0.0461741210775
0.0455942112303
0.0457051842625
0.0450806232113
0.0458069174173
0.0458300825497
0.0451124773843
0.0453048206199
0.0450334580668
0.0451646229294
0.0452663973308
0.0456276712808
0.0451871260618
0.045663307998
0.0451956712923
0.0449812328859
0.0451518575727
0.045254910777
0.0449122997508
0.0450537318487
0.0454880016329
0.0448840512431
0.0448186916703
0.045168558659
0.045198407384
0.0447115749376
0.0446522876641
0.0446334885441
0.0449545709793
0.0446781427118
0.0450650301659
0.0451140618286
0.0448062352356
0.0444723540582
0.0440630446074
0.0445287005647
0.045142709599
0.0448984137515
0.0448226167848
0.0447596014434
0.0445434779622
0.0442486918178
0.0445297610039
0.0440075407644
0.0445635368268
0.0447069625947
0.0444966317875
0.0439837715086
0.0439073801317
0.0442054106229
0.0444604316251
0.0441733752413
0.0444173661544
0.0442071767749
0.04426628881
0.0447995423272
0.0440436249804
0.044521911596
0.0443620367495
0.044202551788
0.0443119068118
0.0441008943325
0.043824186255
0.0445203450194
0.0434684822189
0.0436872843585
0.0436732755256
0.0442332087906
0.0440066664366
0.0441589152459
0.0438337927497
0.0444679471265
0.0442816847545
0.0440500343551
0.0431641794602
0.0436351299178
0.0441496767642
0.0439022115332
0.044198514915
0.0436377535213
0.0437552607032
0.0439872765448
0.0443444957643
0.0438583292622
0.0436133815836
0.0438727753733
0.0432694446529
0.0430116952793
0.0432299691492
0.0438063709753
0.0437839581352
0.0438783955492
0.0440560082261
0.0435550574208
0.0441375860094
0.0434522800591
0.043663557087
0.0439964042027
0.0429077351575
0.0438434839262
0.0437754079736
0.0435477032829
0.0439467563239
0.0438932093371
0.0433402628566
0.0434369761582
0.0432983806627
0.043445689622
0.0435422341327
0.0432262213283
0.0435802760324
0.04308502939
0.0431505151992
0.0435107332572
0.0429764781596
0.043030998314
0.0435134515446
0.043269619153
0.0434299955884
0.0432903184588
0.0440439466609
0.0432464084201
0.0437456244612
0.0434779099947
0.0435295069441
0.0436769550398
0.0430713554056
0.0434847612538
0.043288473944
0.0427239305749
0.0435354413375
0.0431964666079
0.0434213394039
0.0434863959019
0.0436860037378
0.0438777734467
0.0431486438081
0.0430597484054
