0.661916972009
0.699578560264
0.721440346645
0.734298417725
0.742070796059
0.740599014488
0.745520464986
0.74184143279
0.728757110523
0.757658307482
0.749433601283
0.759964824761
0.746719895853
0.750912741324
0.758785142519
0.765928735093
0.744140998786
0.757489440739
0.76496617139
0.74389569701
0.759221444622
0.760363869148
0.754454202094
0.72817878701
0.758367251137
0.760494343866
0.747272362919
0.745179619419
0.749587314809
0.759900140015
0.761513884825
0.754933869736
0.751568576011
0.750307281629
0.767595705212
0.76305398675
0.760528983943
0.75594913522
0.767710415931
0.764805477495
0.761306800566
0.747486863819
0.757539583051
0.706559568427
0.758562788704
0.758344361346
0.739914094934
0.758677819356
0.753948503496
0.76434980487
0.745865760537
0.75227001577
0.750158338021
0.741834074319
0.75974692093
0.730735375983
0.752469421624
0.745877161806
0.748299175095
0.754431399558
0.725730044727
0.761843358209
0.762721110437
0.731076250635
0.754669168353
0.733015687796
0.75893469691
0.740546283623
0.756957129486
0.741359031171
0.735732505307
0.755845709429
0.754707473124
0.730371262522
0.752296977442
0.738354389808
0.738262219862
0.741657558256
0.760015025243
0.755523914451
0.744781127644
0.758440457749
0.738028522948
0.743405500647
0.734088570403
0.755799638999
0.755715380136
0.753845048621
0.742416411544
0.741876392802
0.744658389501
0.763376683359
0.757462857169
0.728309232642
0.743524137823
0.758969162478
0.74160034832
0.761935411816
0.728508638497
0.737572559474
0.75433192931
0.743386391888
0.758685381422
0.754477644498
0.738990417699
0.734560007027
0.746521362545
0.770094095365
0.75301735145
0.737181687934
0.769343414924
0.761697875699
0.742815281422
0.761161347141
0.75289080319
0.760156813974
0.75306694115
0.750096619931
0.750349803706
0.744309778274
0.758336595686
0.739304650612
0.737043563897
0.763475920929
0.745835105087
0.759773824433
0.745398453965
0.746341181788
0.756110149048
0.747951029226
0.75340833933
0.736449389131
0.752856541216
0.733582929975
0.752423380278
0.757477661367
0.743658393573
0.754841438026
0.754189936985
0.759792787767
0.719230071194
0.760417676154
0.761567400982
0.765392381044
0.751499732128
0.750859516016
0.764560873756
0.759053363171
0.746341327212
0.750579748672
0.753163124808
0.768741823517
0.753937073143
0.74845652423
0.751591640311
0.745877394484
0.746762737863
0.738112607301
0.7616669294
0.751852182558
0.748525746216
0.758183434772
0.756795882979
0.74129772027
0.743114302949
0.738147305549
0.75481075349
0.745030181367
0.743056394977
0.765296488235
0.750855822238
0.728117708787
0.737744800062
0.743819087468
0.75134642579
0.752867709805
0.754285655285
0.760467411278
0.753932797668
0.742359376118
0.736874929833
0.74540613237
0.749395558275
0.737353957607
0.766139774895
0.737994028295
0.744371380025
0.759026197904
0.752844907269
0.749709936612
0.761628537374
0.751211879191
0.749774999462
0.760195729527
0.759394354162
0.755393497903
0.736794277494
0.750809606383
0.758313560471
0.747736179307
