0.511636853241
0.573812055287
0.604829110695
0.621672536653
0.631477309302
0.62927650028
0.637602179837
0.63388163473
0.616148419127
0.653748671409
0.64312882421
0.652367773678
0.638335906395
0.643758085382
0.655562848704
0.662294563843
0.637087214225
0.652079826881
0.65731946329
0.636671177267
0.652292363976
0.655651340996
0.649204406365
0.61665158371
0.654123753142
0.656897668394
0.642112459409
0.638445289396
0.645681447809
0.655153114256
0.65869140625
0.653594771242
0.647256815887
0.643456991439
0.6629448709
0.656727946856
0.657920629715
0.652542372881
0.661306227718
0.658854367435
0.657593815429
0.641716651179
0.654144010545
0.583930300097
0.654860034277
0.654771648388
0.633407177669
0.655353336613
0.649767287234
0.660975025932
0.639952255094
0.648662377243
0.646269549611
0.635388506148
0.655497382199
0.621416682079
0.64962380301
0.639452332657
0.641731630453
0.650344426923
0.613920507557
0.6582461786
0.659970840758
0.621032643096
0.651589036489
0.624508099204
0.656309395918
0.633373934227
0.654025282768
0.635733333333
0.626371712245
0.652751106287
0.651506251573
0.620797931289
0.649528706084
0.631939437635
0.630898627711
0.634062927497
0.654715634171
0.653244226377
0.638410370118
0.656766507257
0.630995980348
0.637940094587
0.625055808554
0.652184727635
0.652442073679
0.649783405531
0.635113199487
0.636275117288
0.637747336377
0.662218927601
0.653569089718
0.617331499312
0.63719407101
0.65617014261
0.635374627128
0.658842573857
0.618036889424
0.630884611909
0.651319672822
0.638204225352
0.654696132597
0.65200781051
0.631970260223
0.625861297539
0.642129992169
0.662890362972
0.649552440466
0.630565146284
0.665423175565
0.65910944381
0.637104548243
0.658646370407
0.648934384964
0.654787360418
0.648197155144
0.643900024746
0.645563226132
0.638071544994
0.654117647059
0.632228490832
0.629646215853
0.659511884888
0.639938582274
0.65601945683
0.640783490731
0.641600970285
0.653044203503
0.644781883613
0.650479667204
0.628222163168
0.650329877474
0.625435220817
0.649246744404
0.650387414886
0.637986588871
0.65058648604
0.6499668215
0.654765699713
0.604121166081
0.65669469599
0.657822801093
0.66307234248
0.648026596198
0.646120255291
0.663181112654
0.655515665796
0.642430628732
0.645812310797
0.650598290598
0.665566556656
0.65016722408
0.643116707513
0.647701295403
0.640711325967
0.642024354435
0.63002446697
0.657170141652
0.647607836543
0.644565311232
0.654835264152
0.652053904855
0.635700302545
0.637952338923
0.631035097096
0.65039980216
0.638413290388
0.635699728261
0.66240306979
0.64693877551
0.617423540315
0.630061892131
0.636780438105
0.647800886464
0.648311429047
0.649506578947
0.656182299607
0.647522522523
0.637376347919
0.629400698737
0.640868499387
0.644674355495
0.629880549117
0.664300121017
0.630939621293
0.639668984946
0.653349187475
0.649458361544
0.645724557049
0.656695156695
0.64523555044
0.645276292335
0.65872156013
0.655247636746
0.652366987851
0.62851600388
0.64555379615
0.653836823805
0.643164230439
