0.171209204355
0.11208008926
0.10279630644
0.0967321264689
0.0941499892811
0.0929210173604
0.0904817714052
0.0894172505399
0.0884134038551
0.0872178140695
0.0867153503378
0.0865022382901
0.0857881133371
0.0854892331902
0.0847972087892
0.0848086273047
0.0844114448844
0.0828653383845
0.0836332133715
0.0827647279502
0.0822717868091
0.0825234694678
0.0819158893063
0.0818423226667
0.0824323920894
0.081972804437
0.0823596984903
0.0817099617575
0.0807300835827
0.0803721615419
0.0814482559339
0.0817052650552
0.0807399118632
0.080305288245
0.0809987119106
0.0797256256003
0.0805052993944
0.0800839905417
0.0796837281687
0.0798489069324
0.0799037219536
0.0794784546037
0.0792468292842
0.0793705012133
0.079259747385
0.0787523404618
0.0790394954737
0.0792063876009
0.0792479247555
0.0791212732823
0.0783269821531
0.0784262822696
0.0780634239229
0.0789653535324
0.0791283678316
0.0788693715327
0.0783360532546
0.0778896550102
0.0775123095346
0.078090892448
0.0780853859878
0.0785736483191
0.0779740992989
0.0776379257034
0.0779945645665
0.0778320427423
0.077641792345
0.0778340271358
0.0780090558828
0.0769319250986
0.077628406116
0.0779583798951
0.0773937483184
0.0775738837673
0.077611462122
0.0773408807694
0.077330643104
0.0768786040734
0.0767330563693
0.0768340571045
0.0769597197412
0.0767858377687
0.0770463901169
0.0765243922423
0.0765709389698
0.0769261004604
0.0767313952333
0.0770167293555
0.0768668690433
0.0771216838401
0.0771470314035
0.0771975392708
0.0765754610449
0.0768057401544
0.0764453946406
0.0765897986033
0.0771563444798
0.0764486587749
0.0761930310809
0.0763829197357
