0.631179394487
0.67820961503
0.72430471584
0.757017339243
0.746159695817
0.7579740343
0.760951780649
0.767061035807
0.773878066094
0.768309534777
0.762821524381
0.761875853696
0.770459081836
0.773921859159
0.763525564804
0.765742323991
0.774280504242
0.774730500951
0.774436680537
0.767254975591
0.784039036676
0.775516875051
0.77848349408
0.780768939107
0.784405144695
0.783887368009
0.772905246672
0.772241992883
0.778835173201
0.779601871679
0.780285509211
0.782768102658
0.783846557279
0.792097984986
0.782872713118
0.780619969719
0.781129400646
0.790997796664
0.77872538378
0.784091802248
0.779618630822
0.769253187614
0.780718480665
0.774572649573
0.785069984448
0.782327586207
0.780160648834
0.782817337461
0.781645050074
0.784444782014
0.783134472751
0.780580075662
0.780996523754
0.780943183647
0.784940369475
0.779998355128
0.788114285714
0.783220097962
0.783168472288
0.781848842557
0.789117836446
0.786829494512
0.77972418934
0.792763947811
0.786284497833
0.78575394622
0.782105669109
0.787941457206
0.781135886877
0.784010901658
0.789078815067
0.790821105214
0.784860864873
0.785990412865
0.790245408242
0.784404734277
0.783275371483
0.784877780398
0.790524271845
0.78305621536
0.776842761415
0.778160739464
0.786442757457
0.786760124611
0.780979827089
0.793780430344
0.79109375
0.782148142379
0.777239330936
0.782665363311
0.78397755611
0.787113076437
0.781685776263
0.790280545761
0.783191704997
0.782057231245
0.784663113515
0.778359254072
0.78110139592
0.78998459168
