0.737760360466
0.767474973925
0.817465637683
0.839292842156
0.833838731388
0.835989470114
0.840488782839
0.845881233687
0.850085713106
0.849759613567
0.841703745026
0.846417413227
0.851422977162
0.851771937407
0.85072886679
0.852445891966
0.849629691462
0.850001454243
0.851174127032
0.852147074033
0.858065233869
0.846203668533
0.854424186511
0.861314857074
0.855122019746
0.858904506817
0.850392238528
0.85166452699
0.85918779343
0.853569644007
0.853251600977
0.861740368691
0.865657082427
0.863507623435
0.858854626268
0.853619524555
0.85576182867
0.863342770403
0.85631353953
0.85831050656
0.855792396867
0.858321064367
0.860372100166
0.855504660268
0.860713440176
0.849082139739
0.856524404822
0.859713066144
0.850001861432
0.86394023176
0.853749970188
0.855240598753
0.85861307644
0.852397029388
0.860238222519
0.848537816436
0.866305006029
0.856869496779
0.85779308676
0.860475642296
0.858406602963
0.863012948001
0.863192634315
0.861967056152
0.865220344051
0.858153477358
0.859705358654
0.859360790224
0.857838953596
0.864120325262
0.864630328421
0.864507793872
0.86192444682
0.862319244817
0.865887405496
0.861016155481
0.856838841329
0.858904564986
0.865067299476
0.856409606848
0.854125164984
0.854332191074
0.863974842753
0.861759768298
0.853209486088
0.865772636607
0.864565294656
0.858229912391
0.853960399207
0.85186826649
0.859540680132
0.859870444364
0.85870126176
0.867010284991
0.858881471601
0.859249307926
0.856900239485
0.863890031278
0.859801106039
0.86596020492
