0.614282415231
0.620058379147
0.623006479527
0.62147001321
0.63262961526
0.627862052798
0.63359927567
0.628451544901
0.631687469134
0.639167602715
0.651125293539
0.638907409486
0.644725750055
0.643108078787
0.639038494986
0.642874323704
0.639601054501
0.641486800996
0.643089609896
0.645560602103
0.640279400875
0.644150131435
0.640479533851
0.638375359998
0.643510235256
0.635501251522
0.632695608825
0.641598225125
0.64389796563
0.643157726657
0.650569365374
0.642472574424
0.647024879778
0.635941101979
0.640191942677
0.640521416061
0.637325628946
0.653892369701
0.640559633577
0.650869201277
0.641909200533
0.645097105648
0.645147655149
0.64891789749
0.639368171964
0.648136707023
0.641322733256
0.645856162531
0.642590717157
0.649098659944
0.644963751529
0.651746662657
0.647538809393
0.651703849731
0.651325281091
0.643767607252
0.646094018581
0.652138144979
0.645040215647
0.64824417561
0.649397710556
0.642430692214
0.646856769241
0.653858631254
0.648044507992
0.647810607484
0.644216095915
0.647055564313
0.648496690433
0.642533478137
0.653018805694
0.645948536071
0.648853678101
0.655073448017
0.646998587057
0.650179831738
0.648145345229
0.653203349181
0.644829699373
0.650915591641
0.64857434703
0.647179000493
0.651191054425
0.641721603135
0.651199110934
0.647094334442
0.64363381686
0.649114104009
0.645155740742
0.649344543417
0.65175032735
0.651344448019
0.650651181107
0.651877195544
0.647477789341
0.656165497552
0.647374130871
0.64971601535
0.651501302711
0.653065486907
