0.595929514568
0.642754639473
0.703572988767
0.744541555587
0.76548585981
0.77774489895
0.79462665791
0.805959896621
0.811068159225
0.822076170942
0.828377320318
0.825248893757
0.827158838862
0.836129920942
0.835164565091
0.838541201915
0.844661356158
0.845999405505
0.848264709527
0.830067645586
0.842726979763
0.8460457377
0.844427950093
0.84287185149
0.852568106581
0.847502278799
0.853082297961
0.853358429696
0.841803331613
0.850782441116
0.842416469714
0.851764026323
0.854239584854
0.851169851557
0.855676929941
0.853998267705
0.85570357168
0.855125073657
0.85666581545
0.856220729716
0.844325106
0.852308000607
0.850905819126
0.850529635444
0.85476462489
0.853178278025
0.84866695325
0.856788582677
0.858685148743
0.856922402154
0.858915442727
0.856033248658
0.853967874018
0.854515542081
0.857217497224
0.853760324401
0.856688414392
0.858213973883
0.855910248751
0.858482252704
0.855619400072
0.853449814351
0.85538547048
0.853089743687
0.854423517559
0.859137971051
0.85594901888
0.846072757542
0.852783043755
0.855350772232
0.85799551744
0.856229018903
0.85427786054
0.855481683223
0.854914470129
0.855753364974
0.854933317123
0.857148973275
0.858746663239
0.859654838239
