0.168943993011
0.137245695034
0.12343613731
0.114150221172
0.106376170563
0.101770788107
0.0973746527175
0.0950752838812
0.0923415982596
0.0911422209456
0.0900948087893
0.0893655656657
0.0880064027034
0.0865270556813
0.0862113232203
0.0854908596491
0.0850539992811
0.0847557103215
0.0847793176526
0.0831509150963
0.0830120943057
0.0827943818548
0.082340967323
0.0818732925583
0.081507419335
0.0813426790113
0.0815634057974
0.080911799277
0.0807670402674
0.0806289369792
0.0800622083983
0.0801889861827
0.0796885906675
0.0799469622829
0.0796769324908
0.080025063399
0.0794486788145
0.0791209531053
0.0791217085108
0.0783222275265
0.0790894027278
0.0786241489704
0.0783575504722
0.0786703268183
0.078199777102
0.0784360526266
0.0785925443364
0.0783706153484
0.0774853916801
0.0773861549027
0.0775390279222
0.0780320019067
0.0776763564955
0.0773896806219
0.0767703462775
0.0776373324018
0.0770834206861
0.0769026008534
0.0775041240323
0.0771031748493
0.0771038093795
0.0774568349744
0.0773648313082
0.0768029099313
0.0765270337306
0.0766903938441
0.0765024832516
0.077432271354
0.0785761798583
0.0779206887809
0.0768289504845
0.0776154676021
0.0766522570406
0.0766522193263
0.0772462880002
0.0769302960889
0.0763772297939
0.0769963295374
0.0757700595461
0.0760988221326
