0.420868653325
0.504085388296
0.579591836735
0.629428385134
0.649416811905
0.679257362356
0.692477876106
0.707917101536
0.707860385925
0.728660133164
0.740383141762
0.724631519274
0.742735982409
0.739729962654
0.744432029795
0.749812509375
0.749910297811
0.757753811826
0.763735432117
0.744344592501
0.762972252704
0.762727411711
0.754750462107
0.752154378729
0.759795815659
0.766720791773
0.769358490566
0.772518382353
0.762009419152
0.762404016539
0.761555850027
0.770042032862
0.768279970216
0.767507002801
0.771703214178
0.770064749285
0.768923418424
0.771665410701
0.773969500226
0.765948182016
0.763817530749
0.766801377039
0.77370318132
0.764231286419
0.768476565401
0.772007648184
0.761578044597
0.776057948913
0.769465871052
0.771231146445
0.774805738195
0.770386904762
0.774178656613
0.768737893011
0.77133105802
0.765029729135
0.768015216914
0.772447542078
0.765033649323
0.772696953976
0.771015794595
0.763692127939
0.768638483749
0.766093147434
0.768008317243
0.778801492424
0.771616963884
0.765646839571
0.7644156418
0.765610200364
0.772231699177
0.775354582889
0.767576386829
0.774839498624
0.774376243686
0.768526719811
0.769529209878
0.778496611214
0.772401566078
0.771138834172
