0.939359158297
0.923290291726
0.919799139168
0.92912482066
0.927642276423
0.939885222382
0.930081300813
0.911573409852
0.917838354854
0.915973218556
0.911573409852
0.934481109517
0.919368723099
0.92912482066
0.926207556193
0.932520325203
0.917886178862
0.939359158297
0.927164036346
0.930607364897
0.932042085127
0.930033476805
0.928120516499
0.937924438068
0.934959349593
0.938880918221
0.93400286944
0.932568149211
0.929555236729
0.934481109517
0.934481109517
0.932042085127
0.934959349593
0.932042085127
0.932520325203
0.93055954089
0.93055954089
0.93055954089
0.93055954089
0.931037780966
0.932520325203
0.932520325203
0.934959349593
0.934481109517
0.93299856528
0.934481109517
0.934959349593
0.936920133907
0.93299856528
0.932520325203
