0.944664031621
0.934362934363
0.926732673267
0.9375
0.935166994106
0.947368421053
0.937007874016
0.925143953935
0.924603174603
0.928982725528
0.925143953935
0.94094488189
0.93023255814
0.9375
0.935922330097
0.938856015779
0.927875243665
0.944664031621
0.93542074364
0.939805825243
0.939096267191
0.933867735471
0.934911242604
0.9453125
0.940711462451
0.944881889764
0.941176470588
0.941860465116
0.934131736527
0.94094488189
0.94094488189
0.939096267191
0.940711462451
0.939096267191
0.938856015779
0.936758893281
0.936758893281
0.936758893281
0.936758893281
0.936507936508
0.938856015779
0.938856015779
0.940711462451
0.94094488189
0.938613861386
0.94094488189
0.940711462451
0.942800788955
0.938613861386
0.938856015779
