3.979868888854980469e-01
7.782709598541259766e-01
7.596467733383178711e-01
8.486695289611816406e-01
8.663141727447509766e-01
3.337622582912445068e-01
9.900341629981994629e-01
1.110919356346130371e+00
6.982707977294921875e-01
8.432983756065368652e-01
9.204408526420593262e-01
7.866201996803283691e-01
8.410111665725708008e-01
8.588124513626098633e-01
5.379040241241455078e-01
9.202706217765808105e-01
9.664309024810791016e-01
9.464522004127502441e-01
5.023456215858459473e-01
1.332435309886932373e-01
1.760317534208297729e-01
1.393398046493530273e-01
2.779989242553710938e-01
1.261605769395828247e-01
1.354224085807800293e-01
7.756022810935974121e-01
5.239895582199096680e-01
3.013631403446197510e-01
1.125298514962196350e-01
2.321031540632247925e-01
8.044061809778213501e-02
3.942030966281890869e-01
7.658210992813110352e-01
6.061213016510009766e-01
3.316087424755096436e-01
9.209649264812469482e-02
1.135564371943473816e-01
4.073922336101531982e-01
1.295972913503646851e-01
1.512725800275802612e-01
7.726369798183441162e-02
1.285021603107452393e-01
3.237519860267639160e-01
2.060363590717315674e-01
3.976975083351135254e-01
2.173548936843872070e-01
2.087213695049285889e-01
1.151008754968643188e-01
1.197340190410614014e-01
3.202757835388183594e-01
3.060695827007293701e-01
3.617463409900665283e-01
2.131511569023132324e-01
6.017898023128509521e-02
6.938984990119934082e-01
9.002635478973388672e-01
1.031710147857666016e+00
5.998229384422302246e-01
7.209478020668029785e-01
8.024853467941284180e-01
2.178288847208023071e-01
3.772296905517578125e-01
8.317166566848754883e-01
1.032990813255310059e+00
7.296724915504455566e-01
8.750437498092651367e-01
1.006688237190246582e+00
7.442409396171569824e-01
8.020856380462646484e-01
9.686599969863891602e-01
8.265109658241271973e-01
9.237425327301025391e-01
7.472037076950073242e-01
6.682240366935729980e-01
1.159898400306701660e+00
1.081223130226135254e+00
7.414631843566894531e-01
7.889583706855773926e-01
1.252310276031494141e-01
1.162277609109878540e-01
1.806712448596954346e-01
7.134797424077987671e-02
1.628260165452957153e-01
6.330227851867675781e-01
2.691223323345184326e-01
2.626419663429260254e-01
1.514562368392944336e-01
1.293553858995437622e-01
1.003243178129196167e-01
1.344142854213714600e-01
1.942958533763885498e-01
1.029730796813964844e+00
9.957553744316101074e-01
7.604396939277648926e-01
3.569002151489257812e-01
7.984830141067504883e-01
4.378841519355773926e-01
2.270397096872329712e-01
1.547111421823501587e-01
3.109409809112548828e-01
9.764512181282043457e-01
8.688657283782958984e-01
8.469829559326171875e-01
6.305970549583435059e-01
8.935863971710205078e-01
8.748167157173156738e-01
7.337448000907897949e-01
7.284132838249206543e-01
7.501162886619567871e-01
9.024013876914978027e-01
7.215805053710937500e-01
8.498579263687133789e-01
4.858283698558807373e-01
4.242395460605621338e-01
1.441212743520736694e-01
9.329476952552795410e-01
8.486701250076293945e-01
7.744429111480712891e-01
7.951743006706237793e-01
8.688966035842895508e-01
8.039309382438659668e-01
8.529984354972839355e-01
2.204861044883728027e-01
9.518869519233703613e-01
6.889439821243286133e-01
8.272517323493957520e-01
1.165294572710990906e-01
7.299060374498367310e-02
1.025837734341621399e-01
2.395758479833602905e-01
1.667397096753120422e-02
2.938751876354217529e-01
1.474408060312271118e-01
2.521668672561645508e-01
2.740565836429595947e-01
3.269589543342590332e-01
1.364960670471191406e-01
1.687600910663604736e-01
7.114211916923522949e-01
3.696301579475402832e-01
2.117268145084381104e-01
6.465390324592590332e-01
7.431105971336364746e-01
7.818750143051147461e-01
7.510598301887512207e-01
1.092560768127441406e+00
5.876207351684570312e-01
3.005045652389526367e-01
7.984741330146789551e-01
8.556222319602966309e-01
8.556383848190307617e-01
8.126157522201538086e-01
7.770692110061645508e-01
7.268061637878417969e-01
7.483938336372375488e-01
8.081125617027282715e-01
6.745837926864624023e-01
6.884479522705078125e-01
8.121363073587417603e-02
8.260637521743774414e-02
1.942472904920578003e-01
7.280195951461791992e-01
1.378554105758666992e-01
4.545361995697021484e-01
2.776609659194946289e-01
2.232310920953750610e-01
3.601454496383666992e-01
1.434996426105499268e-01
3.234767019748687744e-01
1.848556250333786011e-01
1.164667978882789612e-01
2.760419845581054688e-01
5.580274462699890137e-01
7.495208978652954102e-01
1.327617913484573364e-01
8.882566690444946289e-01
7.919912338256835938e-01
8.787809312343597412e-02
7.870910316705703735e-02
8.459265530109405518e-02
9.774491786956787109e-01
8.993205428123474121e-01
4.969767630100250244e-01
8.709070682525634766e-01
1.847902089357376099e-01
1.879349052906036377e-01
8.515095114707946777e-01
9.702450633049011230e-01
8.058229088783264160e-01
7.989771366119384766e-01
7.722791433334350586e-01
7.213452458381652832e-01
4.906047880649566650e-01
2.602916359901428223e-01
2.527532279491424561e-01
8.128607273101806641e-01
5.848352909088134766e-01
9.677871316671371460e-02
2.698169052600860596e-01
2.779093980789184570e-01
1.601410806179046631e-01
2.138861566781997681e-01
1.092133373022079468e-01
8.136243373155593872e-02
1.046509295701980591e-01
1.536297500133514404e-01
3.414412736892700195e-01
6.427412033081054688e-01
1.575720161199569702e-01
1.655785590410232544e-01
1.948763281106948853e-01
7.188959717750549316e-01
1.030687019228935242e-01
1.002950519323348999e-01
1.389607787132263184e-01
4.922397136688232422e-01
2.563121616840362549e-01
1.529766917228698730e-01
7.590053677558898926e-01
2.560701072216033936e-01
7.141660451889038086e-01
8.104618787765502930e-01
7.681922316551208496e-01
8.731627464294433594e-01
7.989075183868408203e-01
8.254684805870056152e-01
7.172539234161376953e-01
8.926218748092651367e-01
8.230708241462707520e-01
8.823692798614501953e-01
7.347419261932373047e-01
8.189991116523742676e-01
7.275966405868530273e-01
7.494281530380249023e-01
7.391186952590942383e-01
6.619991064071655273e-01
5.959535241127014160e-01
6.080566048622131348e-01
6.510261893272399902e-01
8.537950515747070312e-01
8.174971342086791992e-01
8.172650933265686035e-01
7.335912585258483887e-01
7.865797877311706543e-01
1.097616553306579590e+00
7.210929393768310547e-01
7.306140661239624023e-01
8.448795676231384277e-01
7.806971073150634766e-01
7.603272199630737305e-01
7.325473427772521973e-01
8.960140347480773926e-01
9.013321995735168457e-01
7.206741571426391602e-01
4.273273646831512451e-01
5.719154328107833862e-02
1.193757876753807068e-01
2.665249407291412354e-01
7.897005677223205566e-01
6.140792965888977051e-01
8.614423274993896484e-01
8.987081050872802734e-01
1.372028738260269165e-01
6.583899259567260742e-01
9.582737833261489868e-02
7.748556137084960938e-02
9.231817722320556641e-02
2.368613630533218384e-01
2.789818644523620605e-01
7.609093189239501953e-01
7.087104916572570801e-01
6.536184549331665039e-01
1.046746611595153809e+00
2.545446455478668213e-01
3.216342329978942871e-01
9.093354940414428711e-01
7.822762131690979004e-01
6.898688077926635742e-01
7.218516469001770020e-01
8.141148090362548828e-01
8.369167447090148926e-01
8.062075972557067871e-01
7.200101613998413086e-01
7.919527292251586914e-01
4.531790018081665039e-01
8.782268166542053223e-01
2.133494466543197632e-01
2.569003589451313019e-02
5.738754868507385254e-01
3.639193475246429443e-01
6.393714547157287598e-01
7.648396492004394531e-01
6.839623451232910156e-01
8.011525869369506836e-01
8.250852823257446289e-01
1.330096125602722168e-01
1.163961291313171387e-01
1.932581216096878052e-01
6.642267107963562012e-02
1.009263619780540466e-01
1.700471490621566772e-01
4.119088053703308105e-01
9.635465592145919800e-02
1.638016998767852783e-01
2.784501612186431885e-01
2.037763595581054688e-01
7.090609073638916016e-01
2.351458966732025146e-01
1.342029571533203125e-01
1.219194754958152771e-01
1.391650885343551636e-01
1.010050997138023376e-01
9.583362936973571777e-01
9.335324764251708984e-01
6.017638444900512695e-01
6.599185466766357422e-01
6.199699044227600098e-01
5.198889374732971191e-01
8.301492333412170410e-01
7.372742295265197754e-01
3.143210113048553467e-01
8.333180546760559082e-01
7.159571051597595215e-01
8.496653288602828979e-02
1.747089028358459473e-01
3.460328578948974609e-01
1.568327844142913818e-01
6.458272039890289307e-02
1.278631091117858887e-01
1.304326206445693970e-01
1.177305951714515686e-01
2.589531540870666504e-01
1.185091286897659302e-01
1.111528947949409485e-01
1.071664839982986450e-01
1.193776577711105347e-01
2.182568460702896118e-01
1.755094975233078003e-01
2.032013535499572754e-01
4.963729381561279297e-01
2.858886122703552246e-01
2.771221995353698730e-01
3.555806875228881836e-01
1.986161768436431885e-01
1.928136050701141357e-01
9.892538934946060181e-02
1.262422949075698853e-01
6.528930068016052246e-01
8.275475502014160156e-01
6.977978944778442383e-01
4.895130097866058350e-01
4.487825334072113037e-01
7.746934294700622559e-01
7.540509700775146484e-01
7.793511748313903809e-01
2.627723813056945801e-01
6.459178328514099121e-01
8.577029705047607422e-01
9.788765311241149902e-01
2.133429646492004395e-01
7.367559671401977539e-01
8.315202593803405762e-01
8.584584295749664307e-02
1.358698457479476929e-01
1.392884999513626099e-01
1.211978122591972351e-01
1.626978516578674316e-01
1.146522909402847290e-01
3.128269910812377930e-01
9.599662572145462036e-02
1.414209306240081787e-01
1.675208508968353271e-01
8.478294014930725098e-01
8.573174476623535156e-01
7.577782869338989258e-01
8.626753091812133789e-01
8.593402504920959473e-01
7.912666797637939453e-01
7.311996221542358398e-01
8.846476078033447266e-01
7.250149846076965332e-01
9.457773566246032715e-01
9.255051016807556152e-01
5.044842362403869629e-01
8.799367547035217285e-01
6.824791431427001953e-01
1.982287764549255371e-01
6.641395390033721924e-02
6.282428503036499023e-01
2.490213215351104736e-01
7.057058215141296387e-01
5.233940482139587402e-01
7.938715219497680664e-01
6.329393982887268066e-01
7.141247391700744629e-01
6.816588640213012695e-01
9.091920256614685059e-01
7.416314482688903809e-01
7.730994820594787598e-01
7.411978244781494141e-01
7.086121439933776855e-01
6.817304491996765137e-01
7.717068791389465332e-01
8.043600320816040039e-01
7.896809577941894531e-01
6.995776295661926270e-01
8.267893642187118530e-02
7.192223519086837769e-02
4.528658092021942139e-02
1.538131833076477051e-01
3.692708313465118408e-01
6.119466423988342285e-01
7.221050858497619629e-01
4.502784907817840576e-01
9.756028652191162109e-02
2.255894243717193604e-01
5.880334973335266113e-01
2.422447800636291504e-01
6.439377069473266602e-01
9.300067424774169922e-01
7.487807273864746094e-01
1.158108636736869812e-01
9.915479272603988647e-02
3.553798496723175049e-01
8.050722479820251465e-01
7.284399271011352539e-01
1.923075616359710693e-01
4.883951544761657715e-01
3.179012537002563477e-01
8.947982192039489746e-01
7.855939269065856934e-01
4.955185949802398682e-01
8.296598196029663086e-01
5.145704746246337891e-01
1.132103562355041504e+00
8.226655125617980957e-01
8.172695040702819824e-01
1.015297293663024902e+00
3.467583656311035156e-01
1.461195200681686401e-01
1.921563595533370972e-01
1.944848299026489258e-01
5.587590336799621582e-01
7.163447141647338867e-01
2.863657474517822266e-01
1.059765964746475220e-01
1.628931462764739990e-01
1.165843158960342407e-01
1.036144122481346130e-01
2.585609257221221924e-01
1.973387151956558228e-01
3.539411723613739014e-01
2.353374212980270386e-01
5.176621079444885254e-01
2.084164470434188843e-01
2.015862166881561279e-01
8.285049796104431152e-01
3.127433061599731445e-01
2.308885604143142700e-01
1.852986365556716919e-01
