6.444334983825683594e-01
5.031543374061584473e-01
3.980030417442321777e-01
2.969893515110015869e-01
1.351701021194458008e-01
8.237942308187484741e-02
7.735105603933334351e-02
1.037790551781654358e-01
3.970981836318969727e-01
4.530919194221496582e-01
3.891767263412475586e-01
5.070310235023498535e-01
5.715734958648681641e-01
3.161729872226715088e-01
4.502878189086914062e-01
1.459837257862091064e-01
4.810076653957366943e-01
5.571531057357788086e-01
8.314543962478637695e-02
4.916346371173858643e-01
1.245981529355049133e-01
8.485276997089385986e-02
1.005012989044189453e-01
4.105704426765441895e-01
1.264132857322692871e-01
1.563751250505447388e-01
3.671138882637023926e-01
3.348453342914581299e-01
1.506517976522445679e-01
1.395513582974672318e-02
1.475944519042968750e-01
4.725302383303642273e-02
1.426582783460617065e-01
7.100103050470352173e-02
1.278795748949050903e-01
5.337316170334815979e-02
1.822819709777832031e-01
1.909260600805282593e-01
9.497442841529846191e-02
1.318630874156951904e-01
1.151577457785606384e-01
7.230983674526214600e-02
1.621867716312408447e-01
1.237775385379791260e-01
1.329519599676132202e-01
3.219154104590415955e-02
1.259815692901611328e-01
8.887698501348495483e-02
3.171211779117584229e-01
1.788027584552764893e-01
8.950930833816528320e-02
7.542527467012405396e-02
1.456778198480606079e-01
3.070124089717864990e-01
2.536944448947906494e-01
4.420064985752105713e-01
8.160008490085601807e-02
9.673855453729629517e-02
7.308243513107299805e-01
8.175332546234130859e-01
1.328834593296051025e-01
5.004074573516845703e-01
9.324520826339721680e-02
5.335240364074707031e-01
6.589644551277160645e-01
2.944977581501007080e-01
2.183794677257537842e-01
6.538923829793930054e-02
5.069658756256103516e-01
4.708893597126007080e-01
4.930033683776855469e-01
7.591530084609985352e-01
7.138705849647521973e-01
8.517854213714599609e-01
7.229875922203063965e-01
8.259119391441345215e-01
5.153720974922180176e-01
5.473660826683044434e-01
5.395760536193847656e-01
1.000949859619140625e+00
4.458999335765838623e-01
9.497924894094467163e-02
7.466095685958862305e-02
9.638745337724685669e-02
8.834416419267654419e-02
8.629947900772094727e-01
6.741991639137268066e-01
6.863998174667358398e-01
6.788082718849182129e-01
5.308711528778076172e-01
4.565670788288116455e-01
5.267137289047241211e-01
7.909267544746398926e-01
6.411895155906677246e-01
9.706979393959045410e-01
8.620228171348571777e-01
5.154724717140197754e-01
4.364156723022460938e-01
5.481698513031005859e-01
6.661944985389709473e-01
5.797766447067260742e-01
5.060184597969055176e-01
2.509996592998504639e-01
3.632912039756774902e-01
8.081277012825012207e-01
3.227851390838623047e-01
5.492286086082458496e-01
7.233042120933532715e-01
4.556726515293121338e-01
7.567173242568969727e-01
1.447888761758804321e-01
7.671241760253906250e-01
8.790649771690368652e-01
5.177890658378601074e-01
5.850844979286193848e-01
6.852188706398010254e-01
6.703783869743347168e-01
5.724689364433288574e-01
8.408811688423156738e-01
5.468505024909973145e-01
4.912849068641662598e-01
4.625892937183380127e-01
5.916454195976257324e-01
6.585718393325805664e-01
7.540937662124633789e-01
6.766988635063171387e-01
9.226582646369934082e-01
4.373860061168670654e-01
9.387484788894653320e-01
7.184100151062011719e-01
5.633629560470581055e-01
5.316223502159118652e-01
8.810849189758300781e-01
8.725273013114929199e-01
6.904898285865783691e-01
7.358241081237792969e-01
4.439878165721893311e-01
7.044934630393981934e-01
8.707686662673950195e-01
3.219639062881469727e-01
7.284513711929321289e-01
1.697614043951034546e-01
5.398254990577697754e-01
9.860594868659973145e-01
2.066163867712020874e-01
8.435376286506652832e-01
8.403090834617614746e-01
7.485559582710266113e-01
1.018992304801940918e+00
4.103897809982299805e-01
1.860902160406112671e-01
6.002721190452575684e-01
5.844529271125793457e-01
1.023099422454833984e+00
8.626265525817871094e-01
3.928484916687011719e-01
6.761856079101562500e-01
9.490051865577697754e-01
8.376895785331726074e-01
1.877612024545669556e-01
2.303825914859771729e-01
3.447039127349853516e-01
6.871381402015686035e-01
9.770871996879577637e-01
8.146810531616210938e-01
5.225840806961059570e-01
1.562898308038711548e-01
4.433951973915100098e-01
4.572784602642059326e-01
2.750056385993957520e-01
2.813916504383087158e-01
8.948174715042114258e-01
9.820485711097717285e-01
4.926094710826873779e-01
7.406182289123535156e-01
8.433144688606262207e-01
5.449416637420654297e-01
9.128144979476928711e-01
9.146953374147415161e-02
6.358318775892257690e-02
1.404320895671844482e-01
3.620306029915809631e-02
9.107961505651473999e-02
1.545640975236892700e-01
8.255034685134887695e-02
2.218703180551528931e-01
1.096064522862434387e-01
7.900960743427276611e-02
8.162841200828552246e-02
8.490758389234542847e-02
8.712325245141983032e-02
1.303783431649208069e-02
9.888198226690292358e-02
1.322778910398483276e-01
1.128528416156768799e-01
6.236376166343688965e-01
6.707900762557983398e-01
4.471811950206756592e-01
2.935610115528106689e-01
3.923856616020202637e-01
2.050419747829437256e-01
4.694288074970245361e-01
9.020965099334716797e-01
8.877030611038208008e-01
3.090787827968597412e-01
5.693402290344238281e-01
8.411123156547546387e-01
2.942335791885852814e-02
4.201171398162841797e-01
3.936740756034851074e-01
1.445137709379196167e-01
9.438394010066986084e-02
1.441896408796310425e-01
1.167214214801788330e-01
8.121868968009948730e-02
1.452209353446960449e-01
1.860686689615249634e-01
4.676640927791595459e-01
8.800579607486724854e-02
7.559958100318908691e-02
1.736183017492294312e-01
1.458383351564407349e-01
9.545549750328063965e-02
1.127001866698265076e-01
1.361001282930374146e-01
6.545445322990417480e-01
5.566970705986022949e-01
2.671638131141662598e-01
5.529226064682006836e-01
1.400140821933746338e-01
1.379583775997161865e-01
7.179645448923110962e-02
1.423803269863128662e-01
1.283544003963470459e-01
1.088553369045257568e-01
1.250801533460617065e-01
7.556008100509643555e-01
4.709205031394958496e-01
1.349626481533050537e-01
1.450292468070983887e-01
8.204946666955947876e-02
2.486338764429092407e-01
1.720980703830718994e-01
5.037382841110229492e-01
9.527900069952011108e-02
1.580675542354583740e-01
6.673369407653808594e-01
1.351180076599121094e-01
1.939105838537216187e-01
6.721745133399963379e-01
7.693024277687072754e-01
1.355315148830413818e-01
9.804410487413406372e-02
6.199836134910583496e-01
5.452386140823364258e-01
5.609405040740966797e-01
2.847895622253417969e-01
9.320232272148132324e-02
7.366465777158737183e-02
8.445753157138824463e-02
1.435327827930450439e-01
2.073208838701248169e-01
1.503686904907226562e-01
1.699665933847427368e-01
1.632815450429916382e-01
4.422060251235961914e-01
2.584348618984222412e-01
1.575764864683151245e-01
5.006259083747863770e-01
1.203323304653167725e-01
4.228260517120361328e-01
6.119847297668457031e-01
5.640690326690673828e-01
1.970305293798446655e-01
3.248439356684684753e-02
2.182673364877700806e-01
2.500333189964294434e-01
1.725582927465438843e-01
1.076913625001907349e-01
7.780915498733520508e-01
2.410345077514648438e-01
2.994106709957122803e-01
4.291049540042877197e-01
2.494175285100936890e-01
1.036881580948829651e-01
5.918659567832946777e-01
3.991838395595550537e-01
4.988154470920562744e-01
1.354082077741622925e-01
2.023977488279342651e-01
7.757581025362014771e-02
3.565734028816223145e-01
1.931701153516769409e-01
1.477257162332534790e-01
3.683759868144989014e-01
1.316446214914321899e-01
1.611870527267456055e-01
1.694618016481399536e-01
1.240805462002754211e-01
2.020381391048431396e-01
3.739004433155059814e-01
6.297103315591812134e-02
6.933917105197906494e-02
9.055721014738082886e-02
1.016682684421539307e-01
1.710561066865921021e-01
9.987453371286392212e-02
6.355279088020324707e-01
1.174004897475242615e-01
1.747309267520904541e-01
1.843611896038055420e-01
1.747542023658752441e-01
2.417521923780441284e-01
1.529388874769210815e-01
2.468721270561218262e-01
9.473960846662521362e-02
1.233034804463386536e-01
4.557714760303497314e-01
6.266270279884338379e-01
4.714609980583190918e-01
6.061674356460571289e-01
5.841433405876159668e-01
7.143501639366149902e-01
2.702136635780334473e-01
4.993924498558044434e-01
3.368040323257446289e-01
1.144660860300064087e-01
7.142359614372253418e-01
6.139515638351440430e-01
5.912896394729614258e-01
5.224305391311645508e-01
4.481959044933319092e-01
7.312996387481689453e-01
4.435513317584991455e-01
1.997167170047760010e-01
1.871392279863357544e-01
2.501270473003387451e-01
1.856742799282073975e-01
5.851487442851066589e-02
7.218386232852935791e-02
1.263329684734344482e-01
2.880955636501312256e-01
6.026612520217895508e-01
1.183808371424674988e-01
6.464748084545135498e-02
1.241568401455879211e-01
7.310418039560317993e-02
3.381325006484985352e-01
3.377113342285156250e-01
1.149902120232582092e-01
1.476635932922363281e-01
3.793349862098693848e-01
3.711924552917480469e-01
5.446035265922546387e-01
2.840701341629028320e-01
9.731807559728622437e-02
3.692930042743682861e-01
1.599166691303253174e-01
7.472532987594604492e-01
5.071180462837219238e-01
5.108332633972167969e-01
1.977374106645584106e-01
1.131555363535881042e-01
1.092395782470703125e-01
1.094906330108642578e-01
2.435724735260009766e-01
7.260798662900924683e-02
1.808920651674270630e-01
7.553596794605255127e-02
1.344264298677444458e-01
9.045987576246261597e-02
1.993560194969177246e-01
1.050294488668441772e-01
7.319343835115432739e-02
9.604591876268386841e-02
2.581667006015777588e-01
8.901514112949371338e-02
7.833785563707351685e-02
2.345815859735012054e-02
1.160834655165672302e-01
6.715078651905059814e-02
1.572597175836563110e-01
1.541580855846405029e-01
1.565252095460891724e-01
7.488811016082763672e-02
6.373320519924163818e-02
7.647385448217391968e-02
9.677725285291671753e-02
1.466510891914367676e-01
3.696740046143531799e-02
9.399604797363281250e-02
1.451988965272903442e-01
7.946798950433731079e-02
9.114751219749450684e-02
1.023058891296386719e-01
8.096048235893249512e-02
8.618535101413726807e-02
5.683061107993125916e-02
6.868465989828109741e-02
2.048391997814178467e-01
1.776783764362335205e-01
4.419119358062744141e-01
1.697824299335479736e-01
8.243346214294433594e-02
1.433867812156677246e-01
1.610678434371948242e-01
4.359742403030395508e-01
1.848924010992050171e-01
2.445782423019409180e-01
2.195018082857131958e-01
3.216586709022521973e-01
1.628504693508148193e-01
1.776170283555984497e-01
2.235176563262939453e-01
2.693286836147308350e-01
7.950771600008010864e-02
9.419523179531097412e-02
3.677682280540466309e-01
1.458035111427307129e-01
1.453592777252197266e-01
9.321935474872589111e-02
8.942428976297378540e-02
2.671786025166511536e-02
3.687686026096343994e-01
1.862535476684570312e-01
1.330537945032119751e-01
1.579229533672332764e-01
1.777943521738052368e-01
1.761164218187332153e-01
2.138398289680480957e-01
2.707015573978424072e-01
4.920220971107482910e-01
2.922014296054840088e-01
2.146196067333221436e-01
1.887724399566650391e-01
2.660758793354034424e-01
2.265860885381698608e-01
1.067274883389472961e-01
4.360200464725494385e-01
4.115954041481018066e-01
6.125930547714233398e-01
2.515950202941894531e-01
2.127078473567962646e-01
5.100511908531188965e-01
4.495601058006286621e-01
1.854172945022583008e-01
2.781769037246704102e-01
4.838657379150390625e-01
2.103848010301589966e-01
3.954331874847412109e-01
3.205178976058959961e-01
4.703578352928161621e-01
2.331146895885467529e-01
2.049299925565719604e-01
7.372426390647888184e-01
6.695601344108581543e-01
3.248809576034545898e-01
3.424928188323974609e-01
1.405009776353836060e-01
1.369855701923370361e-01
7.521273940801620483e-02
6.604266911745071411e-02
4.235431179404258728e-02
3.542166575789451599e-02
9.173528105020523071e-02
1.460472494363784790e-01
5.526069924235343933e-02
6.751595437526702881e-02
7.985537499189376831e-02
1.055494397878646851e-01
7.469247281551361084e-02
1.290600895881652832e-01
1.305234283208847046e-01
1.265574246644973755e-01
8.403326570987701416e-02
6.670010834932327271e-02
2.590934634208679199e-01
4.538492560386657715e-01
1.812190711498260498e-01
8.215609937906265259e-02
7.054395973682403564e-02
7.893545180559158325e-02
1.257207840681076050e-01
2.167057245969772339e-01
2.304273098707199097e-01
3.594864904880523682e-01
8.595006912946701050e-02
4.262705519795417786e-02
1.273179203271865845e-01
6.649629026651382446e-02
9.118030965328216553e-02
9.481990337371826172e-02
9.211009740829467773e-02
9.294157475233078003e-02
6.417531520128250122e-02
1.751128733158111572e-01
1.437033116817474365e-01
4.015980064868927002e-01
5.866409093141555786e-02
1.207042634487152100e-01
4.961563944816589355e-01
1.912253350019454956e-01
2.441331297159194946e-01
2.249919027090072632e-01
2.781725823879241943e-01
2.082284688949584961e-01
1.857887655496597290e-01
1.804524809122085571e-01
7.440810650587081909e-02
7.105089724063873291e-02
1.593737900257110596e-01
9.399522095918655396e-02
8.049673587083816528e-02
9.147124737501144409e-02
6.168509274721145630e-02
4.766111820936203003e-02
6.146945431828498840e-02
1.960425823926925659e-01
6.565644592046737671e-02
2.009295225143432617e-01
2.077912241220474243e-01
1.502932012081146240e-01
1.995460987091064453e-01
7.825957983732223511e-02
1.436784416437149048e-01
1.279715299606323242e-01
7.998309284448623657e-02
1.466802060604095459e-01
4.612083733081817627e-02
2.894859202206134796e-02
3.484908118844032288e-02
1.282793879508972168e-01
9.832660853862762451e-02
7.971960306167602539e-02
1.141436696052551270e-01
1.065591797232627869e-01
7.979027926921844482e-02
1.053022369742393494e-01
1.263524144887924194e-01
1.374802142381668091e-01
1.448064111173152924e-02
8.802347630262374878e-02
2.854981273412704468e-02
1.451895236968994141e-01
1.156188920140266418e-01
1.292562335729598999e-01
2.654841169714927673e-02
4.065675660967826843e-02
1.150953322649002075e-01
1.005942821502685547e-01
1.195169314742088318e-01
1.147291958332061768e-01
1.074098870158195496e-01
1.994890272617340088e-01
3.865676820278167725e-01
2.014365792274475098e-01
9.751697629690170288e-02
1.065305769443511963e-01
3.396238982677459717e-01
4.337816238403320312e-01
1.833422034978866577e-01
7.652108371257781982e-02
3.193714618682861328e-01
4.363830685615539551e-01
9.260793775320053101e-02
4.852911084890365601e-02
4.686081036925315857e-02
3.746252879500389099e-02
6.138473749160766602e-02
3.866175711154937744e-01
3.077006042003631592e-01
6.300039887428283691e-01
3.844071626663208008e-01
3.777433037757873535e-01
4.125887453556060791e-01
1.793672889471054077e-01
1.897270381450653076e-01
2.710877954959869385e-01
2.498827725648880005e-01
2.883463799953460693e-01
1.277902722358703613e-01
1.879251897335052490e-01
1.795755922794342041e-01
1.016975119709968567e-01
1.037963330745697021e-01
2.535595595836639404e-01
1.050767078995704651e-01
3.243808448314666748e-01
1.654897481203079224e-01
1.400317251682281494e-01
1.105411499738693237e-01
4.493626058101654053e-01
2.543334066867828369e-01
3.240773677825927734e-01
3.808178007602691650e-01
3.233056068420410156e-01
4.513929188251495361e-01
2.469906657934188843e-01
2.542127072811126709e-01
5.641228556632995605e-01
3.820455968379974365e-01
1.287931948900222778e-01
1.946575194597244263e-01
4.809299111366271973e-01
2.197501510381698608e-01
1.082807704806327820e-01
2.969837486743927002e-01
4.828030765056610107e-01
3.626359105110168457e-01
1.723381280899047852e-01
3.110274970531463623e-01
1.749268174171447754e-01
2.470913529396057129e-01
5.834571123123168945e-01
7.449675798416137695e-01
1.560545563697814941e-01
1.386839747428894043e-01
2.234221547842025757e-01
1.305300146341323853e-01
4.030771255493164062e-01
1.428126543760299683e-01
3.678559958934783936e-01
4.428929984569549561e-01
4.794116318225860596e-01
2.437127381563186646e-01
5.351536870002746582e-01
1.783984899520874023e-01
2.695150673389434814e-01
1.543144881725311279e-01
2.724188864231109619e-01
1.214606538414955139e-01
1.185911372303962708e-01
7.468074560165405273e-02
7.837072014808654785e-02
1.413590908050537109e-01
1.581513285636901855e-01
1.512155234813690186e-01
9.872153401374816895e-02
6.222563236951828003e-02
1.439227759838104248e-01
6.734909862279891968e-02
3.732912242412567139e-02
8.016347140073776245e-02
6.062600761651992798e-02
6.132543087005615234e-02
1.270274221897125244e-01
7.488127052783966064e-02
9.413269907236099243e-02
3.730976879596710205e-01
5.538506805896759033e-02
4.735561087727546692e-02
2.755376696586608887e-01
1.325573176145553589e-01
8.226161450147628784e-02
4.931783676147460938e-02
1.560499370098114014e-01
1.535266637802124023e-01
9.996841847896575928e-02
1.109469085931777954e-01
3.757630288600921631e-01
1.499692648649215698e-01
4.964553564786911011e-02
1.053200587630271912e-01
2.849562764167785645e-01
1.102925091981887817e-01
1.503833085298538208e-01
2.857221364974975586e-01
3.628637790679931641e-01
1.995645314455032349e-01
4.694908112287521362e-02
8.561442792415618896e-02
9.909069538116455078e-02
4.759463295340538025e-02
1.707737594842910767e-01
9.089524298906326294e-02
3.157351315021514893e-01
1.312948614358901978e-01
1.820478886365890503e-01
5.689702928066253662e-02
6.885688006877899170e-02
1.090506911277770996e-01
2.257358878850936890e-01
8.751107752323150635e-02
2.899908423423767090e-01
4.435490369796752930e-01
3.035792410373687744e-01
1.858619600534439087e-01
2.936425507068634033e-01
9.569176286458969116e-02
1.491944193840026855e-01
2.345719784498214722e-01
1.904769092798233032e-01
2.779136896133422852e-01
1.384963691234588623e-01
4.376638531684875488e-01
1.093319654464721680e-01
2.336646914482116699e-01
2.422170341014862061e-01
8.369744569063186646e-02
1.749992221593856812e-01
1.045782268047332764e-01
7.913388311862945557e-02
7.712806016206741333e-02
5.715541169047355652e-02
6.206103041768074036e-02
4.036470502614974976e-02
1.486777812242507935e-01
5.444752797484397888e-02
4.206972420215606689e-01
6.936395168304443359e-01
1.986351460218429565e-01
2.912163734436035156e-01
8.902034759521484375e-01
1.023442864418029785e+00
8.933816552162170410e-01
8.424907326698303223e-01
9.039165973663330078e-01
8.717717528343200684e-01
8.218461871147155762e-01
9.281587004661560059e-01
9.231122136116027832e-01
9.709036946296691895e-01
7.831924557685852051e-01
6.881449818611145020e-01
8.581550121307373047e-01
6.338831782341003418e-01
8.234512209892272949e-01
1.302691549062728882e-01
4.677163660526275635e-01
1.259774416685104370e-01
1.483612954616546631e-01
1.604640036821365356e-01
2.042450159788131714e-01
1.247678548097610474e-01
1.947883218526840210e-01
2.378405630588531494e-01
3.336337506771087646e-01
1.469338387250900269e-01
1.502912789583206177e-01
2.014059126377105713e-01
1.677351295948028564e-01
1.084680706262588501e-01
1.156316846609115601e-01
5.806386843323707581e-02
1.289181113243103027e-01
9.156552702188491821e-02
1.475615203380584717e-01
1.178834810853004456e-01
1.192735135555267334e-01
9.259044378995895386e-02
8.963984251022338867e-02
7.705050706863403320e-01
9.739482402801513672e-01
8.135707378387451172e-01
4.280589222908020020e-01
5.246363282203674316e-01
5.762713551521301270e-01
5.725540518760681152e-01
9.019612073898315430e-01
7.950690984725952148e-01
7.450410723686218262e-01
2.763161659240722656e-01
7.873905897140502930e-01
7.806728482246398926e-01
3.756768405437469482e-01
6.132837533950805664e-01
8.100388050079345703e-01
6.587062478065490723e-01
8.561655879020690918e-01
8.930621743202209473e-01
5.787847638130187988e-01
2.207666188478469849e-01
1.005414009094238281e+00
8.472222089767456055e-01
1.872692555189132690e-01
6.576411128044128418e-01
1.015656113624572754e+00
9.364992976188659668e-01
8.264323472976684570e-01
8.737137913703918457e-01
9.140712618827819824e-01
9.557812809944152832e-01
1.006508469581604004e+00
4.858812689781188965e-01
8.982661366462707520e-01
1.024128794670104980e+00
8.606054782867431641e-01
7.014783620834350586e-01
4.134562313556671143e-01
6.996264457702636719e-01
3.563745021820068359e-01
1.032298445701599121e+00
8.195847272872924805e-01
6.269217729568481445e-01
6.811601519584655762e-01
7.764347195625305176e-01
9.612780213356018066e-01
9.359190464019775391e-01
1.003037571907043457e+00
5.170006752014160156e-01
6.850119829177856445e-01
7.078461050987243652e-01
9.007242918014526367e-01
1.012553453445434570e+00
9.813476204872131348e-01
9.677613377571105957e-01
1.025806546211242676e+00
8.854228854179382324e-01
8.400222659111022949e-01
4.559936225414276123e-01
2.219605594873428345e-01
9.358620047569274902e-01
8.925269246101379395e-01
8.210325241088867188e-01
9.211256504058837891e-01
6.389369964599609375e-01
7.300429940223693848e-01
7.040366530418395996e-01
7.938293814659118652e-01
9.954051971435546875e-01
8.025296926498413086e-01
4.087444543838500977e-01
6.917295455932617188e-01
5.121054649353027344e-01
5.969712734222412109e-01
8.617846965789794922e-01
9.476062059402465820e-01
1.006508231163024902e+00
1.084940791130065918e+00
5.978882908821105957e-01
6.884722709655761719e-01
6.901341080665588379e-01
7.717223763465881348e-01
8.412053585052490234e-01
8.882478475570678711e-01
3.096449971199035645e-01
1.052784919738769531e+00
8.686683773994445801e-01
1.058193564414978027e+00
8.249429464340209961e-01
8.794164061546325684e-01
8.450055718421936035e-01
9.005222916603088379e-01
6.574181318283081055e-01
8.693510890007019043e-01
6.901218891143798828e-01
8.658886551856994629e-01
7.620151638984680176e-01
4.009783565998077393e-01
1.081864595413208008e+00
7.137556076049804688e-01
6.961142420768737793e-01
2.413120418787002563e-01
7.504978179931640625e-01
9.289919137954711914e-01
1.071141242980957031e+00
1.172208666801452637e+00
1.078211069107055664e+00
1.096695899963378906e+00
8.832958340644836426e-01
8.131252527236938477e-01
8.805999159812927246e-01
9.540597200393676758e-01
6.275058388710021973e-01
5.959872603416442871e-01
3.423594534397125244e-01
7.189788222312927246e-01
5.369380712509155273e-01
2.437240779399871826e-01
8.903894424438476562e-01
8.354212641716003418e-01
9.846735596656799316e-01
1.080870032310485840e+00
8.002309203147888184e-01
6.626005768775939941e-01
2.284292727708816528e-01
8.307641744613647461e-01
1.233143448829650879e+00
9.400848150253295898e-01
7.836382389068603516e-01
9.225926399230957031e-01
6.419705152511596680e-01
6.232188940048217773e-01
1.090645670890808105e+00
4.468944668769836426e-01
3.317517042160034180e-01
3.558534085750579834e-01
7.057645916938781738e-01
6.325879096984863281e-01
6.534826755523681641e-01
9.669499993324279785e-01
6.725212335586547852e-01
5.386624932289123535e-01
8.560897707939147949e-01
7.845057845115661621e-01
6.722940206527709961e-01
6.877037286758422852e-01
9.977509975433349609e-01
8.001692295074462891e-01
9.540787339210510254e-01
9.738882184028625488e-01
1.095264330506324768e-01
1.579644680023193359e-01
2.445161193609237671e-01
1.279495209455490112e-01
1.233996450901031494e-01
9.475871920585632324e-02
9.068121761083602905e-02
1.264035701751708984e-01
1.802498102188110352e-01
1.229147091507911682e-01
1.322127729654312134e-01
7.377313077449798584e-02
1.125696823000907898e-01
1.338121145963668823e-01
1.181928813457489014e-01
1.242972537875175476e-01
1.508404314517974854e-01
1.244809851050376892e-01
1.062647029757499695e-01
6.597388535737991333e-02
1.227814331650733948e-01
2.460440695285797119e-01
4.424097537994384766e-01
4.808601737022399902e-01
2.350603491067886353e-01
3.973885178565979004e-01
5.794510841369628906e-01
3.532114923000335693e-01
1.910762786865234375e-01
1.351419836282730103e-01
4.890461862087249756e-01
6.974345445632934570e-01
9.276946783065795898e-01
1.914097815752029419e-01
7.353685051202774048e-02
1.160254031419754028e-01
1.703004091978073120e-01
1.462693065404891968e-01
1.048764288425445557e-01
1.626371443271636963e-01
2.000842541456222534e-01
2.416743934154510498e-01
5.363903045654296875e-01
1.975623965263366699e-01
1.417747586965560913e-01
1.823838502168655396e-01
1.603645533323287964e-01
2.731150686740875244e-01
1.777244806289672852e-01
2.462986111640930176e-01
3.822271823883056641e-01
6.672114133834838867e-01
3.077772259712219238e-01
6.098250746726989746e-01
3.137759268283843994e-01
1.541755646467208862e-01
4.157385230064392090e-01
5.648506879806518555e-01
2.236793041229248047e-01
8.368661999702453613e-02
2.765912115573883057e-01
8.518291711807250977e-01
1.926827579736709595e-01
2.326049357652664185e-01
4.837685823440551758e-01
5.146276950836181641e-01
3.589773774147033691e-01
6.264271140098571777e-01
3.173588812351226807e-01
3.907608985900878906e-01
4.136284589767456055e-01
7.216170430183410645e-01
2.002047747373580933e-01
4.108140170574188232e-01
4.756308495998382568e-01
7.899262309074401855e-01
2.785172462463378906e-01
6.740786433219909668e-01
9.211072921752929688e-01
2.657414674758911133e-01
4.189149737358093262e-01
6.704741120338439941e-01
5.881321430206298828e-01
2.414996176958084106e-01
9.607582688331604004e-01
8.459494709968566895e-01
7.350139617919921875e-01
4.609929323196411133e-01
7.133395671844482422e-01
5.435113310813903809e-01
4.252093434333801270e-01
6.735394001007080078e-01
3.585400879383087158e-01
2.861140668392181396e-01
1.022973775863647461e+00
3.091047406196594238e-01
2.059091627597808838e-01
2.205932587385177612e-01
7.868230342864990234e-01
4.633627235889434814e-01
4.505179524421691895e-01
4.548301398754119873e-01
5.491103529930114746e-01
2.281910777091979980e-01
1.067177653312683105e+00
7.014606595039367676e-01
6.114987730979919434e-01
3.753674924373626709e-01
6.974816918373107910e-01
4.476055502891540527e-01
9.972568750381469727e-01
4.781192243099212646e-01
9.339931607246398926e-01
2.148367613554000854e-01
9.032642245292663574e-01
7.801700830459594727e-01
9.331331253051757812e-01
3.739292621612548828e-01
7.584555149078369141e-01
8.795202374458312988e-01
4.233296215534210205e-01
2.487363815307617188e-01
5.421295166015625000e-01
5.426582098007202148e-01
3.238314092159271240e-01
6.338458061218261719e-01
2.062579691410064697e-01
9.947484731674194336e-02
9.816252440214157104e-02
1.017924249172210693e-01
8.825567364692687988e-02
1.519086211919784546e-01
1.749261766672134399e-01
3.797684609889984131e-01
5.866876840591430664e-01
3.573884069919586182e-01
2.869555056095123291e-01
8.152212947607040405e-02
2.954842336475849152e-02
3.386361598968505859e-01
1.459642648696899414e-01
3.375287652015686035e-01
7.039236426353454590e-01
1.035449653863906860e-01
7.038971781730651855e-02
2.869022190570831299e-01
1.901403516530990601e-01
2.609771192073822021e-01
5.053455233573913574e-01
1.077670305967330933e-01
1.686244606971740723e-01
1.430800408124923706e-01
1.224330067634582520e-01
7.429466396570205688e-02
1.649840921163558960e-01
1.224637031555175781e-01
1.439787894487380981e-01
1.055546924471855164e-01
1.544314324855804443e-01
9.468310326337814331e-02
1.470907777547836304e-01
1.222584024071693420e-01
1.056158244609832764e-01
6.988973915576934814e-02
1.262884587049484253e-01
9.488610178232192993e-02
1.020700037479400635e-01
1.502351462841033936e-01
6.864814460277557373e-02
1.263231039047241211e-01
1.102175489068031311e-01
8.191133141517639160e-01
5.806005597114562988e-01
4.408266842365264893e-01
3.159791231155395508e-01
5.490027666091918945e-01
2.307773083448410034e-01
3.841018378734588623e-01
5.634789466857910156e-01
9.210438281297683716e-02
5.716980695724487305e-01
4.678508639335632324e-01
1.796060055494308472e-01
6.931900382041931152e-01
6.989703178405761719e-01
4.151454567909240723e-01
3.805145025253295898e-01
1.047994717955589294e-01
2.727356851100921631e-01
8.941081166267395020e-01
8.419954776763916016e-01
5.269718766212463379e-01
5.844888687133789062e-01
5.270780324935913086e-01
6.324539780616760254e-01
3.830713629722595215e-01
3.466874957084655762e-01
9.653030633926391602e-01
9.416773915290832520e-01
1.777124404907226562e-01
7.011029720306396484e-01
9.080321788787841797e-01
5.677269697189331055e-01
6.489174365997314453e-01
8.087289333343505859e-01
2.903354167938232422e-01
7.593131065368652344e-01
4.565210938453674316e-01
5.253466963768005371e-01
7.436975240707397461e-01
8.304920196533203125e-01
9.065843820571899414e-01
5.288844704627990723e-01
6.379520297050476074e-01
8.386868834495544434e-01
7.395725250244140625e-01
9.385582804679870605e-01
6.255900859832763672e-01
3.398213684558868408e-01
5.537642240524291992e-01
4.475657343864440918e-01
8.123152852058410645e-01
8.942925930023193359e-01
1.145978212356567383e+00
1.831669658422470093e-01
4.632410705089569092e-01
3.507194519042968750e-01
4.580554366111755371e-01
6.198812127113342285e-01
3.334824740886688232e-01
1.012800216674804688e+00
2.089637666940689087e-01
8.323926925659179688e-01
8.489034771919250488e-01
8.045852780342102051e-01
9.141803383827209473e-01
4.128860831260681152e-01
6.573388576507568359e-01
6.258772611618041992e-01
6.701132059097290039e-01
4.750080704689025879e-01
4.679619669914245605e-01
6.836724281311035156e-01
7.825446128845214844e-01
7.364317178726196289e-01
5.785296559333801270e-01
8.228200078010559082e-01
1.647443920373916626e-01
8.043917417526245117e-01
1.000780105590820312e+00
9.854688644409179688e-01
9.615651369094848633e-01
4.624699056148529053e-01
4.275892078876495361e-01
6.397917270660400391e-01
9.566812515258789062e-01
6.586046218872070312e-01
6.354554891586303711e-01
2.184692919254302979e-01
4.764886200428009033e-01
5.054659247398376465e-01
8.433254361152648926e-01
6.763479113578796387e-01
3.480920195579528809e-01
4.787212312221527100e-01
6.269320845603942871e-01
2.129310220479965210e-01
6.757116317749023438e-01
7.377777993679046631e-02
1.375277340412139893e-01
1.299842596054077148e-01
5.601767078042030334e-02
1.993559747934341431e-01
4.625817388296127319e-02
5.678259208798408508e-02
5.666518956422805786e-02
1.146611869335174561e-01
1.450790017843246460e-01
5.768177509307861328e-01
5.391826033592224121e-01
1.947252005338668823e-01
1.495008915662765503e-01
8.802189677953720093e-02
5.741384997963905334e-02
5.986683070659637451e-02
1.011682674288749695e-01
6.971732527017593384e-02
3.237217292189598083e-02
1.016527935862541199e-01
1.138579621911048889e-01
1.221277862787246704e-01
1.047210767865180969e-01
1.995953619480133057e-01
1.047998964786529541e-01
1.494760364294052124e-01
1.013733968138694763e-01
7.770590484142303467e-02
1.320318281650543213e-01
5.357824563980102539e-01
1.265819519758224487e-01
2.055735439062118530e-01
2.675753235816955566e-01
3.494996950030326843e-02
6.077396273612976074e-01
2.758093178272247314e-01
5.169310569763183594e-01
4.163041412830352783e-01
4.879340529441833496e-01
4.527440071105957031e-01
9.340056031942367554e-02
1.474473327398300171e-01
3.256391882896423340e-01
1.289077848196029663e-01
2.050175070762634277e-01
3.434851169586181641e-01
1.402429193258285522e-01
1.450033783912658691e-01
1.779463142156600952e-01
1.933667510747909546e-01
2.234281152486801147e-01
4.771675765514373779e-01
3.218863308429718018e-01
3.420357704162597656e-01
3.999774456024169922e-01
1.557981818914413452e-01
2.436783164739608765e-01
6.498535275459289551e-01
8.024349808692932129e-01
7.242117077112197876e-02
1.074356213212013245e-01
9.849983453750610352e-02
1.454450935125350952e-01
4.330537095665931702e-02
5.023463070392608643e-02
6.332201510667800903e-02
1.205087453126907349e-01
4.282972216606140137e-01
3.997241258621215820e-01
7.591724395751953125e-02
2.428207695484161377e-01
5.145643949508666992e-01
1.204606220126152039e-01
8.705143630504608154e-02
1.477897018194198608e-01
1.616017818450927734e-01
4.830590635538101196e-02
1.071970313787460327e-01
1.164242997765541077e-01
1.049160137772560120e-01
5.097051858901977539e-01
7.941381633281707764e-02
1.954831331968307495e-01
6.925015449523925781e-01
6.098628640174865723e-01
8.024426102638244629e-01
3.536532521247863770e-01
1.648803800344467163e-01
4.369761347770690918e-01
9.120579063892364502e-02
7.190376520156860352e-02
1.673266738653182983e-01
4.583248794078826904e-01
4.600853025913238525e-01
3.795825242996215820e-01
7.298685908317565918e-01
5.946192145347595215e-01
7.880653142929077148e-01
2.109176963567733765e-01
5.077669620513916016e-01
3.944682180881500244e-01
2.759914398193359375e-01
5.806342363357543945e-01
8.822863698005676270e-01
1.536462157964706421e-01
5.192830562591552734e-01
1.717984825372695923e-01
7.841154336929321289e-01
7.490279674530029297e-01
7.649201750755310059e-01
1.050779342651367188e+00
5.532483458518981934e-01
3.831344246864318848e-01
1.819266974925994873e-01
7.449167370796203613e-01
1.407688409090042114e-01
1.203172653913497925e-01
3.334994614124298096e-01
2.572726011276245117e-01
9.424237161874771118e-02
6.226228922605514526e-02
1.026463806629180908e-01
1.429923325777053833e-01
1.001854985952377319e-01
8.368723839521408081e-02
6.663851439952850342e-02
7.471795380115509033e-02
1.259348690509796143e-01
6.832508742809295654e-02
4.458886012434959412e-02
1.956280618906021118e-01
1.004787385463714600e-01
7.700232416391372681e-02
2.660883963108062744e-01
4.709305763244628906e-01
1.045864522457122803e-01
1.372673809528350830e-01
1.111652031540870667e-01
9.831683337688446045e-02
1.087194532155990601e-01
1.380144506692886353e-01
1.420058310031890869e-01
3.836433887481689453e-01
1.194940879940986633e-01
1.222763583064079285e-01
8.357485383749008179e-02
1.326832175254821777e-01
1.566582769155502319e-01
8.565088361501693726e-02
2.161277234554290771e-01
5.005974173545837402e-01
1.639998257160186768e-01
9.249769896268844604e-02
8.682870119810104370e-02
1.181587427854537964e-01
1.833034455776214600e-01
1.084603816270828247e-01
4.495103359222412109e-01
3.273990154266357422e-01
3.392937183380126953e-01
1.643838137388229370e-01
4.462368786334991455e-01
8.132954686880111694e-02
1.766421198844909668e-01
2.552570104598999023e-01
2.659235298633575439e-01
1.040656417608261108e-01
5.434524416923522949e-01
2.521710097789764404e-01
2.969570755958557129e-01
1.833695173263549805e-01
2.396015226840972900e-01
1.155334413051605225e-01
1.809480041265487671e-01
3.417539000511169434e-01
1.314265131950378418e-01
1.854949444532394409e-01
3.637133538722991943e-01
4.880603030323982239e-02
6.521629095077514648e-01
2.640679478645324707e-01
2.064019441604614258e-01
4.409874379634857178e-01
1.854555159807205200e-01
6.724805384874343872e-02
8.732175081968307495e-02
1.878162324428558350e-01
7.898054271936416626e-02
1.112317442893981934e-01
7.335643470287322998e-02
1.581761986017227173e-01
1.261159181594848633e-01
1.115749627351760864e-01
1.669932156801223755e-01
1.113465279340744019e-01
1.271113008260726929e-01
1.168587654829025269e-01
1.178730726242065430e-01
1.677861362695693970e-01
8.030100166797637939e-02
1.342027932405471802e-01
1.682647019624710083e-01
7.582632452249526978e-02
9.918746352195739746e-02
9.504731744527816772e-02
1.609957069158554077e-01
1.023557186126708984e-01
9.846096485853195190e-02
9.834211319684982300e-02
1.115751042962074280e-01
5.051901340484619141e-01
2.236021757125854492e-01
4.547101557254791260e-01
5.795277953147888184e-01
3.200042843818664551e-01
2.065726667642593384e-01
6.358869671821594238e-01
4.630888700485229492e-01
2.258788198232650757e-01
4.151689410209655762e-01
4.575611948966979980e-01
4.075889587402343750e-01
1.304851770401000977e-01
4.647097289562225342e-01
6.320230364799499512e-01
2.599778771400451660e-01
2.669926881790161133e-01
7.613454461097717285e-01
7.039082050323486328e-01
1.909222602844238281e-01
5.244740247726440430e-01
2.306813448667526245e-01
5.898178219795227051e-01
2.963799834251403809e-01
1.182438880205154419e-01
6.000308394432067871e-01
2.692919597029685974e-02
3.190260529518127441e-01
1.955992579460144043e-01
6.874608397483825684e-01
1.505098789930343628e-01
7.559359073638916016e-02
7.579604983329772949e-01
2.905923724174499512e-01
9.867305159568786621e-01
7.940279841423034668e-01
8.768551945686340332e-01
6.287853717803955078e-01
7.131783962249755859e-01
7.960364818572998047e-01
9.025934338569641113e-01
6.027766466140747070e-01
4.359504282474517822e-01
5.155252218246459961e-01
4.045997858047485352e-01
3.141861557960510254e-01
9.931918978691101074e-01
6.655261516571044922e-01
5.765576958656311035e-01
8.944004178047180176e-01
1.506203562021255493e-01
7.931758165359497070e-01
6.489018797874450684e-01
9.643354415893554688e-01
6.119460463523864746e-01
8.378899693489074707e-01
5.817779302597045898e-01
8.555065989494323730e-01
6.943421363830566406e-01
5.329052805900573730e-01
6.433317065238952637e-01
4.231699407100677490e-01
5.038530826568603516e-01
2.812536954879760742e-01
8.840585947036743164e-01
9.303418397903442383e-01
9.461065530776977539e-01
2.439880073070526123e-01
7.958996891975402832e-01
1.798794269561767578e-01
2.204225212335586548e-01
3.053144812583923340e-01
4.475082457065582275e-01
1.881539672613143921e-01
8.616082072257995605e-01
7.460685372352600098e-01
3.562941253185272217e-01
5.665389895439147949e-01
8.982220292091369629e-01
5.764231085777282715e-01
9.102612137794494629e-01
8.905272483825683594e-01
2.700695395469665527e-01
1.407377421855926514e-01
8.881267905235290527e-01
8.932337164878845215e-01
6.935378313064575195e-01
5.405074357986450195e-01
8.609011173248291016e-01
9.521399140357971191e-01
8.365281820297241211e-01
5.727031826972961426e-01
4.856976270675659180e-01
6.531503200531005859e-01
6.618039011955261230e-01
9.814433455467224121e-01
4.617521464824676514e-01
3.700216859579086304e-02
1.281329989433288574e-01
5.802310630679130554e-02
1.063937693834304810e-01
1.321479678153991699e-01
1.089680716395378113e-01
1.192705854773521423e-01
3.931792825460433960e-02
9.805605560541152954e-02
1.101350486278533936e-01
8.525166660547256470e-02
5.216225981712341309e-02
1.135528385639190674e-01
7.816018164157867432e-02
8.687682449817657471e-02
8.463135361671447754e-02
1.405761539936065674e-01
4.073101580142974854e-01
2.006622403860092163e-01
1.856044381856918335e-01
4.301312565803527832e-01
6.500322371721267700e-02
9.180223196744918823e-02
3.676620125770568848e-01
2.821777760982513428e-01
2.740583121776580811e-01
6.371278762817382812e-01
7.557243108749389648e-02
1.252939701080322266e-01
1.500873565673828125e-01
5.596893429756164551e-01
1.187984868884086609e-01
3.941104933619499207e-02
2.295460850000381470e-01
1.061542108654975891e-01
5.659217014908790588e-02
1.174470335245132446e-01
9.718132764101028442e-02
1.057087182998657227e-01
3.148257136344909668e-01
5.588154867291450500e-02
1.814944893121719360e-01
1.626332551240921021e-01
9.311204403638839722e-02
1.346933841705322266e-01
1.102049648761749268e-01
1.802094429731369019e-01
1.550291329622268677e-01
1.408589333295822144e-01
1.398998349905014038e-01
4.824653267860412598e-01
8.353275060653686523e-02
9.571105241775512695e-02
1.219306141138076782e-01
1.339718252420425415e-01
5.365476608276367188e-01
1.743101179599761963e-01
1.852550506591796875e-01
2.226673364639282227e-01
3.514760434627532959e-01
2.551597952842712402e-01
6.569743156433105469e-01
1.175544857978820801e-01
1.506658047437667847e-01
3.003004789352416992e-01
2.472823262214660645e-01
3.589481115341186523e-01
3.254272937774658203e-01
3.863957822322845459e-01
8.919248729944229126e-02
4.117603003978729248e-01
3.398212492465972900e-01
3.380860984325408936e-01
2.579179704189300537e-01
7.678508758544921875e-02
4.504992067813873291e-01
6.631996631622314453e-01
4.810066819190979004e-01
7.000822424888610840e-01
3.580363690853118896e-01
5.586805939674377441e-01
1.255564242601394653e-01
5.507305264472961426e-02
3.522431254386901855e-01
1.712532192468643188e-01
2.368437647819519043e-01
1.098010540008544922e-01
2.651480436325073242e-01
6.403706222772598267e-02
6.933397054672241211e-02
5.986650586128234863e-01
4.055650234222412109e-01
3.301267325878143311e-01
1.859268993139266968e-01
2.200388014316558838e-01
4.478391706943511963e-01
4.504423737525939941e-01
7.102208137512207031e-01
1.135926842689514160e-01
2.863374948501586914e-01
1.300630122423171997e-01
4.931339025497436523e-01
8.206346631050109863e-02
2.798960506916046143e-01
3.690058588981628418e-01
3.689698576927185059e-01
7.478889822959899902e-01
4.353874623775482178e-01
6.250338554382324219e-01
9.023364633321762085e-02
9.131965041160583496e-02
1.008881181478500366e-01
1.262737214565277100e-01
1.108835786581039429e-01
9.476439654827117920e-02
4.716889187693595886e-02
8.903446048498153687e-02
1.796388924121856689e-01
7.303232699632644653e-02
5.423263311386108398e-01
1.013945117592811584e-01
2.358709573745727539e-01
1.549021303653717041e-01
6.778477430343627930e-01
2.709767520427703857e-01
1.148530915379524231e-01
1.011620610952377319e-01
2.534902393817901611e-01
1.113048940896987915e-01
5.868540331721305847e-02
5.574055016040802002e-02
8.186515420675277710e-02
1.234049722552299500e-01
1.705615520477294922e-01
7.641427963972091675e-02
8.291761577129364014e-02
7.364445924758911133e-02
3.733473420143127441e-01
4.966244101524353027e-02
2.394821792840957642e-01
8.621433377265930176e-02
3.943330049514770508e-02
8.155082166194915771e-02
1.784743368625640869e-01
9.502895176410675049e-02
9.456804394721984863e-02
3.033677339553833008e-01
1.946625411510467529e-01
1.079718470573425293e-01
1.179512441158294678e-01
8.012451231479644775e-02
6.622911989688873291e-02
8.486068993806838989e-02
8.227754831314086914e-01
1.552997976541519165e-01
2.714757025241851807e-01
8.914102613925933838e-02
5.876038670539855957e-01
3.919842839241027832e-01
7.390131354331970215e-01
2.313032150268554688e-01
1.942781805992126465e-01
8.068643808364868164e-01
1.463306546211242676e-01
6.171979904174804688e-01
8.020246624946594238e-01
8.284767717123031616e-02
4.694088399410247803e-01
3.033471107482910156e-01
5.317412614822387695e-01
5.840920209884643555e-01
8.433129191398620605e-01
6.239795684814453125e-01
6.495020985603332520e-01
2.897123992443084717e-01
1.738013923168182373e-01
1.031202003359794617e-01
1.052533015608787537e-01
2.107004821300506592e-01
4.939941167831420898e-01
3.580263555049896240e-01
6.235241293907165527e-01
6.849709153175354004e-02
5.364618077874183655e-02
8.401113748550415039e-02
3.382056355476379395e-01
6.962697505950927734e-01
1.352166235446929932e-01
2.812428474426269531e-01
3.147664070129394531e-01
1.711867302656173706e-01
2.169848978519439697e-01
1.571356505155563354e-01
2.446159273386001587e-01
8.750156760215759277e-01
1.002508163452148438e+00
7.632843852043151855e-01
3.975113332271575928e-01
7.310054898262023926e-01
9.039579629898071289e-01
7.025633454322814941e-01
7.493027448654174805e-01
5.392303466796875000e-01
7.687857151031494141e-01
8.891994357109069824e-01
3.039139807224273682e-01
3.578838706016540527e-01
9.805613160133361816e-01
3.198018968105316162e-01
2.360206246376037598e-01
1.548797190189361572e-01
1.153752654790878296e-01
5.524152517318725586e-01
4.468470513820648193e-01
7.680491805076599121e-01
3.431282341480255127e-01
3.181950449943542480e-01
5.359355807304382324e-01
6.814830303192138672e-01
5.983514189720153809e-01
1.046944260597229004e+00
9.119324684143066406e-01
7.573602795600891113e-01
2.095739394426345825e-01
7.206518054008483887e-01
8.403322100639343262e-01
8.878578543663024902e-01
6.450276970863342285e-01
5.506775975227355957e-01
6.354981064796447754e-01
7.113628387451171875e-01
9.693962931632995605e-01
9.019119143486022949e-01
6.074531674385070801e-01
6.251913905143737793e-01
2.442133277654647827e-01
5.487614870071411133e-01
1.304216980934143066e-01
8.454548716545104980e-01
7.667658925056457520e-01
5.727077722549438477e-01
1.463179737329483032e-01
8.660032749176025391e-01
4.469501078128814697e-01
2.367298752069473267e-01
8.665661215782165527e-01
1.641360521316528320e-01
8.175580501556396484e-01
8.227894902229309082e-01
8.833616971969604492e-01
6.757137775421142578e-01
6.536816358566284180e-01
6.742336153984069824e-01
9.003948569297790527e-01
2.029646635055541992e-01
2.896871864795684814e-01
1.457004398107528687e-01
7.971643209457397461e-01
5.707088112831115723e-01
1.366178691387176514e-01
5.019773840904235840e-01
6.820375323295593262e-01
8.886066675186157227e-01
9.318220019340515137e-01
8.315405845642089844e-01
8.969701528549194336e-01
1.416623145341873169e-01
2.051652967929840088e-01
6.999330520629882812e-01
6.077148914337158203e-01
9.374356865882873535e-01
6.407393813133239746e-01
1.839228123426437378e-01
8.645969629287719727e-02
2.346206605434417725e-01
7.262768596410751343e-02
5.434994027018547058e-02
1.143168509006500244e-01
1.351554691791534424e-01
1.326870173215866089e-01
6.130341812968254089e-02
9.553259611129760742e-02
6.238789856433868408e-02
1.047807261347770691e-01
7.227662205696105957e-02
3.904192522168159485e-02
5.912631750106811523e-02
1.754096746444702148e-01
1.297828704118728638e-01
7.972003519535064697e-02
3.515292108058929443e-01
9.829232841730117798e-02
9.066139161586761475e-02
7.248691916465759277e-01
3.744598031044006348e-01
3.775681555271148682e-01
1.114106103777885437e-01
8.885994553565979004e-02
4.960559904575347900e-01
4.869830310344696045e-01
2.954401075839996338e-01
5.283737778663635254e-01
6.083717346191406250e-01
8.251449465751647949e-01
8.166772127151489258e-02
1.132084950804710388e-01
6.055023521184921265e-02
8.521573245525360107e-02
7.523507624864578247e-02
1.452718973159790039e-01
1.121070161461830139e-01
1.305666714906692505e-01
1.211420223116874695e-01
1.544985324144363403e-01
1.408944875001907349e-01
7.184693962335586548e-02
1.422653049230575562e-01
1.477358043193817139e-01
4.783489108085632324e-01
1.060813739895820618e-01
2.511768639087677002e-01
1.521818786859512329e-01
1.102319881319999695e-01
1.063205003738403320e-01
2.165172994136810303e-01
1.809003353118896484e-01
1.453753858804702759e-01
1.710885018110275269e-01
2.868257761001586914e-01
2.860202491283416748e-01
1.339657306671142578e-01
5.346690416336059570e-01
1.270529478788375854e-01
4.536385834217071533e-01
1.348042190074920654e-01
1.476814895868301392e-01
9.297659993171691895e-02
1.723531186580657959e-01
7.236803323030471802e-02
1.595991849899291992e-01
2.588514387607574463e-01
5.045388936996459961e-01
8.889681845903396606e-02
3.145435154438018799e-01
9.231311827898025513e-02
5.233839750289916992e-01
1.883595883846282959e-01
2.976254522800445557e-01
5.738453865051269531e-01
4.966503754258155823e-02
3.446621000766754150e-01
6.747263669967651367e-02
5.805706605315208435e-02
2.460290193557739258e-01
4.019169211387634277e-01
1.036619469523429871e-01
2.456675767898559570e-01
7.551332116127014160e-01
4.060735404491424561e-01
5.224612355232238770e-01
4.113653302192687988e-01
1.498610973358154297e-01
8.146519064903259277e-01
3.124018311500549316e-01
1.061798930168151855e-01
1.318077445030212402e-01
5.678711533546447754e-01
3.285746276378631592e-01
5.467500686645507812e-01
2.140382491052150726e-02
8.642026782035827637e-01
1.145710647106170654e-01
6.869687438011169434e-01
6.375461220741271973e-01
1.197303086519241333e-01
1.906765103340148926e-01
2.714238464832305908e-01
6.687380075454711914e-01
1.587843447923660278e-01
8.880578726530075073e-02
5.931737422943115234e-01
7.406801581382751465e-01
3.806489109992980957e-01
1.588596254587173462e-01
2.287449538707733154e-01
9.571575373411178589e-02
4.720583558082580566e-02
8.074369281530380249e-02
9.478417038917541504e-02
5.261124670505523682e-02
1.148839369416236877e-01
8.687458932399749756e-02
8.495876193046569824e-02
3.188807666301727295e-01
1.491599678993225098e-01
2.091872990131378174e-01
3.701533973217010498e-01
2.731852829456329346e-01
3.545080721378326416e-01
7.588937133550643921e-02
2.532098591327667236e-01
6.650259494781494141e-01
4.342203438282012939e-01
4.064416289329528809e-01
5.804678052663803101e-02
1.686321049928665161e-01
1.036846935749053955e-01
1.974044591188430786e-01
1.156784445047378540e-01
4.335331022739410400e-01
2.499001026153564453e-01
2.805974483489990234e-01
4.658553600311279297e-01
2.722100019454956055e-01
1.543218791484832764e-01
1.990882754325866699e-01
9.263128787279129028e-02
2.299207597970962524e-01
9.696298837661743164e-02
1.526180207729339600e-01
9.407545626163482666e-02
9.458561241626739502e-02
1.175827383995056152e-01
1.408835947513580322e-01
8.343632519245147705e-02
8.991143852472305298e-02
1.368888020515441895e-01
7.736051082611083984e-02
1.835430711507797241e-01
1.421206891536712646e-01
1.411089599132537842e-01
1.650573760271072388e-01
9.643685817718505859e-02
6.486228704452514648e-01
8.044326901435852051e-01
3.603913784027099609e-01
4.532418549060821533e-01
2.590990960597991943e-01
4.907427430152893066e-01
4.650690257549285889e-01
3.923706412315368652e-01
6.691278219223022461e-01
1.318592727184295654e-01
4.298136532306671143e-01
4.869071841239929199e-01
3.745362758636474609e-01
7.176799774169921875e-01
6.477675437927246094e-01
6.938296556472778320e-01
5.796105861663818359e-01
7.799593210220336914e-01
4.443882703781127930e-01
8.262950778007507324e-01
8.446909487247467041e-02
5.471438169479370117e-01
2.335808277130126953e-01
4.132347181439399719e-02
1.012043952941894531e+00
7.270030975341796875e-01
9.986573457717895508e-01
8.710637688636779785e-01
5.626534223556518555e-01
7.762832641601562500e-01
3.290989398956298828e-01
3.332393765449523926e-01
2.990547716617584229e-01
4.620511531829833984e-01
1.789388209581375122e-01
5.191572904586791992e-01
5.442230105400085449e-01
5.959098935127258301e-01
2.464332133531570435e-01
6.342670917510986328e-01
8.364537358283996582e-01
2.488010823726654053e-01
3.427394330501556396e-01
5.616796612739562988e-01
3.995081782341003418e-01
4.538338184356689453e-01
3.205591142177581787e-01
8.598430156707763672e-01
5.863513350486755371e-01
5.849561691284179688e-01
5.600432157516479492e-01
7.000559568405151367e-01
9.701504707336425781e-01
7.267802357673645020e-01
1.776475906372070312e-01
6.798310875892639160e-01
4.340044260025024414e-01
3.816770613193511963e-01
3.898043334484100342e-01
6.623804569244384766e-01
6.182363629341125488e-01
9.143657684326171875e-01
7.780213952064514160e-01
7.385995388031005859e-01
4.674256443977355957e-01
9.584398269653320312e-01
5.764308571815490723e-01
9.610373377799987793e-01
2.414277046918869019e-01
1.430884450674057007e-01
6.382493376731872559e-01
5.194084644317626953e-01
5.993312597274780273e-01
3.595837354660034180e-01
9.308434724807739258e-01
7.533745765686035156e-01
5.522632598876953125e-01
5.103678107261657715e-01
1.579286754131317139e-01
4.553166627883911133e-01
1.242977008223533630e-01
5.896993279457092285e-01
5.124405026435852051e-01
1.519328206777572632e-01
6.381914019584655762e-01
7.987127304077148438e-01
8.580172061920166016e-01
8.935337066650390625e-01
8.330239653587341309e-01
5.768269896507263184e-01
9.039762616157531738e-01
7.302876710891723633e-01
4.531314373016357422e-01
7.592229247093200684e-01
8.072878122329711914e-01
7.805510163307189941e-01
6.199035048484802246e-01
2.030765116214752197e-01
5.008039474487304688e-01
8.136568665504455566e-01
7.524041533470153809e-01
9.091157913208007812e-01
9.114934802055358887e-01
6.693593263626098633e-01
7.977189421653747559e-01
4.035379588603973389e-01
5.806179642677307129e-01
2.029327452182769775e-01
7.313208580017089844e-01
9.122015833854675293e-01
5.280441641807556152e-01
8.229006528854370117e-01
7.486944198608398438e-01
7.651765942573547363e-01
6.506021618843078613e-01
5.224073529243469238e-01
1.413436084985733032e-01
4.062619209289550781e-01
7.076709270477294922e-01
5.154800415039062500e-01
9.553564786911010742e-01
1.074964523315429688e+00
8.590888977050781250e-01
6.852458715438842773e-01
2.048118859529495239e-01
9.960157275199890137e-01
3.830600678920745850e-01
4.434329569339752197e-01
6.237122416496276855e-01
4.416075348854064941e-01
4.816936552524566650e-01
1.667944937944412231e-01
8.202142715454101562e-01
9.214357137680053711e-01
7.973349690437316895e-01
9.355345964431762695e-01
4.987239837646484375e-01
8.956456184387207031e-02
6.018100976943969727e-01
7.352344989776611328e-01
8.541137576103210449e-01
1.506115198135375977e-01
5.057586431503295898e-01
6.616804003715515137e-01
9.961820840835571289e-01
7.522355914115905762e-01
4.437373578548431396e-01
9.994802474975585938e-01
2.409653663635253906e-01
2.798873782157897949e-01
2.025500982999801636e-01
2.587962150573730469e-01
1.860205978155136108e-01
1.629483550786972046e-01
1.186014711856842041e-01
4.865180701017379761e-02
1.173586472868919373e-01
7.218202948570251465e-02
6.442284584045410156e-02
1.058455184102058411e-01
1.462847739458084106e-01
1.061923652887344360e-01
9.121441096067428589e-02
1.086527407169342041e-01
1.188156008720397949e-01
5.532012879848480225e-02
5.607238784432411194e-02
9.375166893005371094e-02
1.460816264152526855e-01
1.484722942113876343e-01
1.131299659609794617e-01
1.252318769693374634e-01
1.577642709016799927e-01
3.707292079925537109e-01
1.603570878505706787e-01
1.016696095466613770e-01
2.546714842319488525e-01
2.890855669975280762e-01
6.519960165023803711e-01
1.841278523206710815e-01
6.828128695487976074e-01
2.925785481929779053e-01
1.783517450094223022e-01
3.478617966175079346e-01
6.430875062942504883e-01
1.979364156723022461e-01
1.654153317213058472e-01
1.139105260372161865e-01
8.034241944551467896e-02
3.497524559497833252e-01
2.089420258998870850e-01
3.579324781894683838e-01
4.674271345138549805e-01
3.978129327297210693e-01
2.186748236417770386e-01
1.816001385450363159e-01
3.875706493854522705e-01
2.424791008234024048e-01
8.237814158201217651e-02
9.415324777364730835e-02
3.665477633476257324e-01
9.797377884387969971e-02
4.096170365810394287e-01
1.885975897312164307e-01
3.435001373291015625e-01
4.281045794486999512e-01
2.537541985511779785e-01
1.953003555536270142e-01
3.968306481838226318e-01
8.840721845626831055e-02
4.551521837711334229e-01
4.365057945251464844e-01
1.250813752412796021e-01
1.522148400545120239e-01
2.584297060966491699e-01
2.671804428100585938e-01
7.985548973083496094e-01
1.072624698281288147e-01
1.067470461130142212e-01
1.944234967231750488e-01
1.679890751838684082e-01
3.262236714363098145e-01
3.954415321350097656e-01
7.351858019828796387e-01
7.381785511970520020e-01
7.290908694267272949e-01
1.571355462074279785e-01
1.612491011619567871e-01
5.086444616317749023e-01
1.550962477922439575e-01
3.677947819232940674e-01
1.411193013191223145e-01
1.006192713975906372e-01
1.625742316246032715e-01
4.623812139034271240e-01
7.069470882415771484e-01
5.709900259971618652e-01
2.472195625305175781e-01
4.192333221435546875e-01
7.217281460762023926e-01
7.715717703104019165e-02
3.787517547607421875e-01
8.599073886871337891e-01
2.910453677177429199e-01
2.700577974319458008e-01
5.077615380287170410e-01
6.092821955680847168e-01
1.350948512554168701e-01
5.158657431602478027e-01
2.555670738220214844e-01
2.942384779453277588e-01
4.954104125499725342e-01
5.834127590060234070e-02
6.039695739746093750e-01
2.570406198501586914e-01
4.487805068492889404e-02
1.915395557880401611e-01
1.338334381580352783e-01
7.000898569822311401e-02
6.579935550689697266e-02
9.278209507465362549e-02
6.081337854266166687e-02
7.591874897480010986e-02
1.551209986209869385e-01
4.557327628135681152e-01
2.618664205074310303e-01
1.014667749404907227e-01
2.596682012081146240e-01
6.629462242126464844e-01
2.782107591629028320e-01
3.426318764686584473e-01
4.248366057872772217e-01
2.318385690450668335e-01
3.826254904270172119e-01
3.310801386833190918e-01
8.705446124076843262e-02
1.375892907381057739e-01
2.701038420200347900e-01
1.634963154792785645e-01
1.081019714474678040e-01
2.066546827554702759e-01
7.723446190357208252e-02
6.603828817605972290e-02
4.452414512634277344e-01
1.751119643449783325e-01
8.201301097869873047e-02
6.367553025484085083e-02
9.022495150566101074e-02
1.124486923217773438e-01
1.085908561944961548e-01
9.479917287826538086e-01
5.513985753059387207e-01
1.252499073743820190e-01
6.054420471191406250e-01
6.002157926559448242e-01
9.015557169914245605e-01
7.303835749626159668e-01
7.621310353279113770e-01
5.517143607139587402e-01
8.993204832077026367e-01
5.242721438407897949e-01
5.700717568397521973e-01
8.041126281023025513e-02
1.130619719624519348e-01
1.077664732933044434e+00
8.823485374450683594e-01
6.283285021781921387e-01
7.444256544113159180e-01
7.987756133079528809e-01
1.232028827071189880e-01
8.231428861618041992e-01
2.314137369394302368e-01
6.130179762840270996e-01
5.667762756347656250e-01
7.078013420104980469e-01
2.443616688251495361e-01
7.722463011741638184e-01
7.409904003143310547e-01
2.767871916294097900e-01
5.846781134605407715e-01
4.821986258029937744e-01
7.881049513816833496e-01
8.377764821052551270e-01
5.456289052963256836e-01
4.894884228706359863e-01
2.649197578430175781e-01
7.737197279930114746e-01
6.945376992225646973e-01
4.741519987583160400e-01
7.640858888626098633e-01
6.350468993186950684e-01
5.179643630981445312e-01
9.702235460281372070e-01
8.340016603469848633e-01
4.276208281517028809e-01
6.009918451309204102e-01
7.719832658767700195e-01
7.352431416511535645e-01
9.973533153533935547e-01
8.039983510971069336e-01
5.827772617340087891e-01
7.060660719871520996e-01
2.704360187053680420e-01
2.225907593965530396e-01
6.226784586906433105e-01
1.105944812297821045e-01
1.600383967161178589e-01
2.423321306705474854e-01
1.281236261129379272e-01
2.138863801956176758e-01
1.196392104029655457e-01
1.413696259260177612e-01
8.953570574522018433e-02
7.715898007154464722e-02
1.083543151617050171e-01
1.251526474952697754e-01
1.002847775816917419e-01
5.810697376728057861e-02
3.599900901317596436e-01
4.394140839576721191e-01
3.011863827705383301e-01
1.460057348012924194e-01
4.221430718898773193e-01
6.092320680618286133e-01
5.195986628532409668e-01
9.738951921463012695e-02
1.774135231971740723e-01
3.978634476661682129e-01
1.398843228816986084e-01
9.589552134275436401e-02
1.149919629096984863e-01
1.191670298576354980e-01
4.000363945960998535e-01
4.591802954673767090e-01
5.244756937026977539e-01
6.364969015121459961e-01
1.047145649790763855e-01
3.511965870857238770e-01
1.680242270231246948e-01
1.884977221488952637e-01
6.645286083221435547e-02
6.869133710861206055e-01
8.908778429031372070e-02
2.074641883373260498e-01
9.358728677034378052e-02
3.587581813335418701e-01
1.473849862813949585e-01
2.941188514232635498e-01
1.830891221761703491e-01
2.016053795814514160e-01
1.206533983349800110e-01
2.415412664413452148e-01
7.949765920639038086e-01
1.099728420376777649e-01
1.660410761833190918e-01
6.409288942813873291e-02
9.669087082147598267e-02
6.029446423053741455e-02
3.503238782286643982e-02
2.176123857498168945e-01
1.534007340669631958e-01
7.941487431526184082e-02
3.102307021617889404e-01
8.463296294212341309e-02
1.879560649394989014e-01
3.370250463485717773e-01
7.552907615900039673e-02
3.105499744415283203e-01
1.103669553995132446e-01
3.688694536685943604e-01
3.600508868694305420e-01
5.513791367411613464e-02
1.084663644433021545e-01
9.530219435691833496e-02
1.175392791628837585e-01
1.034492701292037964e-01
2.700367569923400879e-01
2.069032490253448486e-01
1.308691501617431641e-01
6.952404230833053589e-02
1.217510849237442017e-01
8.325093984603881836e-01
3.443499803543090820e-01
3.296873271465301514e-01
6.005196645855903625e-02
3.441493809223175049e-01
7.812392711639404297e-01
2.510343194007873535e-01
1.430093348026275635e-01
6.599873900413513184e-01
3.270999193191528320e-01
4.161432981491088867e-01
4.711721539497375488e-01
1.868595480918884277e-01
5.311698913574218750e-01
2.774192094802856445e-01
5.062619447708129883e-01
7.816093415021896362e-02
8.485075086355209351e-02
3.903352916240692139e-01
5.278850197792053223e-01
1.218811720609664917e-01
2.618446350097656250e-01
1.679952591657638550e-01
2.880800068378448486e-01
8.566977977752685547e-01
8.231181502342224121e-01
2.214019745588302612e-01
8.601865172386169434e-01
1.005555391311645508e+00
6.492378115653991699e-01
2.991418540477752686e-01
5.714316964149475098e-01
1.849078685045242310e-01
3.885965645313262939e-01
6.257772445678710938e-01
9.489442110061645508e-01
1.670162528753280640e-01
6.024482250213623047e-01
1.673297137022018433e-01
7.500329613685607910e-01
8.910925984382629395e-01
7.125014066696166992e-01
3.800910413265228271e-01
9.235339760780334473e-01
5.276519060134887695e-01
5.262663364410400391e-01
8.983873724937438965e-01
5.229418277740478516e-01
6.411201953887939453e-01
5.957866907119750977e-01
5.665161013603210449e-01
4.736059904098510742e-01
4.485471844673156738e-01
5.052974224090576172e-01
5.145156979560852051e-01
3.650053739547729492e-01
7.241603136062622070e-01
1.634828299283981323e-01
5.877385735511779785e-01
1.375743001699447632e-01
3.413862586021423340e-01
6.122530102729797363e-01
5.903621315956115723e-01
7.822223305702209473e-01
5.662623047828674316e-01
7.030134648084640503e-02
6.847919523715972900e-02
7.531860470771789551e-02
8.618049323558807373e-02
4.084406793117523193e-02
2.651043795049190521e-02
4.372920468449592590e-02
1.284492462873458862e-01
7.117416709661483765e-02
1.711251288652420044e-01
1.433162093162536621e-01
7.765617966651916504e-01
8.492465317249298096e-02
5.774964019656181335e-02
4.544973373413085938e-02
7.616464793682098389e-02
1.148744598031044006e-01
3.521108999848365784e-02
8.723881095647811890e-02
1.852080598473548889e-02
3.766216635704040527e-01
5.503151193261146545e-02
1.182314231991767883e-01
9.716714173555374146e-02
2.215728461742401123e-01
7.485556602478027344e-02
2.556172311305999756e-01
2.312310785055160522e-01
1.122151538729667664e-01
5.343092083930969238e-01
4.742885828018188477e-01
4.135871231555938721e-01
6.174778342247009277e-01
2.018504887819290161e-01
4.879447221755981445e-01
3.277983069419860840e-01
2.789929509162902832e-01
7.781971246004104614e-02
1.871305108070373535e-01
4.392671287059783936e-01
1.851210370659828186e-02
3.154116868972778320e-01
1.624118238687515259e-01
1.981554180383682251e-01
1.360709816217422485e-01
6.807662248611450195e-01
5.556176304817199707e-01
8.915030211210250854e-02
5.961578488349914551e-01
4.686650633811950684e-01
5.669173002243041992e-01
7.072626352310180664e-01
7.831956148147583008e-01
9.442399442195892334e-02
3.253949284553527832e-01
6.645172238349914551e-01
9.091474860906600952e-02
3.096238374710083008e-01
5.434861406683921814e-02
4.833360910415649414e-01
7.344906032085418701e-02
1.015884950757026672e-01
1.680702418088912964e-01
5.285890400409698486e-02
2.138770520687103271e-01
9.539408981800079346e-02
2.202912420034408569e-01
8.389013260602951050e-02
1.443796008825302124e-01
2.047268003225326538e-01
7.041283696889877319e-02
1.196510195732116699e-01
1.028976961970329285e-01
4.434334859251976013e-02
1.289706379175186157e-01
7.649265974760055542e-02
5.557148903608322144e-02
9.299194812774658203e-02
1.517604887485504150e-01
2.121378034353256226e-01
2.354313284158706665e-01
2.062605917453765869e-01
5.263932347297668457e-01
1.306324452161788940e-01
2.687425315380096436e-01
1.949342638254165649e-01
5.384717583656311035e-01
5.482660531997680664e-01
2.361603379249572754e-01
6.097407341003417969e-01
3.786236047744750977e-01
9.352689236402511597e-02
2.444728463888168335e-01
2.455691695213317871e-01
5.467864274978637695e-01
2.004454433917999268e-01
2.022974640130996704e-01
2.038492113351821899e-01
2.526742219924926758e-02
1.173586174845695496e-01
1.232921928167343140e-01
9.302318096160888672e-02
9.846343845129013062e-02
8.475663512945175171e-02
5.742118880152702332e-02
8.376268297433853149e-02
1.437165439128875732e-01
1.499094516038894653e-01
9.315504878759384155e-02
5.703451484441757202e-02
7.551982998847961426e-02
1.254869997501373291e-01
1.745470911264419556e-01
1.678450107574462891e-01
3.384030759334564209e-01
1.960667222738265991e-01
9.263914078474044800e-02
2.043089270591735840e-01
1.126302778720855713e-01
1.752074807882308960e-01
8.236882090568542480e-02
7.670222967863082886e-02
6.806176900863647461e-02
2.299361228942871094e-01
4.880230873823165894e-02
1.533021628856658936e-01
5.039062723517417908e-02
1.569430530071258545e-01
5.879136919975280762e-02
3.921023011207580566e-02
8.675709366798400879e-02
1.128388643264770508e-01
3.390625417232513428e-01
7.963658124208450317e-02
3.772468268871307373e-01
6.373093277215957642e-02
9.553729742765426636e-02
6.646690517663955688e-02
1.261128485202789307e-01
1.378618776798248291e-01
1.378065943717956543e-01
1.193168237805366516e-01
3.249714970588684082e-01
9.117279201745986938e-02
1.327187865972518921e-01
9.147479385137557983e-02
7.970765233039855957e-01
6.297508478164672852e-01
7.241146564483642578e-01
2.096434533596038818e-01
1.024881452322006226e-01
5.492839217185974121e-01
4.534336328506469727e-01
1.135736256837844849e-01
4.849189892411231995e-02
1.372297704219818115e-01
7.944861054420471191e-01
8.779079914093017578e-01
3.204035758972167969e-01
7.340969443321228027e-01
2.708010375499725342e-01
1.693205833435058594e-01
1.713249385356903076e-01
1.111291721463203430e-01
1.489726155996322632e-01
7.633981704711914062e-01
9.393483400344848633e-01
1.790461987257003784e-01
4.615383148193359375e-01
3.160277009010314941e-01
4.873952269554138184e-01
4.738226532936096191e-01
2.403235882520675659e-01
4.981172978878021240e-01
6.783684492111206055e-01
6.366754770278930664e-01
4.472522437572479248e-01
4.263200163841247559e-01
4.044809341430664062e-01
1.749068945646286011e-01
4.419984221458435059e-01
4.186891317367553711e-01
2.637011110782623291e-01
4.432816207408905029e-01
6.227434277534484863e-01
5.547770857810974121e-01
5.233331918716430664e-01
5.496286749839782715e-01
1.019179463386535645e+00
7.241292595863342285e-01
6.850748658180236816e-01
6.588304042816162109e-01
4.449477791786193848e-01
2.917044237256050110e-02
9.062028676271438599e-02
1.113945692777633667e-01
6.465395539999008179e-02
2.578499615192413330e-01
2.760238945484161377e-01
9.768661856651306152e-02
2.561781406402587891e-01
4.428838491439819336e-01
5.792254209518432617e-01
1.835465878248214722e-01
1.520019769668579102e-01
5.561057105660438538e-02
7.025973498821258545e-02
4.773767888545989990e-01
4.864112138748168945e-01
7.180022448301315308e-02
6.190003454685211182e-02
2.494798302650451660e-01
6.671295315027236938e-02
3.966260850429534912e-01
2.726511955261230469e-01
4.027835652232170105e-02
8.432035893201828003e-02
9.635371714830398560e-02
1.091954857110977173e-01
5.820513516664505005e-02
1.913877576589584351e-01
1.334642171859741211e-01
3.317500948905944824e-01
9.201554208993911743e-02
1.270662993192672729e-01
7.466184347867965698e-02
1.562134176492691040e-01
6.978820264339447021e-02
2.600639164447784424e-01
1.073502972722053528e-01
2.078867107629776001e-01
9.374208003282546997e-02
2.341732531785964966e-01
8.667195588350296021e-02
1.911674886941909790e-01
3.088283836841583252e-01
3.820614516735076904e-01
2.517349421977996826e-01
1.883170306682586670e-01
1.619303077459335327e-01
4.399147033691406250e-01
9.912035614252090454e-02
1.430328190326690674e-01
1.968065500259399414e-01
9.716869890689849854e-02
9.007101505994796753e-02
1.531000733375549316e-01
1.685410737991333008e-01
1.583752185106277466e-01
8.780878037214279175e-02
9.103687852621078491e-02
3.791784942150115967e-01
4.075368046760559082e-01
2.075795233249664307e-01
2.529392838478088379e-01
1.974286586046218872e-01
7.617709785699844360e-02
1.460481882095336914e-01
1.350171566009521484e-01
2.842535674571990967e-01
8.936765789985656738e-02
1.013289242982864380e-01
1.726717054843902588e-01
1.589699834585189819e-01
1.349597126245498657e-01
1.003426834940910339e-01
1.705804616212844849e-01
6.670787930488586426e-02
9.072913974523544312e-02
8.417532593011856079e-02
6.237236782908439636e-02
1.543897092342376709e-01
2.075105607509613037e-01
1.256517916917800903e-01
9.898392111063003540e-02
1.486480385065078735e-01
7.159606218338012695e-01
4.774576127529144287e-01
1.097437068819999695e-01
6.448677182197570801e-01
2.688269019126892090e-01
5.766302347183227539e-01
3.687932789325714111e-01
4.518435597419738770e-01
4.841173887252807617e-01
9.002317488193511963e-02
3.572743535041809082e-01
6.801657080650329590e-01
2.343358099460601807e-01
1.954611688852310181e-01
4.716330468654632568e-01
7.300046086311340332e-02
1.781120002269744873e-01
1.316973119974136353e-01
6.755357980728149414e-02
1.203845888376235962e-01
8.468120545148849487e-02
7.835669815540313721e-02
2.364131659269332886e-01
2.897002100944519043e-01
8.809658885002136230e-01
6.262518167495727539e-01
1.503766626119613647e-01
4.337427616119384766e-01
2.476062774658203125e-01
6.532387137413024902e-01
6.179036498069763184e-01
2.080381959676742554e-01
6.970605254173278809e-01
7.877519130706787109e-01
7.455334663391113281e-01
7.957455515861511230e-01
6.342586278915405273e-01
2.465427666902542114e-01
9.842805862426757812e-01
6.351557970046997070e-01
6.499536633491516113e-01
7.633960247039794922e-01
2.012251466512680054e-01
5.968921780586242676e-01
2.378254532814025879e-01
3.114611506462097168e-01
5.145230889320373535e-01
1.932392120361328125e-01
6.302032470703125000e-01
6.369789838790893555e-01
6.789377927780151367e-01
8.836532235145568848e-01
1.613995432853698730e-01
5.721119046211242676e-01
4.513704776763916016e-01
7.966291308403015137e-01
1.084429398179054260e-01
7.215235829353332520e-01
1.256853491067886353e-01
5.171868801116943359e-01
9.275912642478942871e-01
2.239653915166854858e-01
5.681188106536865234e-01
3.791956901550292969e-01
2.903226912021636963e-01
7.308349609375000000e-01
8.652191162109375000e-01
9.583961963653564453e-01
7.249957323074340820e-01
7.897285223007202148e-01
1.086366176605224609e+00
8.748262524604797363e-01
9.444869756698608398e-01
1.989642530679702759e-01
7.238746881484985352e-01
9.350811839103698730e-01
3.784546256065368652e-01
2.955662012100219727e-01
5.880192518234252930e-01
7.242314815521240234e-01
4.414475262165069580e-01
1.422678381204605103e-01
9.569055587053298950e-02
1.012847051024436951e-01
9.009472280740737915e-02
1.280796676874160767e-01
1.031172871589660645e-01
1.140720099210739136e-01
9.759046137332916260e-02
1.487103551626205444e-01
9.886878728866577148e-02
8.146230876445770264e-02
1.010842546820640564e-01
1.262378096580505371e-01
1.405412107706069946e-01
1.200142875313758850e-01
6.123385578393936157e-02
8.656180649995803833e-02
4.218865931034088135e-02
1.102193146944046021e-01
1.087869852781295776e-01
1.045513525605201721e-01
5.891378968954086304e-02
7.937173545360565186e-02
9.706523269414901733e-02
1.101452931761741638e-01
8.650571107864379883e-02
1.087858527898788452e-01
7.102862000465393066e-02
5.616201832890510559e-02
8.003104478120803833e-02
1.047661677002906799e-01
2.678941935300827026e-02
1.286751329898834229e-01
1.595778614282608032e-01
1.926812827587127686e-01
6.751842051744461060e-02
2.138937562704086304e-01
1.060603260993957520e-01
9.622297435998916626e-02
1.218890771269798279e-01
5.771568417549133301e-01
3.490369319915771484e-01
2.434314340353012085e-01
2.064682096242904663e-01
1.476124078035354614e-01
5.939141660928726196e-02
4.237724542617797852e-01
8.375033736228942871e-02
6.329734623432159424e-02
7.633570581674575806e-02
2.854561433196067810e-02
8.763292431831359863e-02
1.023101508617401123e-01
4.713559150695800781e-02
9.390308707952499390e-02
1.666578799486160278e-01
1.763746440410614014e-01
1.331609636545181274e-01
1.232687458395957947e-01
9.429446607828140259e-02
1.588282287120819092e-01
1.615261435508728027e-01
1.478972285985946655e-01
1.630618572235107422e-01
8.421288430690765381e-02
1.116356477141380310e-01
2.578788995742797852e-01
2.035716474056243896e-01
1.404813677072525024e-01
8.996513485908508301e-02
1.250058561563491821e-01
5.418696999549865723e-02
1.002262234687805176e-01
1.389612257480621338e-01
1.462170779705047607e-01
1.097648888826370239e-01
8.091962337493896484e-02
7.161220163106918335e-02
1.207804903388023376e-01
4.610654413700103760e-01
1.798796951770782471e-01
4.293633997440338135e-01
1.288785040378570557e-01
3.128440082073211670e-01
1.050508394837379456e-01
6.337822228670120239e-02
1.586829870939254761e-01
2.561216950416564941e-01
5.225100517272949219e-01
6.937350630760192871e-01
2.192477434873580933e-01
1.066761091351509094e-01
4.949434995651245117e-01
3.391210138797760010e-01
1.741025894880294800e-01
1.600788980722427368e-01
4.703983366489410400e-01
8.285779505968093872e-02
7.607016712427139282e-02
1.530324816703796387e-01
8.748930096626281738e-01
2.457121759653091431e-01
1.271403729915618896e-01
1.590574681758880615e-01
9.122636169195175171e-02
1.180069372057914734e-01
4.684037268161773682e-01
7.322611808776855469e-01
1.930483579635620117e-01
6.056015565991401672e-02
2.679027915000915527e-01
1.480444967746734619e-01
1.922278702259063721e-01
4.093694090843200684e-01
2.238720357418060303e-01
1.078812554478645325e-01
1.382783055305480957e-01
2.189347296953201294e-01
3.653672635555267334e-01
6.176066398620605469e-01
1.326460838317871094e-01
4.461045265197753906e-01
5.048164725303649902e-01
1.675588637590408325e-01
2.389698326587677002e-01
4.997530281543731689e-01
8.002233505249023438e-02
5.135579109191894531e-01
2.714143395423889160e-01
4.269175231456756592e-01
1.151875182986259460e-01
7.613307833671569824e-01
9.655199646949768066e-01
2.149084508419036865e-01
1.741293817758560181e-01
1.521266698837280273e-01
1.677400022745132446e-01
1.651371270418167114e-01
8.876518160104751587e-02
2.923845052719116211e-01
6.991706788539886475e-02
9.249816834926605225e-02
6.126140803098678589e-02
1.212301179766654968e-01
1.007385551929473877e-01
1.022756621241569519e-01
1.122043952345848083e-01
9.692317247390747070e-02
1.927863359451293945e-01
3.147537410259246826e-01
1.345036774873733521e-01
1.230488941073417664e-01
9.511726349592208862e-02
1.474687755107879639e-01
1.361713409423828125e-01
4.091245532035827637e-01
1.751651912927627563e-01
1.827774941921234131e-01
1.565415710210800171e-01
1.629575043916702271e-01
1.286912709474563599e-01
3.165934383869171143e-01
2.886087000370025635e-01
2.639164924621582031e-01
2.042199373245239258e-01
1.602888852357864380e-01
9.498554468154907227e-02
2.863757014274597168e-01
1.679507493972778320e-01
4.323686659336090088e-02
4.499416798353195190e-02
1.040852516889572144e-01
1.389535665512084961e-01
2.341884374618530273e-01
6.143416836857795715e-02
3.525245487689971924e-01
3.481248021125793457e-01
6.851467490196228027e-02
7.774265110492706299e-02
1.063119173049926758e-01
7.167424261569976807e-02
2.954260706901550293e-01
1.962128281593322754e-01
2.115405350923538208e-01
9.594109654426574707e-02
9.187207370996475220e-02
4.830381870269775391e-01
3.444600403308868408e-01
2.232579141855239868e-01
8.288212865591049194e-02
7.383845746517181396e-02
5.203512683510780334e-02
9.215778112411499023e-02
6.036079674959182739e-02
1.305102705955505371e-01
1.196587085723876953e-01
3.870893120765686035e-01
5.660783052444458008e-01
1.398429125547409058e-01
5.422168970108032227e-01
8.318369388580322266e-01
3.511652350425720215e-01
1.050488948822021484e-01
7.523317933082580566e-01
3.669969737529754639e-01
7.795816063880920410e-01
2.082576453685760498e-01
4.597910046577453613e-01
1.986984461545944214e-01
9.234987944364547729e-02
3.917625844478607178e-01
8.018657565116882324e-01
8.941358327865600586e-01
5.798472762107849121e-01
4.214959740638732910e-01
5.054374933242797852e-01
7.653579711914062500e-01
7.341575622558593750e-01
7.032973170280456543e-01
7.308148741722106934e-01
8.463179469108581543e-01
4.457596838474273682e-01
1.364689320325851440e-01
1.665436625480651855e-01
4.457328021526336670e-01
7.594576478004455566e-01
9.800064563751220703e-01
5.943136811256408691e-01
6.706667542457580566e-01
4.067801833152770996e-01
7.698078751564025879e-01
4.505514502525329590e-01
2.114338576793670654e-01
5.371620655059814453e-01
4.689006805419921875e-01
3.060596287250518799e-01
5.473792552947998047e-01
3.551625013351440430e-01
3.277514278888702393e-01
5.877323150634765625e-01
5.643751025199890137e-01
6.372266411781311035e-01
6.235738992691040039e-01
7.411922216415405273e-01
7.150133848190307617e-01
7.343308329582214355e-01
7.050252556800842285e-01
8.608359098434448242e-01
7.165204286575317383e-01
2.330286651849746704e-01
6.684070825576782227e-01
6.695632338523864746e-01
6.256370544433593750e-01
1.884806156158447266e-01
2.951126992702484131e-01
5.959916710853576660e-01
3.989159166812896729e-01
2.033714652061462402e-01
7.810412049293518066e-01
6.090312600135803223e-01
1.550542116165161133e-01
1.140275076031684875e-01
2.636309564113616943e-01
1.393260359764099121e-01
5.402062535285949707e-01
8.916632533073425293e-01
2.585778236389160156e-01
7.081051468849182129e-01
3.436991572380065918e-01
8.743301033973693848e-01
9.777650833129882812e-01
9.305505752563476562e-01
1.561388969421386719e-01
7.981019616127014160e-01
7.852907776832580566e-01
8.391698002815246582e-01
7.154306769371032715e-01
1.715550571680068970e-01
6.915706992149353027e-01
8.049473762512207031e-01
8.792583346366882324e-01
9.471011161804199219e-01
9.518417119979858398e-01
1.002514719963073730e+00
5.369408130645751953e-01
9.416503310203552246e-01
7.825865745544433594e-01
8.988896608352661133e-01
5.267409086227416992e-01
9.195233583450317383e-01
4.478771686553955078e-01
3.572511076927185059e-01
6.496593952178955078e-01
2.048810720443725586e-01
4.716740250587463379e-01
6.994908452033996582e-01
8.515226244926452637e-01
1.230743676424026489e-01
6.889804601669311523e-01
6.028427481651306152e-01
5.468518137931823730e-01
6.995800733566284180e-01
2.738876938819885254e-01
9.049538373947143555e-01
1.027520418167114258e+00
8.644995689392089844e-01
2.943570911884307861e-01
7.590528726577758789e-01
7.250819206237792969e-01
7.587664127349853516e-01
7.246029973030090332e-01
8.968825340270996094e-01
7.661556601524353027e-01
7.061828970909118652e-01
6.548539996147155762e-01
4.242891371250152588e-01
4.909963011741638184e-01
5.289789438247680664e-01
5.662797093391418457e-01
7.685765624046325684e-01
3.716819286346435547e-01
6.971365213394165039e-01
5.754540562629699707e-01
4.622591733932495117e-01
7.075825929641723633e-01
5.189914703369140625e-01
9.136061668395996094e-01
9.237326979637145996e-01
1.767803132534027100e-01
2.591152787208557129e-01
8.235237598419189453e-01
8.153747320175170898e-01
5.638102889060974121e-01
2.263440191745758057e-01
7.799074053764343262e-01
7.653716802597045898e-01
4.342921078205108643e-01
4.309185147285461426e-01
6.852753162384033203e-01
8.106787204742431641e-01
5.512398481369018555e-01
6.981750130653381348e-01
4.983551800251007080e-02
1.658247560262680054e-01
9.878902882337570190e-02
8.483697474002838135e-02
1.425463110208511353e-01
3.756801411509513855e-02
1.092149987816810608e-01
7.917796820402145386e-02
3.100088611245155334e-02
6.006336212158203125e-02
1.399679034948348999e-01
1.000910475850105286e-01
7.929477840662002563e-02
8.846403658390045166e-02
6.829959154129028320e-02
5.798143148422241211e-01
5.928747057914733887e-01
1.180562451481819153e-01
2.426042258739471436e-01
2.279026657342910767e-01
3.971693813800811768e-01
4.879257977008819580e-01
3.758746981620788574e-01
1.822921931743621826e-01
6.874413043260574341e-02
2.004125118255615234e-01
5.442700386047363281e-01
3.517875075340270996e-01
8.354179561138153076e-02
1.154382079839706421e-01
7.000762224197387695e-02
6.724106520414352417e-02
7.718784362077713013e-02
1.035204157233238220e-01
5.206650495529174805e-02
1.255629509687423706e-01
1.676371395587921143e-01
1.004231795668601990e-01
1.495588421821594238e-01
7.437420636415481567e-02
4.599964320659637451e-01
6.684255599975585938e-02
2.367545813322067261e-01
1.482213586568832397e-01
1.780594885349273682e-01
1.479156166315078735e-01
9.123786538839340210e-02
7.962319254875183105e-02
8.231323212385177612e-02
1.095218583941459656e-01
1.060422137379646301e-01
2.241867929697036743e-01
1.399111002683639526e-01
3.446735739707946777e-01
1.089260280132293701e-01
6.678667664527893066e-02
4.675994813442230225e-01
6.631927490234375000e-01
2.729350328445434570e-01
2.854715883731842041e-01
6.580178141593933105e-01
6.532879173755645752e-02
7.883103936910629272e-02
8.056280016899108887e-02
1.028197035193443298e-01
1.235291734337806702e-01
4.458655118942260742e-01
1.970647573471069336e-01
5.343800187110900879e-01
1.984196752309799194e-01
2.156580537557601929e-01
5.478651449084281921e-02
4.183698296546936035e-01
1.123675182461738586e-01
7.777019739151000977e-01
1.062479615211486816e-01
1.514973789453506470e-01
2.253870666027069092e-01
9.738627821207046509e-02
7.051451504230499268e-02
1.943290680646896362e-01
1.201398000121116638e-01
1.903710961341857910e-01
1.850834488868713379e-01
6.065532937645912170e-02
1.935238987207412720e-01
2.488889992237091064e-01
1.043856889009475708e-01
7.843262553215026855e-01
5.461609363555908203e-01
8.674842864274978638e-02
1.036693826317787170e-01
1.089630573987960815e-01
2.652912735939025879e-01
5.184972882270812988e-01
6.956429481506347656e-01
1.775155514478683472e-01
2.180745750665664673e-01
6.173583865165710449e-01
6.557613611221313477e-01
4.280553460121154785e-01
5.890341848134994507e-02
1.980055570602416992e-01
1.031418442726135254e-01
1.031124964356422424e-01
1.688612550497055054e-01
4.371743276715278625e-02
6.917813420295715332e-02
2.652974799275398254e-02
8.774512261152267456e-02
3.519626334309577942e-02
1.371601969003677368e-01
1.717371940612792969e-01
2.844403982162475586e-01
1.506113708019256592e-01
1.329510957002639771e-01
1.019080802798271179e-01
1.199019476771354675e-01
1.342825740575790405e-01
2.187125682830810547e-01
6.715153902769088745e-02
1.154900193214416504e-01
6.526812911033630371e-02
8.210216462612152100e-02
1.593038439750671387e-01
1.371787786483764648e-01
3.106431961059570312e-01
8.532556146383285522e-02
9.728768467903137207e-02
6.991598010063171387e-02
8.126538991928100586e-02
1.840206533670425415e-01
6.833267211914062500e-01
5.757862329483032227e-01
6.991168260574340820e-01
5.019798278808593750e-01
3.415470719337463379e-01
4.768894314765930176e-01
3.704680129885673523e-02
2.081300318241119385e-01
1.269396543502807617e-01
6.511797904968261719e-01
6.248427629470825195e-01
1.619096547365188599e-01
5.507208704948425293e-01
3.723818063735961914e-01
3.427667021751403809e-01
3.711877167224884033e-01
2.086718082427978516e-01
6.713642477989196777e-01
1.068502366542816162e-01
5.897154211997985840e-01
9.181923270225524902e-01
1.381660550832748413e-01
7.319884002208709717e-02
5.593667551875114441e-02
2.710456214845180511e-02
9.137029647827148438e-01
8.171730041503906250e-01
4.726468324661254883e-01
3.018448650836944580e-01
2.043130844831466675e-01
7.867010235786437988e-01
5.592198967933654785e-01
7.137428522109985352e-01
4.364119172096252441e-01
8.592042922973632812e-01
4.582527279853820801e-01
4.573558270931243896e-01
5.379197001457214355e-01
7.533383965492248535e-01
7.831395268440246582e-01
1.770433485507965088e-01
7.007268667221069336e-01
4.887112379074096680e-01
6.033089756965637207e-01
6.652287840843200684e-01
3.964203000068664551e-01
1.089593887329101562e+00
8.432766795158386230e-01
8.774410486221313477e-01
8.533671498298645020e-01
3.316260874271392822e-01
5.026393532752990723e-01
9.583093523979187012e-01
5.039325356483459473e-01
5.921354293823242188e-01
6.427079439163208008e-01
4.660053551197052002e-01
1.625940352678298950e-01
6.560531258583068848e-01
8.041735887527465820e-01
5.044359564781188965e-01
4.684216082096099854e-01
5.416615009307861328e-01
9.068411588668823242e-01
6.419155597686767578e-01
8.976034522056579590e-01
1.357267498970031738e-01
1.165344417095184326e-01
1.536763161420822144e-01
4.651430845260620117e-01
1.849861443042755127e-01
2.134125381708145142e-01
6.789553165435791016e-01
5.649955272674560547e-01
1.250747442245483398e-01
6.812269240617752075e-02
6.689847260713577271e-02
8.204395323991775513e-02
7.270062714815139771e-02
3.862087428569793701e-02
4.213137552142143250e-02
6.847657263278961182e-02
6.525957584381103516e-02
1.051592603325843811e-01
6.944879144430160522e-02
7.397779077291488647e-02
8.694282919168472290e-02
1.137801557779312134e-01
1.290922611951828003e-01
1.134386658668518066e-01
5.985243618488311768e-02
1.057874485850334167e-01
2.939493358135223389e-01
5.523334443569183350e-02
1.397636681795120239e-01
4.272973239421844482e-01
1.802620589733123779e-01
5.786020755767822266e-01
5.041046738624572754e-01
1.283324807882308960e-01
7.929311692714691162e-02
1.093964427709579468e-01
7.777944952249526978e-02
1.234641596674919128e-01
6.591178476810455322e-02
9.367296099662780762e-02
8.821202814579010010e-02
3.378250896930694580e-01
1.102551966905593872e-01
8.837351948022842407e-02
1.285885274410247803e-01
4.927714765071868896e-01
1.218788772821426392e-01
5.060721635818481445e-01
3.965283036231994629e-01
1.297111809253692627e-01
1.021931618452072144e-01
1.399047225713729858e-01
8.688361942768096924e-02
1.873068958520889282e-01
1.113300696015357971e-01
9.344029426574707031e-02
2.290102094411849976e-01
1.206349283456802368e-01
9.158205240964889526e-02
3.640778362751007080e-01
3.404913246631622314e-01
3.857350051403045654e-01
3.472523763775825500e-02
1.570682525634765625e-01
2.282919138669967651e-01
3.398349881172180176e-01
5.049450993537902832e-01
1.644100993871688843e-01
4.252107068896293640e-02
6.453627347946166992e-02
5.930997431278228760e-02
7.375087589025497437e-02
2.021936178207397461e-01
4.144321680068969727e-01
6.488354802131652832e-01
2.335175424814224243e-01
2.238453775644302368e-01
7.156579196453094482e-02
6.965189576148986816e-01
2.907716929912567139e-01
2.334693074226379395e-01
1.612565219402313232e-01
1.403744518756866455e-01
1.090440154075622559e-01
5.775849223136901855e-01
5.006216168403625488e-01
4.558458924293518066e-02
2.322625815868377686e-01
8.176729679107666016e-01
7.024262100458145142e-02
8.263218402862548828e-02
1.050485596060752869e-01
1.343773603439331055e-01
2.216980010271072388e-01
1.265211105346679688e-01
3.904576897621154785e-01
1.218884810805320740e-01
5.293760076165199280e-02
4.865499138832092285e-01
5.234982371330261230e-01
1.916877329349517822e-01
7.487511634826660156e-02
6.421715766191482544e-02
9.809752553701400757e-02
1.334983557462692261e-01
9.455963969230651855e-02
1.062337830662727356e-01
1.587266772985458374e-01
1.369725912809371948e-01
1.092219799757003784e-01
1.158439144492149353e-01
5.758714675903320312e-02
7.774992287158966064e-02
1.250153928995132446e-01
1.068905666470527649e-01
1.660133600234985352e-01
2.252290397882461548e-01
1.657217890024185181e-01
5.049962550401687622e-02
1.077624708414077759e-01
6.315627694129943848e-02
6.187753081321716309e-01
5.117630958557128906e-01
3.747099339962005615e-01
2.268313467502593994e-01
3.157143294811248779e-01
1.405103206634521484e-01
7.840646058320999146e-02
4.506177902221679688e-01
5.169800519943237305e-01
3.487714529037475586e-01
2.609379291534423828e-01
2.476749569177627563e-01
7.580836117267608643e-02
2.404576987028121948e-01
2.406059801578521729e-01
6.641864180564880371e-01
3.036485910415649414e-01
1.217197254300117493e-01
3.319293558597564697e-01
6.924953460693359375e-01
4.965320527553558350e-01
5.004063844680786133e-01
2.758786082267761230e-01
3.982473015785217285e-01
7.259527593851089478e-02
8.394848108291625977e-01
9.932876229286193848e-01
9.341304302215576172e-01
8.344802856445312500e-01
7.859429717063903809e-01
9.944506883621215820e-01
5.156409144401550293e-01
1.452879011631011963e-01
2.335060983896255493e-01
4.259989559650421143e-01
7.337048053741455078e-01
8.361372351646423340e-01
8.108037114143371582e-01
7.050706744194030762e-01
6.409360766410827637e-01
5.490929484367370605e-01
8.075048327445983887e-01
4.772332608699798584e-01
4.823250472545623779e-01
7.237489819526672363e-01
3.745706081390380859e-01
5.147951245307922363e-01
5.284196138381958008e-01
1.201499924063682556e-01
1.009976029396057129e+00
6.037984490394592285e-01
1.915203183889389038e-01
5.934427380561828613e-01
9.879859685897827148e-01
2.717718183994293213e-01
9.706981182098388672e-01
6.617414951324462891e-01
7.210789918899536133e-01
5.133607387542724609e-01
8.407432436943054199e-01
6.318737268447875977e-01
2.870739996433258057e-01
5.050458312034606934e-01
6.155543923377990723e-01
3.441771864891052246e-01
4.744950234889984131e-01
7.022578716278076172e-01
7.200773358345031738e-01
8.288850188255310059e-01
1.009322285652160645e+00
7.758023738861083984e-01
4.903674423694610596e-01
8.996524810791015625e-01
7.070444226264953613e-01
6.231352686882019043e-01
8.932060599327087402e-01
6.368165612220764160e-01
5.878965258598327637e-01
3.053357303142547607e-01
7.505284547805786133e-01
6.080164909362792969e-01
5.053663849830627441e-01
7.480040788650512695e-01
2.742534875869750977e-01
6.310365200042724609e-01
7.523884177207946777e-01
6.734825372695922852e-01
7.671931982040405273e-01
3.968439996242523193e-01
9.730924963951110840e-01
6.676017045974731445e-01
2.641909718513488770e-01
3.372615277767181396e-01
4.742860794067382812e-01
9.476470351219177246e-01
2.921743392944335938e-01
1.640537083148956299e-01
1.453950703144073486e-01
9.933114051818847656e-02
1.341562420129776001e-01
1.344537585973739624e-01
2.634735703468322754e-01
1.710762530565261841e-01
6.273821741342544556e-02
7.303792983293533325e-02
5.450999364256858826e-02
6.872386485338211060e-02
9.212880581617355347e-02
6.553434580564498901e-02
5.158428847789764404e-02
4.128347709774971008e-02
5.084175243973731995e-02
3.749754726886749268e-01
6.511686742305755615e-02
3.087789714336395264e-01
1.072376072406768799e-01
3.693310320377349854e-01
2.908507883548736572e-01
4.460822045803070068e-01
5.685110092163085938e-01
1.377745866775512695e-01
1.009658798575401306e-01
7.849013805389404297e-02
1.251825392246246338e-01
7.361856848001480103e-02
1.189076527953147888e-01
5.698017776012420654e-02
1.361977607011795044e-01
1.247464120388031006e-01
1.314421743154525757e-01
3.655928671360015869e-01
9.912241250276565552e-02
8.866018801927566528e-02
1.454114466905593872e-01
1.625441759824752808e-01
3.736449778079986572e-01
7.858353853225708008e-02
5.564986914396286011e-02
1.862448751926422119e-01
5.820038169622421265e-02
8.674690872430801392e-02
1.486256569623947144e-01
2.375956922769546509e-01
2.495513111352920532e-01
1.002359315752983093e-01
3.408910334110260010e-01
2.996965944766998291e-01
1.481151729822158813e-01
9.375672042369842529e-02
1.722869426012039185e-01
3.325892388820648193e-01
2.007163166999816895e-01
1.664253026247024536e-01
2.165780812501907349e-01
1.255920976400375366e-01
1.065959185361862183e-01
2.103570401668548584e-01
1.806128919124603271e-01
8.716051578521728516e-01
4.457595944404602051e-01
8.885236084461212158e-02
2.979067265987396240e-01
7.445993423461914062e-01
3.200337290763854980e-01
7.355501502752304077e-02
4.538537561893463135e-01
1.721798181533813477e-01
1.031981185078620911e-01
1.962793320417404175e-01
4.092467725276947021e-01
1.495721787214279175e-01
1.726338118314743042e-01
1.357579231262207031e-01
1.068934947252273560e-01
1.032153218984603882e-01
1.216110885143280029e-01
1.763010472059249878e-01
1.736879348754882812e-01
1.326879709959030151e-01
1.038870289921760559e-01
9.290474653244018555e-02
1.878960877656936646e-01
6.929387897253036499e-02
1.265964508056640625e-01
1.133574321866035461e-01
3.224800825119018555e-01
2.487502992153167725e-01
6.957200169563293457e-02
2.584156095981597900e-01
5.929778143763542175e-02
2.447827905416488647e-01
7.370230555534362793e-02
1.103262975811958313e-01
2.993018329143524170e-01
1.284243166446685791e-01
6.144693493843078613e-02
7.105959951877593994e-02
7.484925985336303711e-01
2.507769763469696045e-01
1.057824119925498962e-01
1.291370391845703125e-01
1.425677090883255005e-01
6.725358963012695312e-01
8.730433583259582520e-01
7.797844409942626953e-01
6.700434088706970215e-01
8.043587803840637207e-01
4.344133138656616211e-01
1.229654476046562195e-01
7.865343093872070312e-01
8.578981757164001465e-01
9.727184176445007324e-01
8.511782884597778320e-01
1.690879911184310913e-01
4.568726420402526855e-01
9.262052774429321289e-01
8.827645182609558105e-01
1.727308332920074463e-01
8.369432091712951660e-01
8.216011524200439453e-01
5.727529525756835938e-01
8.015515804290771484e-01
8.837832212448120117e-01
6.931593418121337891e-01
1.381399780511856079e-01
1.143441647291183472e-01
1.403921544551849365e-01
2.240488231182098389e-01
1.473260968923568726e-01
1.110474094748497009e-01
6.628679633140563965e-01
1.332357525825500488e-01
6.203799247741699219e-01
1.458712667226791382e-01
8.289725333452224731e-02
1.518288999795913696e-01
8.128062635660171509e-02
1.663655191659927368e-01
1.099206209182739258e-01
7.727590948343276978e-02
1.058904752135276794e-01
1.722527146339416504e-01
2.032031863927841187e-01
1.000550463795661926e-01
8.585953712463378906e-02
1.561509072780609131e-01
8.622612059116363525e-02
2.037843167781829834e-01
3.287186026573181152e-01
9.047086834907531738e-01
7.084235548973083496e-02
2.916868031024932861e-01
4.963566735386848450e-02
2.249023467302322388e-01
8.458310961723327637e-01
3.719164431095123291e-01
1.073089390993118286e-01
2.474303841590881348e-01
1.040640324354171753e-01
2.520599067211151123e-01
1.984114646911621094e-01
4.311092495918273926e-01
1.738175004720687866e-01
2.277142405509948730e-01
3.015887439250946045e-01
2.538889944553375244e-01
6.466500163078308105e-01
3.981368243694305420e-01
1.225152313709259033e-01
2.579247951507568359e-01
2.147285789251327515e-01
1.432210057973861694e-01
1.665468961000442505e-01
1.105894669890403748e-01
5.590688809752464294e-02
8.654538542032241821e-02
1.777366250753402710e-01
2.020874619483947754e-01
1.364046186208724976e-01
1.388484090566635132e-01
1.460128873586654663e-01
1.835094839334487915e-01
2.608066201210021973e-01
5.212998986244201660e-01
9.851112961769104004e-02
2.728543281555175781e-01
1.433565765619277954e-01
2.159288972616195679e-01
3.035727143287658691e-01
4.301044046878814697e-01
1.981690078973770142e-01
1.096990853548049927e-01
1.391192376613616943e-01
1.366488784551620483e-01
5.870193988084793091e-02
9.959024786949157715e-01
5.889482498168945312e-01
4.255933463573455811e-01
3.091355860233306885e-01
2.859741747379302979e-01
4.993967711925506592e-01
2.907756567001342773e-01
3.015578091144561768e-01
3.807958960533142090e-01
7.318434119224548340e-01
5.567879676818847656e-01
3.237926065921783447e-01
8.992059230804443359e-01
6.318813562393188477e-01
4.851836264133453369e-01
4.444217979907989502e-01
5.977050065994262695e-01
7.442736029624938965e-01
2.861266434192657471e-01
3.277926445007324219e-01
5.992887020111083984e-01
6.675873398780822754e-01
1.056915163993835449e+00
1.247277185320854187e-01
6.819856166839599609e-02
1.218291148543357849e-01
9.829943776130676270e-01
1.072656154632568359e+00
1.079861998558044434e+00
1.114167571067810059e+00
6.693490147590637207e-01
8.250871300697326660e-01
4.806364178657531738e-01
8.141729831695556641e-01
3.285662531852722168e-01
7.597033977508544922e-01
9.086397886276245117e-01
8.871150016784667969e-01
8.397948741912841797e-01
8.858526349067687988e-01
9.854933023452758789e-01
8.816424012184143066e-01
8.798376321792602539e-01
8.245668411254882812e-01
8.700243234634399414e-01
8.551492691040039062e-01
5.031353235244750977e-01
3.409463763236999512e-01
8.015375137329101562e-01
2.189230322837829590e-01
9.099962115287780762e-01
5.211616158485412598e-01
8.188809752464294434e-01
8.522466421127319336e-01
1.132101535797119141e+00
9.570789337158203125e-01
7.889549732208251953e-01
7.008600234985351562e-01
9.065459370613098145e-01
6.973114609718322754e-01
7.342085838317871094e-01
8.269462585449218750e-01
8.559892773628234863e-01
8.758603930473327637e-01
6.349949836730957031e-01
8.674279451370239258e-01
2.574836313724517822e-01
8.181040883064270020e-01
1.075812935829162598e+00
2.298897653818130493e-01
1.037349224090576172e+00
9.418872594833374023e-01
7.606666088104248047e-01
9.735941886901855469e-01
2.159948647022247314e-01
6.395414471626281738e-01
6.717038750648498535e-01
9.693349003791809082e-01
6.868778467178344727e-01
7.513784170150756836e-01
7.923498153686523438e-01
8.173534870147705078e-01
9.136937260627746582e-01
7.326682209968566895e-01
4.385050833225250244e-01
9.392400383949279785e-01
1.053940415382385254e+00
9.067714810371398926e-01
8.494716286659240723e-01
7.924344539642333984e-01
8.494125008583068848e-01
4.656876921653747559e-01
7.561293840408325195e-01
7.678686976432800293e-01
5.897517204284667969e-01
8.369764685630798340e-01
7.256685495376586914e-01
7.785435914993286133e-01
2.185188680887222290e-01
6.642225384712219238e-01
7.200336456298828125e-01
7.762199640274047852e-01
6.938214898109436035e-01
2.637917995452880859e-01
1.007718324661254883e+00
9.973555803298950195e-01
1.024106502532958984e+00
1.005774378776550293e+00
9.598583579063415527e-01
7.038604021072387695e-01
6.886174678802490234e-01
1.003388047218322754e+00
7.384071946144104004e-01
7.293024659156799316e-01
8.885934948921203613e-01
5.158406496047973633e-01
1.516104936599731445e-01
1.118840336799621582e+00
8.381086587905883789e-01
8.908595442771911621e-01
2.357573807239532471e-01
9.973150491714477539e-01
6.736398935317993164e-01
1.699512153863906860e-01
8.476011157035827637e-01
8.697483539581298828e-01
6.957925558090209961e-01
9.367139935493469238e-01
1.082303881645202637e+00
3.035590350627899170e-01
2.481206357479095459e-01
8.518866449594497681e-02
3.818869590759277344e-01
4.007605910301208496e-01
3.151669204235076904e-01
3.730156719684600830e-01
3.785782754421234131e-01
1.451427340507507324e-01
8.541993051767349243e-02
1.370366662740707397e-01
1.168258860707283020e-01
6.472399085760116577e-02
8.186402171850204468e-02
1.399575620889663696e-01
8.689872920513153076e-02
7.107218354940414429e-02
5.634489282965660095e-02
1.134529486298561096e-01
1.405999362468719482e-01
2.227814644575119019e-01
1.301110982894897461e-01
7.932586669921875000e-01
3.310644924640655518e-01
5.049203038215637207e-01
8.021612763404846191e-01
2.898094356060028076e-01
7.549458742141723633e-01
7.138581275939941406e-01
1.566854566335678101e-01
7.310966253280639648e-01
4.268562197685241699e-01
1.080453619360923767e-01
1.612135767936706543e-01
1.304103285074234009e-01
1.420536041259765625e-01
1.439628601074218750e-01
2.934880256652832031e-01
1.188498362898826599e-01
1.683554798364639282e-01
1.476812064647674561e-01
3.015611767768859863e-01
3.514655232429504395e-01
1.127511709928512573e-01
1.357734352350234985e-01
1.358634233474731445e-01
1.205538213253021240e-01
2.957500517368316650e-01
1.979277729988098145e-01
1.663330346345901489e-01
2.124668359756469727e-01
2.498228698968887329e-01
6.840541958808898926e-01
3.051753342151641846e-01
9.227347373962402344e-02
4.579114615917205811e-01
1.376302838325500488e-01
1.433873772621154785e-01
1.956794261932373047e-01
3.192539513111114502e-01
6.615162491798400879e-01
4.482102692127227783e-01
2.213559895753860474e-01
4.125314950942993164e-01
3.605999052524566650e-01
8.582864999771118164e-01
3.030352294445037842e-01
8.201735466718673706e-02
4.619230926036834717e-01
3.169012069702148438e-01
6.190925836563110352e-01
1.508386433124542236e-01
7.332967519760131836e-01
7.886176109313964844e-01
1.816919595003128052e-01
9.036126732826232910e-01
5.897570848464965820e-01
3.235339522361755371e-01
4.417417347431182861e-01
8.749389052391052246e-01
6.416081190109252930e-01
7.370427846908569336e-01
3.548788726329803467e-01
3.893451392650604248e-01
7.863215208053588867e-01
2.214851379394531250e-01
6.568670868873596191e-01
3.090050518512725830e-01
5.050588846206665039e-01
6.839654445648193359e-01
4.989066421985626221e-01
6.516993045806884766e-01
3.075597584247589111e-01
1.115639358758926392e-01
2.503657639026641846e-01
8.573159575462341309e-02
1.637587547302246094e-01
1.243327409029006958e-01
1.123031824827194214e-01
