0.164071119975
0.121887091633
0.111768291574
0.107933977572
0.104268292768
0.101926450639
0.0996503585391
0.0986867399834
0.0969721329684
0.0962705275844
0.09572364582
0.0955246328119
0.094221721403
0.0943075150262
0.0936419410423
0.0934924290159
0.0929685277381
0.0927594210054
0.0928050958187
0.0924037157697
0.0901961662689
0.090028429747
0.0886589506678
0.0887590367459
0.0885297600147
0.0881761690197
0.0875598751665
0.0877348698962
0.0886409302498
0.0880769552895
0.0879154639209
0.0880197119617
0.088412023153
0.0878642195847
0.0880296467612
0.0871838874545
0.0876755310316
0.0875102875386
0.086392868427
0.0867188395831
0.0869294626559
0.087148961614
0.0863517013068
0.0865197259435
0.0857743164075
0.0863731673939
0.0866514495238
0.0862511973992
0.0861718863637
0.0861564664555
