0.484272459833
0.662119622246
0.698330182735
0.705347477809
0.709035884133
0.741966321053
0.73884057971
0.748338081671
0.768636768637
0.762665118305
0.75787811356
0.76189784204
0.764025194082
0.766305517687
0.761754133717
0.771753388719
0.772816665453
0.779515938607
0.772637866977
0.772645470906
0.779074857727
0.780747881975
0.779183020788
0.778332248499
0.778131327741
0.781447124304
0.78155448122
0.778938079129
0.785798816568
0.78022544758
0.781906300485
0.781419166057
0.783453920924
0.786865760345
0.784440842788
0.783348121857
0.7850261087
0.782302443319
0.78595194085
0.78200996191
0.781111514711
0.786052009456
0.784137728075
0.78265963679
0.784446571913
0.786087981726
0.784969910465
0.787560939577
0.78895404944
0.785614061
