0.0020000000949949026
0.0020000000949949026
0.0020000000949949026
0.0020000000949949026
0.0020000000949949026
0.0020000000949949026
0.0020000000949949026
0.0020000000949949026
0.0020000000949949026
0.0020000000949949026
0.0020000000949949026
0.0020000000949949026
0.0020000000949949026
0.0020000000949949026
0.0020000000949949026
0.0020000000949949026
0.0020000000949949026
0.0020000000949949026
0.0020000000949949026
0.0020000000949949026
0.00039999998989515007
0.00039999998989515007
0.00039999998989515007
0.00039999998989515007
0.00039999998989515007
0.00039999998989515007
0.00039999998989515007
0.00039999998989515007
0.00039999998989515007
0.00039999998989515007
0.00039999998989515007
0.00039999998989515007
0.00039999998989515007
0.00039999998989515007
0.00039999998989515007
0.00039999998989515007
0.00039999998989515007
0.00039999998989515007
0.00039999998989515007
0.00039999998989515007
7.999999797903001e-05
7.999999797903001e-05
7.999999797903001e-05
7.999999797903001e-05
7.999999797903001e-05
7.999999797903001e-05
7.999999797903001e-05
7.999999797903001e-05
7.999999797903001e-05
7.999999797903001e-05
