0.65394655481
0.75989347958
0.793301376819
0.807193589462
0.81038998736
0.83486545631
0.834229050315
0.840909437283
0.854948586679
0.853522555606
0.851215165781
0.852733046867
0.853285048575
0.858255710668
0.854196975523
0.860325535292
0.861272189573
0.864645074449
0.861103555509
0.85665040047
0.866105163902
0.867300959161
0.866806487322
0.866921401635
0.866768095296
0.865281364104
0.865009275164
0.864721683991
0.869313253916
0.865465238638
0.867358518114
0.867584594793
0.869393586321
0.869447451497
0.868876282861
0.867393100022
0.869627457744
0.867810758725
0.869497215706
0.867849063496
0.868466011714
0.869711832946
0.868849437528
0.868423954995
0.868941432965
0.870167883674
0.869934041337
0.870949772178
0.8712411153
0.869420547994
