0.444059817225
0.449704142012
0.456066579063
0.48237505875
0.47640106748
0.496539134403
0.491482182536
0.492493422071
0.505525064032
0.507335907336
0.494738471062
0.50624308519
0.495094833224
0.500038980276
0.516129032258
0.497312730937
0.508015789898
0.514637418133
0.509169536318
0.500575373993
0.506456953642
0.516706535998
0.503225806452
0.511361879734
0.504397032959
0.503302722732
0.502098012826
0.516580468512
0.502453222453
0.515755822804
0.508388988435
0.498991935484
0.507635097713
0.504666881236
0.505754632275
0.508471989009
0.506720977597
0.520092735703
0.504771146693
0.510510983387
0.497569444444
0.519889840881
0.510921177588
0.501645153126
0.498552205757
0.510509602299
0.505681353715
0.507037798513
0.510226557583
0.520107628536
0.510350255805
0.504425448218
0.509079273658
0.505169134067
0.498519834221
0.497964500896
0.511387985081
0.498221845893
0.497893649153
0.498832555037
0.500917577595
0.504860608982
0.508333333333
0.480786416443
0.494753902585
0.509417040359
0.494272525218
0.490648694187
0.499669093316
0.5128448344
0.506269592476
0.50480196841
0.496873697374
0.501535477614
0.498914314348
0.509355509356
0.488122073869
0.503966942149
0.50152809341
0.498960844625
0.493628004517
0.498919008814
0.50523342748
0.501952489424
0.50817987829
0.499875404934
0.506452628266
0.512293806411
0.517731071979
0.500407232448
0.500978473581
0.510834702339
0.503422175699
0.513419640038
0.50238154926
0.499400910616
0.505626882232
0.498008602836
0.506236008954
0.507827227276
