0.587341596538
0.607261618968
0.620063643508
0.630015729097
0.623323620926
0.638853427972
0.640180454154
0.63687216677
0.643559417767
0.64814392007
0.638585352744
0.648611779255
0.64237647802
0.643119450971
0.653808285348
0.645592362779
0.650984406439
0.654847458593
0.651520905912
0.646672923791
0.651302827573
0.655318604368
0.647512051315
0.651290524674
0.645307651007
0.64750437291
0.64560318235
0.654502075787
0.648685189462
0.653896528837
0.651839210706
0.646799646561
0.649723257482
0.648447187988
0.650037897583
0.648366070291
0.650635766127
0.657993801433
0.648803681214
0.651624186278
0.647689178161
0.657361292811
0.652202975149
0.648915308937
0.647278877929
0.64943525912
0.650064742916
0.649244171538
0.651363556777
0.655087903196
0.651486207665
0.644686630908
0.651394415822
0.650329327959
0.646861044717
0.644216095915
0.652697417904
0.646715416783
0.642694259287
0.646259162461
0.645181684444
0.648504659687
0.650930686688
0.638161557134
0.644726360837
0.652644076256
0.644519422002
0.641081387022
0.646393214617
0.653586542315
0.648163261507
0.647776316425
0.644848749961
0.64638911365
0.646404819479
0.651578377611
0.64114685706
0.649424817652
0.644564416293
0.646170977141
0.6404523395
0.646155649416
0.650612992676
0.647079064887
0.650072014133
0.646776524091
0.648531243256
0.652356077894
0.658484957597
0.646017438123
0.64650036327
0.651528293469
0.647569523014
0.653950626692
0.648903704074
0.644120057681
0.648309034865
0.642912744815
0.649251966282
0.651762630249
