0.529005782503
0.569720682535
0.611798525184
0.643591411841
0.670231958763
0.691038368661
0.702706512546
0.715475469412
0.732241239991
0.719450171821
0.70070563174
0.738370773769
0.73335226466
0.734269585571
0.75700238379
0.748891114609
0.740435632505
0.734722514558
0.745078670712
0.748151308305
0.751467997651
0.736114022218
0.746521222292
0.745225278372
0.725741239892
0.749413833529
0.754466641538
0.739810592774
0.745478036176
0.745470232959
0.749749054127
0.745123350545
0.748101540464
0.747193072577
0.733434776594
0.744310575636
0.748846897783
0.751426242869
0.742008808069
0.752415458937
0.736256089074
0.752215047304
0.745646630237
0.749273255814
0.740573365344
0.748093841642
0.736301132023
0.730893869835
0.746913134522
0.745734147883
0.750071612718
0.738333909437
0.748335745297
0.752557449963
0.748338502437
0.749497270899
0.74421539756
0.75
0.755682244393
0.73936538728
0.755568453892
0.753837242977
0.72699598727
0.745745380177
0.740447212001
0.74044574862
0.748031496063
0.734430727023
0.740740740741
0.744748756773
0.740692262944
0.728535779322
0.757587167708
0.755803156917
0.763986148519
0.74711545528
0.744172744173
0.753669724771
0.743939176589
0.751078926194
0.748381527838
0.756156156156
0.742865236173
0.747195858499
0.751337486259
0.745189257771
0.747884687383
0.750929910291
0.754022646007
0.759269087876
0.755312252395
0.750125116179
0.751714077316
0.759493670886
0.741119557706
0.754277786342
0.752649890768
0.753072790167
0.760216346154
0.759265075377
0.757833045308
0.749003406538
0.752537199542
0.750125187782
0.75406964012
0.749945307373
0.7530008201
0.754884547069
0.757865515114
0.748208802456
0.753273352352
0.751127981093
0.749032493611
0.754688784279
0.747481962997
0.756799539502
0.759147925481
0.750124901863
0.754794924757
0.733701959178
0.758036421219
0.750142694064
0.75480209546
0.749504670252
0.749693693694
0.752786220871
0.754583609454
0.750263752826
0.756535947712
0.755462436396
0.758495968653
0.75497567448
0.758076522257
0.748271889401
0.73769470405
0.754405367544
0.749821096322
0.762542320714
0.758090262661
0.757760147886
0.75417843242
0.758805570035
0.759039852285
0.754316271963
0.756981580511
0.756470410171
0.757303203746
0.751489609068
0.756327388833
0.752390611417
0.750742915126
0.756152800846
0.761569108183
0.743429812881
0.759501322252
0.749590601638
0.753418679081
0.761999846402
0.75289322367
0.754899801806
0.752120503071
0.758781111886
0.750862068966
0.756651718984
0.752956540666
0.763296491358
0.752601156069
0.74023149772
0.753887858468
0.760792049162
0.754516317016
0.745465015836
0.756602756603
0.746318462096
0.754427045222
0.755004062338
0.745622775801
0.753113553114
0.76247771836
0.757756563246
0.746118397731
0.751366906475
0.769814302647
0.759819309394
0.759797073745
0.733378653977
0.749489349285
0.747436670688
0.751860288535
0.756362553951
0.761618740146
0.742034656233
0.760537428023
0.760088621617
0.753246753247
0.761105174782
0.750278352155
0.753956623681
0.759252135108
0.762093518315
