0.655200694314
0.692593538389
0.734153051555
0.762013068413
0.787135850183
0.802305993751
0.807419404377
0.810333126443
0.827135018355
0.824516449529
0.811680512033
0.828419318867
0.832323962383
0.83710667806
0.845179241315
0.844247391233
0.840510247472
0.834998984938
0.842986271361
0.844488766551
0.842795154694
0.83673127967
0.845462033486
0.837126746619
0.832453564554
0.841373224587
0.841515391421
0.83932602799
0.840962866186
0.840721432697
0.834643771446
0.840786553717
0.842089759393
0.839364943543
0.83576915224
0.842534001665
0.838855376658
0.841473014769
0.839490997361
0.83972556682
0.837378941509
0.840281233222
0.839073571337
0.842381102514
0.839088491874
0.840223441589
0.837685525101
0.836746142038
0.841330877019
0.844204985495
0.845086751435
0.840042533711
0.84221241028
0.842308535769
0.839445508627
0.844209115547
0.843124162719
0.845067584508
0.843159529919
0.840636621223
0.847765933127
0.846646776495
0.830204169956
0.838820649325
0.838697591249
0.840414441917
0.840928575127
0.837739012173
0.832677139934
0.835885055439
0.835290735248
0.834802982013
0.844121570094
0.839020665962
0.846076480405
0.839104343127
0.840407083445
0.838986025884
0.839786237855
0.842956081268
0.843067010954
0.84342015942
0.840621584346
0.830681016365
0.842902448771
0.843216216326
0.837222755768
0.84323965873
0.842803007608
0.84449342013
0.848593688467
0.845362679577
0.84386821181
0.846390422469
0.842483917522
0.838365238464
0.830827022402
0.843715021811
0.846547597095
0.839683888205
0.844631282404
0.842530540566
0.838361282922
0.845282201748
0.845673393221
0.842457799311
0.841875520256
0.844401133844
0.841067251777
0.840694820043
0.844738256548
0.845952927886
0.841534151161
0.842910359855
0.843285380142
0.849977255633
0.847409788919
0.845604113066
0.844784356064
0.837735114801
0.83763736056
0.84566926317
0.846734990899
0.846301539113
0.843879554908
0.845845750148
0.844872483214
0.838253814335
0.845225195407
0.843328134898
0.844753962377
0.845033467957
0.846141223321
0.842837065988
0.839306686553
0.844542893491
0.844979428273
0.844972680584
0.849820226432
0.841143890404
0.839618389082
0.846670131644
0.842289834199
0.839591572834
0.845581630463
0.842561748629
0.845723448279
0.844213100174
0.838556994998
0.845378181812
0.84395628079
0.842646036576
0.844823155278
0.84252626509
0.845164088099
0.845500600021
0.845646518803
0.844823184363
0.845125288885
0.845562318111
0.843852913169
0.84102132677
0.845297587643
0.84443958404
0.84562732279
0.850816993939
0.845918549573
0.839682463046
0.848808189368
0.845601059155
0.84633641187
0.840560477038
0.840293041678
0.840211807642
0.845623599927
0.844776706744
0.842239022935
0.8443933391
0.849977662821
0.845612344083
0.84319329745
0.845512233968
0.846755175798
0.843562209915
0.849291492618
0.838007174655
0.842036214151
0.835965736862
0.838495364163
0.844815127854
0.847731874747
0.841755865109
0.843734712266
0.839262390299
0.840338792175
0.844999409577
0.83125224317
0.845056386833
0.842443140538
0.851384090694
