0.141437387651
0.122840557966
0.11337357108
0.104754801081
0.0961960396001
0.0935313204588
0.0900957265949
0.0856618049851
0.0841951436631
0.0818154322289
0.0811501800107
0.0797325359306
0.0770926252139
0.0764178377743
0.0750289134469
0.0737247465874
0.0733604809115
0.0717750568432
0.0707757412394
0.0708547754503
0.0699497388242
0.0688454106202
0.0690189488468
0.0679116437656
0.0684862461663
0.067657515364
0.0687525398114
0.0681372703709
0.0668649716594
0.0660409246303
0.0663532210805
0.0658313872392
0.0654231918717
0.0659335402059
0.0649234873815
0.0650817512251
0.0659244380207
0.0639234852311
0.0641708521252
0.0636296856586
0.0642538521279
0.0639981501208
0.0641231010344
0.0641057164855
0.0626180279832
0.0623501283061
0.0633428128997
0.0627184644031
0.0630751324399
0.0628015085567
0.0625253310991
0.0624902716089
0.061771754144
0.0618180280288
0.0618134882992
0.0617857274241
0.0612739831862
0.0611803747155
0.061346578453
0.0610902015635
0.0607956076358
0.0616367785706
0.0610923419767
0.0611235051253
0.0608006494033
0.0601703864204
0.0604462114135
0.0608311730373
0.0599415561107
0.0610529610941
0.0607159554789
0.0627013670168
0.0617116768756
0.0610573243843
0.0613930926014
0.0612108983889
0.0605693227028
0.0619378428982
0.0608359782902
0.0606845512444
0.0609134805109
0.0615952497625
0.0609501817911
0.0602096764995
0.0609896488587
0.0603300311965
0.0610214746927
0.0599530344274
0.0604426905527
0.0601454274742
0.0595815024908
0.0591201676353
0.0590120202408
0.0594262368073
0.0588412800454
0.0600306594483
0.0595402476108
0.0583850212328
0.0590939847536
0.0586826712454
0.0583100116757
0.0580443420934
0.058857173596
0.0588359782757
0.0586984973377
0.0585570640287
0.0579805698817
0.058558096948
0.0584483280218
0.058075357861
0.0575566336317
0.0575040541412
0.0580552661651
0.0578137380382
0.0577807988635
0.0574178327161
0.0577569858628
0.0575925738103
0.0570127177324
0.0571651091251
0.0578448344822
0.0573089066054
0.0572820096962
0.0580173755048
0.0575918182259
0.0569994245793
0.057405118221
0.0571171712795
0.0570327242617
0.0576489138051
0.0573572567215
0.0570610927386
0.0570348017685
0.0572820637673
0.0570934968375
0.0567535075112
0.0554616200973
0.0571118443909
0.0555823237886
0.0569844070391
0.0560891423728
0.0570065232864
0.0569910845784
0.0569585800659
0.0566368057261
0.0564972059093
0.0564262165343
0.0567008566143
0.0568951956107
0.0561921737477
0.05712306954
0.0550225502346
0.0564294090012
0.0563028885981
0.0565515244386
0.056631517529
0.0569425699557
0.0562758162732
0.0552229269491
0.0568875136597
0.0560271675019
0.0559776604109
0.0560444199338
0.0563142449765
0.0564959543566
0.0554376285868
0.057338331012
0.0566258761628
0.0557579709535
0.0557421299286
0.0557282644329
0.0568806025908
0.0556563210918
0.0560988128994
0.0560765465339
0.0561896723844
0.0556306428775
0.055749382652
0.0554064594473
0.0563788566778
0.0555341046213
0.0563207541954
0.0553542919166
0.055571804816
0.0561071204226
0.0564090640053
0.0561954444376
0.058136760887
0.0565548731692
0.0559263816628
0.056628408849
0.0558602238326
0.0553262916805
0.0571619007569
0.0564479027959
0.0568272519567
0.0554908630376
0.055606478234
0.0557815311201
0.0559426290098
