0.248399146211
0.378432462479
0.341918626353
0.356319133914
0.367103416004
0.404557786218
0.426032922708
0.409060626249
0.389616356536
0.438765772453
0.447252976812
0.412254412254
0.383950190246
0.382978723404
0.423408669069
0.418283166109
0.435527600043
0.386886770518
0.395472395472
0.441949967928
0.450393700787
0.375468164794
0.478203966576
0.401667981517
0.434358752166
0.406394236181
0.447745469869
0.391005048187
0.447280334728
0.363723839307
0.373422243391
0.422407099279
0.368007617234
0.42667238422
0.411142061281
0.409055598713
0.457404707353
0.419422168516
0.410285455369
0.39748139668
0.442930153322
0.453408971531
0.460189768977
0.38671875
0.473019057172
0.430531358885
0.458246346555
0.446670218434
0.468158347676
0.486390881399
0.418547759368
0.406928354516
0.451804670913
0.380016380016
0.362039932644
0.419193602133
0.445626729091
0.413508693714
0.455683003128
0.403995062283
0.477325522674
0.451246449984
0.444630521248
0.460277950633
0.452018877819
0.468999386126
0.497402347508
0.388747982476
0.343054017473
0.472817955112
0.446889547186
0.438341410878
0.437358612518
0.422114962703
0.456474030724
0.455806251294
0.458133221967
0.447773791939
0.449360452925
0.464256368118
0.423706614276
0.383189407024
0.448590205639
0.441217298452
0.442462845011
0.347571393703
0.388313779618
0.426579520697
0.434020166594
0.406053811659
0.392523364486
0.382889689643
0.342191481616
0.457951706911
0.455001044059
0.417756290518
0.481808268068
0.410597519729
0.471584038694
0.471359419121
