0.556595051966
0.596491376046
0.590567021134
0.591298621901
0.59610853193
0.608150045343
0.620291872466
0.612745570811
0.605747460746
0.625055595725
0.628677301646
0.614424262131
0.603202622059
0.6040995703
0.618992622332
0.618026975633
0.625051960117
0.60553293076
0.609304191071
0.627474060661
0.6308427864
0.600404919531
0.644095655477
0.610204658581
0.624316083874
0.612592380812
0.629604876253
0.606353007695
0.628803791736
0.597408014743
0.601163918244
0.619801443424
0.598412082552
0.619222421874
0.61417134012
0.61269190923
0.634246094048
0.617359972358
0.615202456857
0.609499583214
0.627707815744
0.63259430623
0.635162005623
0.604271898142
0.640799554653
0.622645100043
0.634886164736
0.629850265283
0.638542219885
0.647560128602
0.617946468719
0.612791670327
0.632444926348
0.602677669278
0.596576332945
0.618195580612
0.629164211419
0.615462940934
0.633353101349
0.611032472092
0.643773744159
0.63146369016
0.627347396061
0.635598976678
0.631685956721
0.639718935471
0.65314407422
0.605663172798
0.589838736041
0.640328088944
0.629440110476
0.626052217808
0.625527148688
0.618693717145
0.633958677383
0.63288928496
0.634836342357
0.629731366343
0.630156732536
0.637227758365
0.619126761743
0.602669874534
0.630536260977
0.626975807789
0.627217212192
0.591091944829
0.605210903103
0.620525656635
0.625071214299
0.612028948751
0.607686810652
0.603478637455
0.587807332528
0.634514372869
0.633054167076
0.616478468181
0.64531812156
0.614941798271
0.640247698369
0.64016722054
