0.533124668796
0.577126147471
0.547466242648
0.557549588246
0.593034697666
0.588159782957
0.582564319731
0.594100047292
0.577076325092
0.591873484315
0.589236795615
0.57869734112
0.592958059039
0.590685629225
0.599695772282
0.596215767838
0.608732731587
0.58368746099
0.586511979766
0.601320831106
0.607161392514
0.605774102485
0.611726291615
0.622311467524
0.626446695872
0.603731704891
0.605617131453
0.620050089959
0.597101314811
0.598856644758
0.622771561049
0.592617329811
0.59204624843
0.616221765137
0.600727005358
0.602439900483
0.605716659871
0.596706516814
0.596530146175
0.623890397747
0.624722137715
0.601075674754
0.580556474961
0.623829203185
0.593813037816
0.617294705914
0.601332523223
0.611530783133
0.616647044076
0.621292101073
0.618157159502
0.619322270225
0.606226663029
0.623181454092
0.603666467532
0.629758298931
0.602796510049
0.589907783518
0.602252303085
0.622242594556
0.60585103196
0.59215743988
0.603551524134
0.603938614641
0.606057825371
0.612550236838
0.60788217371
0.604789492452
0.622288664987
0.608572154031
0.627914696409
0.605824215712
0.602206174485
0.60010229148
0.624063220032
0.611411942363
0.620820955298
0.610476631181
0.625906357196
0.616332985672
0.624595967558
0.621759873004
0.61817632643
0.632758955667
0.619874301018
0.611664980714
0.604686008492
0.625193574338
0.620606134464
0.62364544499
0.608518608789
0.627213518414
0.629646845717
0.613010330363
0.609821552701
0.617448128592
0.637802649864
0.606667444202
0.603018892948
0.616183431281
