0.154912953674
0.307339449541
0.199307758869
0.240374037404
0.362707535121
0.347494942283
0.330449616181
0.36802378774
0.307162885547
0.35837337396
0.348408710218
0.317385361004
0.362177250523
0.348437121396
0.37686179425
0.369366237979
0.403039312851
0.326846307385
0.337092424614
0.379485992128
0.3992475379
0.393935991016
0.402912069162
0.433226837061
0.44351726296
0.380570620137
0.389824682021
0.43125722088
0.365560708764
0.369526521894
0.431040104336
0.350817272505
0.350206862984
0.415667998225
0.372348033373
0.38313031487
0.392772444946
0.365767045455
0.367284674959
0.437927047199
0.438472119352
0.375661998352
0.310322497086
0.435747040631
0.355442793283
0.421383647799
0.374570039141
0.403484951346
0.419203491544
0.429434613725
0.420913884007
0.423258365332
0.387638483965
0.435142887496
0.382497082847
0.446247464503
0.379520901832
0.341312166687
0.377754212325
0.431160984031
0.38768873403
0.349082007344
0.381387716831
0.382290934645
0.392036405006
0.405999774445
0.395213675214
0.383158885099
0.42987804878
0.394135303625
0.444561662623
0.387344422473
0.381095795204
0.370944656489
0.432355516637
0.403878678543
0.423736361612
0.40522875817
0.441596638655
0.41441844845
0.433143358176
0.426916712631
0.420879120879
0.455850459568
0.421838440111
0.402551543456
0.383023747943
0.438951946537
0.426861123204
0.431895139268
0.391431581412
0.440250215703
0.450587992573
0.403088269186
0.397472716829
0.419478949104
0.465297741273
0.387829139848
0.377672209026
0.415742793792
