0.577009866169
0.606343816877
0.611015719208
0.618139126884
0.618886724328
0.627291553114
0.633592266217
0.623134220267
0.639275885678
0.624816459941
0.627157995401
0.634730415268
0.6341299
0.632397110826
0.630871115061
0.632343681923
0.627341840851
0.630906162327
0.628913121754
0.635857744748
0.626690950592
0.629139431112
0.625391729543
0.629998016412
0.631343017043
0.629005117192
0.635803879572
0.623529134603
0.629829207839
0.635807573351
0.637095131368
0.628495404882
0.642280730635
0.625571386772
0.639141368164
0.638820620241
0.629625962782
0.63000165202
0.628460939313
0.625119175246
0.629572388455
0.63864352248
0.634455243333
0.624080496444
0.629863760662
0.628346606698
0.630588264721
0.631638344792
0.628671804606
0.6312281609
0.631209081226
0.637842728812
0.641372381126
0.631473229997
0.632293452356
0.632837862914
0.634102327546
0.628387732701
0.637329846252
0.627763687775
0.641870866677
0.629874958336
0.628392066346
0.635788697271
0.635485632948
0.631764253185
0.634014607584
0.63449334451
0.628220029352
0.629676046924
0.638874020058
0.640238391211
0.627932496348
0.635677883925
0.639590409439
0.634060270827
0.634263457714
0.634095259923
0.63889344875
0.63504924359
0.630683953937
0.629182011358
0.632370207323
0.632412147702
0.635007128701
0.633535637979
0.631680227002
0.635083331055
0.635627508933
0.632934017487
0.634225094773
0.629847880324
0.626848125219
0.631615047813
0.628070504047
0.632389083402
0.622022596616
0.633795860293
0.637820391634
0.630354218789
