0.144395620365
0.127901322715
0.115576083719
0.107939380413
0.100987176759
0.095585154747
0.0922622127599
0.0902753271173
0.0875841905714
0.0856072048379
0.0841023741574
0.082456476428
0.0809701232791
0.0801309083341
0.0802742347651
0.0784349827087
0.0779713506166
0.0775120220259
0.0771728638169
0.0761195711154
0.075922266316
0.0754976799275
0.0745460694023
0.0742862803474
0.0736457127023
0.0731355868585
0.0729344587309
0.0727872342883
0.0726782079251
0.0731532905116
0.0713218125481
0.0722358892518
0.0710517614156
0.0714382525687
0.0713542135377
0.0704190759827
0.070703958112
0.0704910248842
0.0707636764693
0.069954805704
0.070534162551
0.0694627248833
0.0702322548915
0.0696657250827
0.0696338932918
0.0690337421476
0.0693567997902
0.0689602258912
0.0690069424302
0.0689719853304
0.068594054532
0.0682972309885
0.0683564484666
0.0686861203989
0.068893008543
0.0681113935266
0.0677897462098
0.0677746495967
0.0682329033665
0.0672808626017
0.0669275543297
0.0683364756169
0.067437203137
0.0680969380882
0.0678877549804
0.0672704004057
0.06714427589
0.0672982141145
0.0673877932878
0.0675961645648
0.0672195237327
0.0670294167427
0.0674024646975
0.0680903131018
0.0666747583151
0.0668018721909
0.06684172247
0.0665013905009
0.0671987470579
0.0663270468251
0.066848624843
0.0667864963305
0.0666248892106
0.0672490157824
0.0662776140646
0.066356348364
0.0663642125528
0.0666176421983
0.0666925254619
0.0667911130616
0.0662769094931
0.0659635610601
0.0664170008398
0.0653293949383
0.0663057007164
0.0664995236448
0.066032727346
0.0662029619387
0.0649149799503
0.0660000539553
0.0652678556135
0.0661766808467
0.0652024205086
0.0657797442778
0.0652177822956
0.0651179861669
0.0653098665059
0.0650461903602
0.0654295978217
0.0645451708176
0.0650538229498
0.0645994833808
0.0648536528818
0.0648076802939
0.0647779298661
0.0649025642636
0.0644279595918
0.0647529129851
0.0654353608471
0.0647043568822
0.0649679861465
0.0645940768114
0.064413304691
0.064432954396
0.0651249327709
0.0651361028153
0.0650289638865
0.0643709143971
0.0645877413686
0.0648734885223
0.0654186400002
0.0639191845872
0.0640347679483
0.0652032567039
0.0648757573643
0.0649179620268
0.0636861904896
0.064029613051
0.064280096604
0.0633786472641
0.063942504915
0.0639405540793
0.0639137941141
0.0638642494542
0.0635372939107
0.0640500597485
0.064753062234
0.0637381063639
0.064591767016
0.0638578312988
0.0636567738396
0.0638462016031
0.0640473311215
0.0641223341862
0.0645894930468
0.0628672332066
0.0642061490817
0.0640518884237
0.0633777411226
0.0634224065216
0.0638150784071
0.0630746283716
0.0643386032477
0.0642526046747
0.0645694562151
0.0636195979624
0.0647952266301
0.0646868646735
0.0636955870402
0.0644197912984
0.06380308982
0.0637085864105
0.0636595607775
0.0631844225693
0.0641632878938
0.0640614595065
0.0639776916241
0.0640220268938
0.0636301495385
0.0632789288854
0.0638383796457
0.063604658598
0.064360588576
0.0636307720015
0.062852082388
0.0627602819251
0.0624243729452
0.0640715949112
0.0624626962387
0.0626267601758
0.0629790096755
0.0630315603324
0.0633128022468
0.0630441897704
0.063195284049
0.0626921300513
0.0628192373699
0.062593808941
0.0621813824269
0.0621831577558
