0.465595385249
0.588703043597
0.614940801731
0.645157007236
0.68672271243
0.685695187166
0.704939341421
0.695412211107
0.707990723171
0.726777522936
0.735765482806
0.742106476147
0.739826112369
0.728381772515
0.730079754152
0.736991414707
0.737061273052
0.736815796051
0.738559611444
0.745009140768
0.745346663415
0.751662104028
0.750100798323
0.746351965553
0.741589119542
0.756941802967
0.749717896637
0.739304812834
0.740629909479
0.750161290323
0.755291728501
0.757643780478
0.751805793432
0.738089912771
0.751859811539
0.750701489316
0.757386998882
0.757714020571
0.759763497744
0.757221783741
0.753984651712
0.746369416752
0.753831202811
0.758054522924
0.760195268494
0.755129525469
0.750837240455
0.752278859476
0.758312989309
0.757896362653
0.749260747593
0.742525200752
0.751075802714
0.754293461886
0.755597454631
0.751677852349
0.756493506494
0.751083221276
0.747849106552
0.755901937046
0.749623833885
0.746144721234
0.739298358545
0.735982302391
0.750039178812
0.751156772018
0.75121330257
0.754150197628
0.752083829483
0.756640234044
0.760047003525
0.758817187741
0.751661369546
0.755589238348
0.749562171629
0.756960120391
0.755251432209
0.754819720383
0.753076292043
0.758428272495
0.762485765414
0.758923580612
0.75779973547
0.744674808293
0.756730218476
0.752248569092
0.746431389427
0.756063432836
0.764353041988
0.757057589934
0.747518150837
0.75963161934
0.738449672194
0.747754722824
0.743075007781
0.741252507243
0.753488372093
0.756850870553
0.760034026757
0.754578754579
0.748434155237
0.757877026614
0.764501428902
0.750912054646
0.756616665358
0.751611734879
0.763596353348
0.757968949224
0.7580054166
0.745233095338
0.739370748299
0.762123249743
0.75592028136
0.754770635336
0.758456028651
0.753379729622
0.743757203227
0.751311802528
0.73802294197
0.756093571078
0.751525010167
0.752473692477
0.743952930922
0.749962207105
0.742635530984
0.745437495492
0.751903553299
0.749614479344
0.754044803983
0.749130804296
0.753398368783
0.753557931977
0.755534694516
0.759861154938
0.746678347204
0.751844884966
0.756559434178
0.75272382757
0.757541563229
0.755528900217
0.756258234519
0.7550151034
0.747343565525
0.752016950534
0.742437337943
0.757839721254
0.750902527076
0.750560119492
0.748425787106
0.759603658537
0.759863459554
0.764379336931
0.744804253262
0.756026058632
0.756670709521
0.754129606099
0.757401745097
0.75541701513
0.751484989565
0.760058242011
0.752991387852
0.747586434524
0.754729183508
0.744951747628
0.753510140406
0.751818399808
0.751467395674
0.755513096091
0.752424548064
0.752937440457
0.747503782148
0.742168316095
0.746879106439
0.75792102388
0.740983149979
0.756257796258
0.754372738239
0.748
0.741971560952
0.760521356784
0.742046088829
0.75152764485
0.748374187094
0.752997221119
0.755755530559
0.750058708415
0.754772851243
0.749576466964
0.756782185981
0.746453483815
0.753716291925
0.747573607373
0.750136772177
0.757348969987
0.763757643135
0.75543965447
0.753169403557
0.752394192153
0.753006770211
0.761293316832
