0.621603687263
0.711522668455
0.738437339851
0.762266310358
0.795239097974
0.7978984147
0.80679117123
0.8033641885
0.81218333123
0.825659135819
0.818964962623
0.829396832193
0.833968537153
0.826839603352
0.825866365503
0.828951891883
0.829499908964
0.815899243037
0.828154908333
0.83806563524
0.824917151754
0.834429299631
0.829378246962
0.827994534372
0.824752095128
0.842209210945
0.838054495735
0.831443039904
0.831581105772
0.829412741615
0.837372746432
0.840381256082
0.841085982432
0.829994351719
0.827592523328
0.844952670194
0.836016257278
0.840561378669
0.84131648001
0.83744569128
0.84409065288
0.82995665773
0.842166834292
0.840622718656
0.846562924821
0.83538377774
0.825300752077
0.844358786277
0.82991913825
0.840890968392
0.836651848896
0.817114466988
0.82688733162
0.841492385291
0.836836246958
0.82716712805
0.83967603529
0.840074207132
0.82461074267
0.842136324266
0.837970178703
0.837149810919
0.821674625256
0.812998172889
0.832965254635
0.833701130878
0.831899963179
0.834927668842
0.832835099851
0.840342864057
0.840584530224
0.841990899927
0.845186512532
0.841672595132
0.83632612746
0.843742128908
0.834904749966
0.845156089761
0.841894687184
0.84081435885
0.837346395541
0.837169879478
0.839806422753
0.841779074834
0.832379369056
0.841683850976
0.841840531159
0.838595299769
0.84463555788
0.834471821707
0.838349416296
0.843086992258
0.826081651695
0.832761980493
0.828553807296
0.832972264088
0.839204453242
0.842818538927
0.84234355395
0.837119766251
0.830263386747
0.842213108317
0.845950048484
0.834850797536
0.837648761828
0.844749628732
0.842830492808
0.844991527578
0.836813415337
0.820943082659
0.837605309035
0.840822269934
0.837767515344
0.842768571124
0.837265655948
0.83281985938
0.830653938353
0.84172593678
0.815385807864
0.831969272419
0.829351517968
0.834525163355
0.838100042638
0.837613801817
0.82116517471
0.840253893446
0.832812093721
0.828217033611
0.83697027003
0.834088046875
0.832885009485
0.83229484843
0.837349769386
0.839496145382
0.839648491921
0.845113713108
0.841952420646
0.834019319333
0.844232703374
0.843121196063
0.84706850708
0.838280979602
0.838744127038
0.829466519536
0.815746343887
0.837468726496
0.830616128025
0.839698605148
0.837502552197
0.844022070761
0.838656872434
0.846107164941
0.825603089278
0.832482794846
0.842488949204
0.834314501657
0.845340226059
0.841101571921
0.830976402283
0.843619710699
0.838878673637
0.824729525271
0.832467379866
0.824901794944
0.836192278898
0.831762042735
0.83075029652
0.835027400854
0.836069569841
0.833463652931
0.835582514643
0.833493523091
0.824783128683
0.839488350638
0.841338060982
0.829991821335
0.841431074389
0.84372613223
0.824510690725
0.840634381688
0.824786618867
0.8424272602
0.824051266152
0.833498147585
0.843259174676
0.833110882569
0.837288400315
0.834862198804
0.837993679277
0.830217258146
0.842178322815
0.826128303823
0.833371482985
0.840595844238
0.841527519811
0.831961564929
0.824998153111
0.836648242372
0.833095758437
0.843278719707
