0.622466984312
0.642626229781
0.65328717177
0.64528496481
0.656300713103
0.653548237544
0.642982490328
0.658481671007
0.656335062332
0.663359901391
0.670729657898
0.670951895374
0.665866318967
0.662838264285
0.661424797875
0.660110394525
0.664069339488
0.660397171322
0.667763234051
0.66628057474
0.651471868825
0.648697114258
0.66231758698
0.661750257547
0.667874221907
0.654108586609
0.641300832351
0.66362434101
0.648041744929
0.654039335539
0.656856088655
0.659078725175
0.659232525957
0.650839418372
0.658423675781
0.656101481758
0.652513863302
0.648313921123
0.649291289024
0.658530853519
0.647447715587
0.643837759953
0.654024385917
0.648459607226
0.662685568728
0.660799793148
0.651931846011
0.658419836578
0.638476197235
0.657653043121
0.651502640615
0.663659155596
0.654185487
0.658274615833
0.650762779746
0.660049199963
0.65303169029
0.66191130046
0.658703326785
0.637709520117
0.658036730698
0.65875300374
0.656438255443
0.650237419777
0.661869214656
0.660933845305
0.658182474971
0.660749796261
0.653705877528
0.650686024779
0.64707609823
0.667855258573
0.654024240492
0.647876891898
0.670726284053
0.662172308065
0.658316672552
0.657001687504
0.659140559604
0.658653911595
0.663582284291
0.666862766541
0.653541199006
0.650329706063
0.657423767107
0.663413592057
0.651322401689
0.660347552537
0.659424195236
0.647819769217
0.644029458318
0.65385185448
0.663677886251
0.65702891094
0.663394512383
0.6593704464
0.642833721229
0.661286499328
0.649349109741
0.655553261083
