0.456377046231
0.490484429066
0.514804639805
0.502392719856
0.512644448166
0.512670256573
0.492422952494
0.51460693297
0.513558201058
0.525195968645
0.536623095367
0.53711117955
0.529123140234
0.526340218148
0.520661157025
0.517777590989
0.524223602484
0.521725340945
0.532619657125
0.528209720752
0.503949175824
0.499394987035
0.522994565658
0.522718134298
0.533384379786
0.508649932157
0.482255083179
0.525609268877
0.498356116975
0.510229437588
0.515500730401
0.52006649252
0.517637339942
0.503498890596
0.517426710098
0.511960916442
0.508633448446
0.498303610265
0.49938843264
0.518309859155
0.497267285504
0.488708951867
0.507756921231
0.498165297921
0.523254866824
0.521283456949
0.504187170854
0.51745747538
0.477689316793
0.51785856336
0.503209019948
0.524110736877
0.507113115892
0.514864864865
0.503289754764
0.516962843296
0.506616579869
0.522576468684
0.518518518519
0.478014960774
0.516049178975
0.519360737855
0.515359187293
0.504537507285
0.522149837134
0.52192
0.515656229181
0.522084524944
0.509881749773
0.503894344734
0.495558096578
0.532575698607
0.508712569785
0.498492808544
0.534887459807
0.520931011386
0.515524311658
0.51593077794
0.517415404981
0.516188251001
0.525068515235
0.530609024929
0.508862876254
0.502566735113
0.51367781155
0.525108294561
0.50369352345
0.520616477043
0.517695814339
0.495543672014
0.488409996378
0.507925686041
0.526199145164
0.513687735454
0.524682879535
0.51812875113
0.486176791561
0.52213740458
0.496889930587
0.512130275839
