0.621037870243
0.680761930467
0.713107095719
0.725958011921
0.734358943335
0.75105467548
0.732434106778
0.7605186879
0.764837150916
0.772629597809
0.767661727862
0.771778400065
0.758800092141
0.771532545676
0.778240039742
0.776446637702
0.776442362226
0.767592505877
0.774108272493
0.776197613063
0.782244822457
0.774058391944
0.7763347773
0.76902606993
0.782648753103
0.778163866473
0.762092237423
0.769742517481
0.770340356941
0.78384382124
0.780665979488
0.785219215558
0.782636101185
0.764284480256
0.782348684521
0.783437331126
0.764641322501
0.789182290573
0.780006945466
0.789343507996
0.7951925331
0.784264970127
0.780796163357
0.791167972674
0.775184907048
0.799486128554
0.800493337529
0.78513498578
0.786526115012
0.789887860383
0.773191924645
0.800182943819
0.79295771002
0.805414846196
0.808086000464
0.797664543277
0.789768845104
0.804399929731
0.801880772983
0.796445625549
0.797917407119
0.794226624637
0.805824913749
0.789898883548
0.778013672215
0.801754602826
0.768684060969
0.796695115545
0.785092638213
0.788055484621
0.79493495751
0.801482746566
0.801183085172
0.800286020591
0.800404861361
0.799994764724
0.795713384914
0.799213254323
0.807764234571
0.786261617223
0.803582790367
0.790342515038
0.799661510307
0.787637651409
0.791060504087
0.802604986193
0.798220355103
0.791629636782
0.801259985562
0.796578078037
0.803820850011
0.811478372201
0.798158753353
0.804786671219
0.805257875164
0.805004604135
0.809278741812
0.80796032475
0.797650786135
0.790058879407
0.803644304863
0.801778074314
0.77359041642
0.798325002458
0.800069600089
0.806755745861
0.751914569599
0.796739644478
0.783458243146
0.791403123831
0.751891708893
0.800317315909
0.794955375087
0.792628876504
0.803579096589
0.746376578072
0.789419797604
0.555223700444
0.60636182041
0.77367508247
0.714443836248
0.793946013832
0.80889610129
0.814893488305
0.804899084234
0.813570941192
0.807340264451
0.776193483012
0.814492088043
0.819508238871
0.778708189775
0.818974996902
0.815885631319
0.821118348073
0.815330750209
0.763427843642
0.815541324653
0.819255811302
0.817630665223
0.802182353978
0.813770986914
0.817327804494
0.800262403678
0.821090862872
0.787875594713
0.815488622872
0.810245551906
0.819221142139
0.793164212582
0.814361962344
0.809705736758
0.812074030296
0.818924825505
0.821589668357
0.818186767898
0.819079469748
0.804405194092
0.822498076036
0.805508586726
0.802883735567
0.803420525889
0.810161787486
0.772671945376
0.796575576738
0.811682751568
0.812840532905
0.821187889992
0.822022858379
0.811690953501
0.827143278458
0.824158065786
0.813614830258
0.812656891049
0.820716307944
0.828469024907
0.820677886833
0.797284636733
0.811886374728
0.821842910302
0.797644910992
0.813691614309
0.721622737852
0.817224756807
0.797192757635
0.8234561025
0.820210667515
0.825208087687
0.801140097737
0.827806093513
0.823563542002
0.806141444366
0.816784295567
0.82086571691
0.823303174264
0.822502177002
0.797863454689
0.785154705321
0.821805274483
0.808019541541
0.816903019998
