0.485116215849
0.553226469379
0.589119962402
0.601949778434
0.609928250598
0.628630959676
0.606658173157
0.643466666667
0.644176003004
0.655899153043
0.646820701252
0.653168450054
0.63540979675
0.650215916101
0.659157068725
0.658673370721
0.656365342509
0.645734960446
0.653834135367
0.658922777417
0.661669970268
0.653508498848
0.654909671869
0.647911761061
0.671068014579
0.661696422732
0.638406963572
0.647531992687
0.647919829942
0.667886550778
0.661099949774
0.66628830874
0.664003550821
0.640514316328
0.663870885754
0.666066375096
0.642468683165
0.671289522234
0.661371290589
0.673007246377
0.682351372967
0.665736748669
0.660565309426
0.675850362342
0.653340668745
0.695702253258
0.690405001359
0.666708957117
0.667505821638
0.674363992172
0.651233813828
0.690445338607
0.677124521942
0.699523942873
0.700945544896
0.684833178253
0.672927252846
0.705124407583
0.692166337712
0.682461335966
0.68445383701
0.680667815026
0.699790356394
0.671381662036
0.657658779577
0.694556591953
0.643784352707
0.685447912444
0.665580958346
0.670014620812
0.676680340802
0.69647927314
0.690189212848
0.687425467073
0.687777999071
0.687284311123
0.68020238713
0.689073343312
0.702139560901
0.666959467938
0.696876742889
0.69376566416
0.688319548114
0.669112066785
0.674719028549
0.691748552968
0.686050397701
0.689609038204
0.692260231713
0.700642862675
0.701059154118
0.709529605499
0.683924241431
0.702204293329
0.700836523465
0.697729160897
0.709857090509
0.70832416575
0.69788316254
0.69319781079
0.698634981258
0.698751713688
0.651174079243
0.695728240268
0.705108359133
0.696583788154
0.654768544339
0.707070707071
0.677725811166
0.6860892767
0.655737704918
0.692467748648
0.685552798456
0.682188591385
0.698083967315
0.647197807391
0.702160231332
0.206372840977
0.360069398105
0.677422037422
0.597724710464
0.707198116381
0.715969493876
0.716108801867
0.715448451963
0.711554921541
0.716324290419
0.684246693008
0.727315952136
0.724661407948
0.693006930069
0.71846605137
0.712121212121
0.731493581367
0.720353584538
0.673136138845
0.718197879859
0.73060495457
0.727160778881
0.718949848536
0.719709574951
0.725785490406
0.718704481193
0.723758115107
0.70384682944
0.729269457266
0.721931078291
0.728413962033
0.706727518594
0.729453433148
0.72854875094
0.728266188224
0.714853279431
0.730948203524
0.732497221781
0.729876160991
0.720988478878
0.733021257003
0.717589235356
0.720060636685
0.72366385977
0.728757080973
0.685427135678
0.715454229029
0.723387415908
0.72900390625
0.738766306974
0.732769230769
0.730166625218
0.739656367979
0.741189602934
0.731438896189
0.733043041367
0.735889497499
0.736944631752
0.734603874626
0.71677711894
0.729870344372
0.734885174192
0.717389407556
0.733300099701
0.61137238136
0.73096124891
0.717971295236
0.732614637109
0.738791423002
0.740962904499
0.720233496437
0.737542533081
0.734315079
0.724279835391
0.734156646084
0.735254638768
0.737196554424
0.736445664967
0.71878297573
0.703048890493
0.74424001326
0.728336442259
0.733166680106
