0.140565034762
0.123404631041
0.115212197699
0.108435747496
0.104977173687
0.10286541149
0.100726889985
0.100604360551
0.0980621399168
0.0980861522952
0.0961593835406
0.0949447759513
0.0950908841137
0.0945374584566
0.0949854152008
0.0930731105635
0.0924863978555
0.0925832645709
0.0923706222323
0.0924664801976
0.0916667035103
0.0908516619399
0.0916672782182
0.0895588753272
0.0910165348824
0.0901247880774
0.089680253066
0.0894346788505
0.089648784194
0.0897608295235
0.0894725985424
0.0883666827762
0.0881703813678
0.0881301875237
0.0885511197931
0.0880284894842
0.0888939826755
0.0872495933256
0.0898668698411
0.0887833410215
0.0877932738814
0.0877960716242
0.0894072719553
0.088058860751
0.0874220188825
0.0874832239537
0.0873629680909
0.0878077197537
0.0883148166467
0.0875460831652
0.0890118776716
0.0884824351779
0.0879637548473
0.0881594878062
0.0885466110855
0.0893952027212
0.0888956120679
0.0884449808537
0.087961254859
0.0882604832412
0.0894178431311
0.0894366977717
0.0888954495892
0.0888983025612
0.088958947241
0.0890082011417
0.0895802750581
0.0879426471034
0.089741019481
0.0877787636843
0.0886408736396
0.0879864796556
0.0899309699098
0.088323592365
0.0882879326266
0.0884404539574
0.0889239562761
0.0887251431745
0.0880834244888
0.0889239463468
0.0895591064813
0.0919537947177
0.0918279149498
0.0915264445334
0.0911347042379
0.0920935348397
0.0904560094269
0.0942469618921
0.0913740818983
0.0903812389648
0.0907069908941
0.0925832130133
0.0924358176438
0.0938852388729
0.0920198511052
0.094694306682
0.0945863717948
0.0941703720628
0.0935557965677
0.0956358641549
0.094264652812
0.0942517912132
0.0941336385166
0.0972477251272
0.0978282177762
0.0961143490003
0.0984389786998
0.0966345652621
0.100856745502
0.10218577902
0.101483476369
0.0992012318606
0.09762734636
0.0983670478297
0.100522271973
0.102764618259
0.107220305581
0.109026212844
0.112350451488
0.157702723591
0.118963334248
0.105819227561
0.0951356582991
0.0926205466379
0.088027939148
0.0908277297902
0.0872504623419
0.0874373452419
0.0864674109968
0.0851364177544
0.0852446063493
0.0861216418859
0.0854184534951
0.0851950701025
0.0846058610816
0.0857389638152
0.0846159585727
0.0844494671135
0.0837815456947
0.0834137544522
0.0839292281094
0.0830087316636
0.0834081950457
0.0835373965351
0.083488390914
0.0824069587984
0.0828977444817
0.0826901144018
0.0826625657772
0.0820705629151
0.0824214559806
0.0823988171463
0.0823170310981
0.0823937040281
0.0823679414973
0.081589501186
0.0821626786415
0.0813206555079
0.0813404583843
0.082082951233
0.0816777857318
0.0812513923284
0.0812794501585
0.0810389744549
0.0804857258973
0.0813009441213
0.0807366958629
0.0817340336082
0.0803179778382
0.0806427777317
0.0824950329362
0.0807407999491
0.0806527069582
0.0803677976226
0.0803626964968
0.0799007286776
0.0804598863741
0.0810549724303
0.0804547609002
0.080780206914
0.0799138965098
0.0809189217548
0.0802783711219
0.0795162380316
0.0801532005408
0.0792180302551
0.0802035827483
0.0787312204974
0.0802873411949
0.079514227683
0.0808447046791
0.0804729431954
0.0815022356577
0.0796323692076
0.0794835512734
0.0801264423455
0.0790820510561
0.0806386199315
0.0783812760439
0.0792804245184
