0.516405086942
0.523948324894
0.550784600683
0.526914594693
0.54069170823
0.599477938874
0.580509890039
0.555316988044
0.610176194259
0.594024866463
0.526742602993
0.535322867978
0.627843032448
0.593699572371
0.594766888976
0.570966066342
0.586270743026
0.539329918441
0.598300272383
0.614677647589
0.556665244195
0.536958168895
0.586427380835
0.611345787873
0.573138643788
0.633860188137
0.608697949363
0.585299677053
0.563288441556
0.621679210923
0.619439609745
0.604298241706
0.556168376615
0.543987896457
0.612670956624
0.624528912493
0.585661400217
0.612761938462
0.599957406061
0.602867799897
0.62706856074
0.634706342193
0.590621245555
0.621461767725
0.626388214321
0.562261952112
0.576311400982
0.625354827795
0.575956009286
0.64180210966
0.606328777653
0.589902118475
0.641805026865
0.632283680389
0.630569947444
0.593866103311
0.626345871996
0.619927341776
0.634640268009
0.589527619256
0.625595166426
0.591992510262
0.602867381684
0.624388725528
0.628028139574
0.550976796858
0.60327948577
0.626235443266
0.601242923446
0.596764783762
0.599774345435
0.58027644849
0.619191763853
0.629646989648
0.629684402548
0.620191299143
0.604845603332
0.57189213331
0.581720423937
0.625324651347
0.619133649423
0.631104193644
0.623334071856
0.627921351352
0.530241298738
0.627837458563
0.611230734808
0.638906120168
0.627593479425
0.583556943455
0.627209731533
0.63052900716
0.644733770641
0.623083535004
0.626015195986
0.594954687062
0.594490268676
0.595730334564
0.608433991996
0.613392130204
0.640146830514
0.605931077911
0.626869388639
0.625458280599
0.632678689172
0.625050913972
0.625553355437
0.624603025274
0.635584458672
0.611621458624
0.640586646336
0.645783381764
0.619883936779
0.598206825832
0.602178849265
0.599056812363
0.619894248123
0.615926091444
0.635334679402
0.641247353896
0.617245233818
0.619843222741
0.608063890867
0.623848113582
0.62578391406
0.560233236419
0.586925005997
0.607622141669
0.622944523834
0.629417946189
0.621317374637
0.63706346115
0.609809959883
0.617311081756
0.632249071571
0.584851483266
0.615497875884
0.6091573252
0.61542535711
0.631387597903
0.617219455459
0.622612898276
0.635943298909
0.611249537241
0.625862346088
0.618645159809
0.633538568833
0.625750289071
0.60412098121
0.618270547467
0.644481639782
0.623542266382
0.617523787495
0.616412534557
0.556268833371
0.633651157186
0.610618701039
0.552733290341
0.616580772627
0.631745228066
0.61220619887
0.636628269664
0.604396425715
0.623280886851
0.644744003141
0.606116071914
