0.0755222880125
0.113068857421
0.218405638836
0.121467098166
0.181762420773
0.382330920888
0.324463824864
0.237479334824
0.413209955329
0.36892550866
0.114073426573
0.154720555731
0.461345344458
0.364580672627
0.371344784248
0.303371791432
0.345435684647
0.175665946724
0.385887721014
0.422631328361
0.240295748614
0.171029668412
0.343265377243
0.417667509482
0.303753957485
0.484264169134
0.409422321929
0.343114342595
0.26966713549
0.444054610632
0.436982591876
0.395543175487
0.239525614854
0.191967463142
0.415215989684
0.45154483798
0.341301692549
0.420953131154
0.381159906135
0.393560513198
0.461244862008
0.47662469243
0.362244468747
0.445000379046
0.455568898229
0.257120862202
0.306680069451
0.457500921489
0.314107142857
0.497915100144
0.405722963792
0.351901585376
0.493360500246
0.469593352452
0.4658788774
0.356667833392
0.460762085863
0.439320574898
0.477873563218
0.34831264207
0.45197997269
0.353372946522
0.387393412473
0.447378521532
0.460257268198
0.216140631243
0.388336536051
0.456968433591
0.383071626501
0.372238679645
0.380031935457
0.320007203314
0.437846153846
0.471116816431
0.461986992599
0.439781723157
0.395559210526
0.294377880184
0.323936074699
0.453190848886
0.4354111612
0.469137603969
0.447869997722
0.460809008742
0.125108790252
0.456810631229
0.415003990423
0.487321150305
0.457824098373
0.334184347214
0.459069974744
0.468929428011
0.506751812679
0.450628366248
0.461661341853
0.366305368268
0.362492458847
0.369332654101
0.408941591219
0.420752475248
0.491466144376
0.400552935437
0.459307487422
0.45875192491
0.474885189437
0.454144554899
0.459400146306
0.456995960338
0.484954026191
0.416573882615
0.493763858093
0.505193130134
0.440452530194
0.375570197669
0.390797041906
0.380387570999
0.441279512567
0.428838951311
0.485369574262
0.492446068442
0.431124639038
0.439481157418
0.409319396792
0.454195648957
0.45537449544
0.246286161063
0.340301667108
0.405553761705
0.448782693902
0.471099088838
0.447143499775
0.486342625018
0.413929874663
0.434260186398
0.474828375286
0.337317630515
0.426574524894
0.409328508243
0.42776823364
0.468960468521
0.428897817695
0.443020382952
0.478977026441
0.414069385466
0.452678639085
0.435375203284
0.475041537239
0.455008234766
0.395081967213
0.435259579728
0.504083698954
0.450634432014
0.437585525315
0.431141439206
0.230738681493
0.474929455177
0.414249282754
0.219465839752
0.430793157076
0.47182232511
0.420091324201
0.482498039495
0.399677158999
0.450378816293
0.499930545909
0.401782820097
