0.0706156629764
0.0645966328296
0.0625171806728
0.061152057712
0.0601178102713
0.0592428815008
0.0590321636199
0.0582793376257
0.0579699649864
0.0573625671685
0.057265511646
0.0569431583408
0.056617609327
0.0567870758906
0.0565045992158
0.0562278823782
0.0562126639477
0.0559788286338
0.0556430915495
0.0558050168173
0.0555890975211
0.0557329231152
0.05533175797
0.0552179822335
0.0549981392431
0.0550994808011
0.0548922471257
0.054991388176
0.0546938902533
0.0549655780557
0.0546620722431
0.0544280191373
0.0548946404145
0.0544998528385
0.0543027817561
0.0545330166879
0.0543227997521
0.0540831219737
0.0540382494799
0.0540650346498
0.05410260888
0.0539327169874
0.0538871278272
0.0538632543017
0.0537908899182
0.0536311428212
0.0537516432988
0.053656136725
0.0537986439668
0.0536477064692
0.0536006967567
0.0534800846291
0.0535275060097
0.0535252890216
0.0533738542406
0.0534029491418
0.0534822749195
0.0533686072333
0.0535556654276
0.0533494213658
0.0531879687525
0.0535229609262
0.0535346732646
0.0532765097869
0.0530570030279
0.0531673354289
0.0530967224908
0.0533295632442
0.0529214562237
0.0530209748774
0.0532356009702
0.0531165831039
0.0532215849642
0.0529147306393
0.0532117602101
0.0528745039289
0.0530590037304
0.0529379533872
0.0530229717477
0.0529689439204
0.0526714747861
0.0526516539038
0.0527489067227
0.0526544843722
0.0526957919338
0.0529124194798
0.052852926531
0.0527191102476
0.052964629219
0.0529155768986
0.0527225677193
0.053103036089
0.0527710796714
0.0526307117957
0.0525724909332
0.0524974460738
0.052829192437
0.0527223553743
0.0526647752833
0.0527102792631
0.0524020173559
0.0523532519854
0.0525257715234
0.0524256030427
0.0526848646261
0.0525348957023
0.0525501469236
0.0524959246964
0.0525555742604
0.0522538872124
0.0524947721274
0.0524051562241
0.0525080274551
0.052592665697
0.0526548233402
0.0526276530846
0.0526759362542
0.0523894188673
0.0525626354139
0.0524357510609
0.052573001724
0.0524284712585
0.0522620206196
0.0526540429978
0.0523736216418
0.052309540321
0.0523020798174
0.0525030758594
0.052140029477
0.0525458396782
0.0523772790115
0.0524591900229
0.0523956683088
0.0524250192628
0.0523693668578
0.0523014630157
0.0522841911063
0.0522931597973
0.0522038479557
0.0523019252421
0.0522297856754
0.0521792356102
0.052470354692
0.0522586581428
0.0521155882341
0.0521206602446
0.0522975792808
0.0524210757403
0.0521139363452
0.0518868287207
0.0523768633337
0.0523467231673
0.0521994137024
0.0521427395357
0.0519303755092
0.0520943603134
0.0523326790391
0.0522262978977
0.0520479636276
0.0522335427746
0.0520261830292
0.0519831538372
0.0522519665349
0.0521618862373
0.0524459436883
0.0521817505154
