0.36215932914
0.390768831842
0.481524789523
0.573914823915
0.624137251035
0.631821367778
0.677392199046
0.685536956931
0.70010254498
0.690018832392
0.716870154175
0.68927322192
0.703064782529
0.729362224757
0.702464623747
0.70375600113
0.667807874333
0.713399388832
0.676850542197
0.689563314623
0.704491274912
0.709075487701
0.698871245456
0.729255319149
0.727320954907
0.711979453311
0.728953509244
0.728806036396
0.702916274694
0.716693855356
0.699751861042
0.688617292959
0.705650577595
0.695684873555
0.735376044568
0.698358151966
0.722782984859
0.73224137931
0.726551226551
0.70611476952
0.714990859232
0.734537687995
0.712800220852
0.709814814815
0.736730921574
0.732416571779
0.725857799788
0.716165925388
0.713025904832
0.717667489261
0.719141323792
0.711160343395
0.733135267389
0.720248361504
0.710144927536
0.721746045772
0.699474079639
0.720741807706
0.725352112676
0.71625245843
0.716500356379
0.702906047212
0.715764832988
0.721436151397
0.724876150035
0.716385607359
0.721340233313
0.716016390522
0.725984251969
0.727256853501
0.668767908309
0.648866995074
0.677523809524
0.673182316405
0.641333062386
0.697093923659
0.676013641531
0.702831923501
0.696445017499
0.688845401174
0.7185282523
0.663640753259
0.684350132626
0.66040872201
0.700009261832
0.703045918837
0.716892924571
0.702118071203
0.664120642382
0.69527259218
0.723219814241
0.688135271207
0.70377994012
0.709801762115
0.705816866129
0.672928284904
0.678181993631
0.695528068506
0.72566054635
0.720322291853
0.734514767932
0.732807215333
0.733235013447
0.718636032093
0.731839190721
0.725340136054
0.727272727273
0.714688270518
0.704874228324
0.695212217746
0.718853362734
0.724781186456
0.714272635723
0.728224821086
0.727959255357
0.718664428937
0.730459414004
0.714615521222
0.71270465563
0.683338123982
0.731274526531
0.700752998048
0.730620834795
0.721276783352
0.738242978445
0.721547933157
0.724488009802
0.725361819435
0.737536534447
0.723171565277
0.717557251908
0.661544090743
0.723415634192
0.731304796287
0.730819931453
0.679487179487
0.703424780348
0.697765363128
0.726273551989
0.696734589479
0.721717302865
0.703362205458
0.705362892098
0.698558322412
0.709736456808
0.703986741552
0.71951876459
0.714863126952
0.71989860583
0.723854494579
0.71388308028
0.694067323786
0.669914263445
0.678145440554
0.687181423447
0.677440948647
0.660358762074
0.650536545859
0.673516420204
0.685725249424
0.668376911692
0.681818181818
0.677682811016
0.672829186744
0.66817244427
0.645430490535
0.657921089525
0.627422680412
0.643075667958
0.659631657541
0.654610492846
0.606898006539
0.676873026505
0.663707211206
0.609453000531
0.666732438832
0.693687707641
0.642246642247
0.673968817841
0.672069464544
0.639830079903
0.690405727924
0.696938098398
0.655168935956
0.686535493827
0.660963618486
0.701172058134
0.653755988177
0.66355696705
0.671748168679
0.700350080424
0.669926650367
0.594790777114
0.688882505027
0.630439308765
0.667000500751
0.692901234568
0.631819598878
0.647058823529
0.655344248958
