0.605487849215
0.617545242966
0.654188279147
0.700638674614
0.730747504373
0.734906058785
0.765988068224
0.770805743912
0.780667026543
0.773546091081
0.795349387793
0.770959370185
0.783798128912
0.805248917025
0.781767045332
0.782234671838
0.755966440716
0.789708144985
0.765152634478
0.772553540879
0.781698230535
0.785500088127
0.777965274995
0.804126066615
0.803091227015
0.789600734567
0.802708121135
0.803692992932
0.781755585894
0.79372069336
0.778681955224
0.774868027412
0.787469540872
0.777236902648
0.810139275798
0.777800451048
0.798235479234
0.809008543389
0.800650046798
0.783775384546
0.791854288302
0.807272700303
0.789857553951
0.787416228309
0.809886441042
0.807479493714
0.802090911153
0.793237797298
0.790152649021
0.793601968929
0.796526045208
0.788535326771
0.808211501669
0.800710892341
0.788412617714
0.799404225566
0.77970894191
0.796989861597
0.802198176146
0.794655713693
0.795127092147
0.78177091362
0.79369762906
0.799120619019
0.801397207969
0.793962097764
0.799833401877
0.79482047947
0.803229089289
0.804302204575
0.759353984365
0.745679442874
0.764972599146
0.764726890182
0.740026595203
0.780478992872
0.764347827099
0.783487706117
0.779237330777
0.773519158493
0.798043548191
0.755598109949
0.769575541255
0.753003536138
0.781103881259
0.783560534626
0.794571454831
0.78460663007
0.755184319533
0.777861500186
0.800293408147
0.771764003055
0.782725188135
0.788144338892
0.784695077153
0.760576828551
0.764589464181
0.776271197779
0.800726627255
0.797227426798
0.812860107021
0.808774817391
0.809031607689
0.79445278857
0.807536936328
0.805628009193
0.805915571282
0.794969830267
0.7846375182
0.777183211982
0.793904800574
0.801393368766
0.791252580555
0.804995907759
0.804202617987
0.797365259987
0.805084209418
0.794172730377
0.790313575595
0.768215067474
0.809433851412
0.781295550539
0.806145748927
0.799289223998
0.819210409823
0.799714619276
0.802178951048
0.804336553804
0.816152223218
0.803638924162
0.795108012474
0.757080798345
0.799695597773
0.808667406974
0.806057621777
0.765915472394
0.785898172714
0.779268102567
0.803719634671
0.785430051765
0.801362480637
0.782817125403
0.785085919608
0.779367805494
0.788347438525
0.784123937602
0.796430268738
0.791340765874
0.795920614598
0.801834004515
0.791601279036
0.77700300214
0.758974746773
0.76475806916
0.771591471619
0.764673693959
0.752589687553
0.745557053749
0.761998555064
0.76961399145
0.757365161098
0.767483001349
0.765244688085
0.760231940188
0.757491593019
0.742360684937
0.750386072536
0.731499115529
0.740911967667
0.75167761518
0.748764794745
0.719330704837
0.764286603452
0.754563503028
0.720656858474
0.756380172962
0.77529001976
0.74050952035
0.760726382942
0.760837312628
0.739306017601
0.772844854916
0.777420951692
0.748439160564
0.769763516756
0.753068744412
0.780904708084
0.74715532541
0.754172631488
0.75921635477
0.779701350759
0.758775486343
0.712416737294
0.7716912618
0.732959437662
0.755767093031
0.773684302373
0.733798768779
0.743177068094
0.748178618318
