0.0657885947103
0.065722846004
0.0545015279639
0.0493506147539
0.0446374274038
0.0406078234869
0.0389783146479
0.036215765698
0.0347252168301
0.0337081099285
0.0323950287386
0.0323242323432
0.0311329842976
0.0302861547199
0.0294496233208
0.0289256068536
0.0283014659416
0.0279499453291
0.0276403363786
0.0291353782313
0.0271998898295
0.026486717905
0.0259454946353
0.0256884834945
0.0256097049182
0.0252475590459
0.0248811208633
0.024578585672
0.0251263000681
0.024200767725
0.024291017081
0.0269385584498
0.0258377181215
0.0246610178124
0.0237901647269
0.0230689520173
0.02293029586
0.0226856403567
0.0227174323501
0.022384022095
0.0224458584785
0.0225651970127
0.0230899619227
0.0228173633392
0.0223791124466
0.0222829535191
0.0225394036804
0.0220506903968
0.0224999502064
0.0223805883335
0.0219584783511
0.0218386966963
0.0216316925914
0.0219357694073
0.0220530936981
0.0219800327492
0.0219001432779
0.0216037719019
0.0217690249523
0.0213391959854
0.0210927083858
0.0218504433355
0.0213618009744
0.0215466402954
0.0224588963329
0.0229650948613
0.0225820001968
0.0221367943557
0.0218586162468
0.021117354617
0.0246666677527
0.0253556535548
0.025080050758
0.0248915549937
0.0238022480355
0.0237619049489
0.0232750113066
0.0232967643113
0.0233211172538
0.0233101039543
0.0228439866298
0.0227833996028
0.0229026390457
0.0228594490283
0.0227918279752
0.0225739822076
0.0224780243708
0.022688164679
0.0249367767157
0.0237390139543
0.0231129138577
0.0236551087667
0.0228461454102
0.022418581996
0.0222438825553
0.0223815505872
0.0220675898185
0.0221003324031
0.0226258634965
0.0213362034781
0.0211108069479
0.0208275828405
0.0206760802473
0.0205812743191
0.0201439383786
0.0208477736754
0.0204619401055
0.0206756041492
0.0205201750921
0.0201327092137
0.0202663090705
0.020221694817
0.0195542076723
0.0195549642117
0.0194496731341
0.0197894627749
0.019641979423
0.019645639516
0.0196969507548
0.0193722531757
0.019613924037
0.0192875988973
0.0201913323663
0.019481767172
0.0191723020527
0.0192407386347
0.0193332925068
0.0193579541027
0.0193670909636
0.0192845241059
0.0191062917453
0.0192782170154
0.0197810481283
0.0197390040907
0.0197220257922
0.019828467389
0.0211880123387
0.0205460772191
0.0200339816893
0.0205150997886
0.0215531809469
0.0219329510692
0.021633625341
0.0213942577972
0.0214227551111
0.0212029723236
0.021005271069
0.0211510228039
0.0211729780089
0.020866530912
0.0215256625123
0.0230278110775
0.0241838356604
0.0240194766692
0.0238104311362
0.0243073975847
0.0260078225943
0.0252613752991
0.0245812518042
0.0243815780725
0.025344256263
0.0253283793327
0.026385863035
0.0261711813709
0.0261597274755
0.025070401194
0.0247469797016
0.0250308858314
0.0246207451914
0.0250060063222
0.0247464852428
0.0248343844115
0.024138384343
0.0245947279285
0.0252639459915
0.0243966798649
0.0248295712948
0.0246072900952
0.0237612319276
0.0232610741331
0.024000230813
0.0239634033487
0.0241707155848
0.024240195781
0.0241800990253
0.0237464020989
0.0234809501628
0.0236659564881
0.0236917415738
0.0232366070395
0.0238108653182
0.0233719981007
0.024197738484
0.0238836890384
0.0245948213854
0.0239527456113
0.02366729286
0.0243330252228
0.0240803569276
0.0246301006695
