0.924725011956
0.911956001913
0.927594452415
0.927116212339
0.924151123864
0.920325203252
0.928168340507
0.928120516499
0.919846963176
0.932042085127
0.934959349593
0.940315638451
0.92668579627
0.922764227642
0.934959349593
0.933046389287
0.926111908178
0.924725011956
0.924677187948
0.924677187948
0.921807747489
0.925203252033
0.927164036346
0.932042085127
0.928120516499
0.931516021043
0.928120516499
0.921759923482
0.930081300813
0.93787661406
0.934481109517
0.926159732186
0.926159732186
0.930081300813
0.932042085127
0.930081300813
0.929603060736
0.932042085127
0.925681492109
0.927642276423
0.923720707795
0.923720707795
0.925681492109
0.925681492109
0.923720707795
0.925681492109
0.926159732186
0.924198947872
0.925681492109
0.925681492109
