0.93359375
0.918163672655
0.932
0.932270916335
0.927419354839
0.9296875
0.937984496124
0.934911242604
0.929961089494
0.939096267191
0.940711462451
0.94422310757
0.93567251462
0.931506849315
0.940711462451
0.941634241245
0.929577464789
0.93359375
0.93041749503
0.93041749503
0.932038834951
0.933333333333
0.93542074364
0.939096267191
0.934911242604
0.93625498008
0.934911242604
0.928853754941
0.937007874016
0.942345924453
0.94094488189
0.932806324111
0.932806324111
0.937007874016
0.939096267191
0.937007874016
0.937254901961
0.939096267191
0.933070866142
0.935166994106
0.930966469428
0.930966469428
0.933070866142
0.933070866142
0.930966469428
0.933070866142
0.932806324111
0.930693069307
0.933070866142
0.933070866142
