3.433618545532226562e-01
7.911518216133117676e-01
7.492828369140625000e-01
8.601487874984741211e-01
7.905354499816894531e-01
2.515204548835754395e-01
9.550561308860778809e-01
1.117611289024353027e+00
7.040890455245971680e-01
8.114692568778991699e-01
8.559867739677429199e-01
7.754876017570495605e-01
7.912026643753051758e-01
8.488090038299560547e-01
5.124374628067016602e-01
9.483547806739807129e-01
1.004299640655517578e+00
9.589217305183410645e-01
4.979462921619415283e-01
7.744807004928588867e-02
1.470186710357666016e-01
1.065806001424789429e-01
2.866950333118438721e-01
1.475819945335388184e-01
1.104851886630058289e-01
8.055889606475830078e-01
5.740323662757873535e-01
2.946765124797821045e-01
1.102979034185409546e-01
2.289033383131027222e-01
4.320988431572914124e-02
3.894368708133697510e-01
7.756057381629943848e-01
5.798889994621276855e-01
3.688064515590667725e-01
7.694543153047561646e-02
8.978337794542312622e-02
3.562837541103363037e-01
1.016204878687858582e-01
1.599221974611282349e-01
7.206779718399047852e-02
1.640140414237976074e-01
2.765127420425415039e-01
1.390322893857955933e-01
4.401541352272033691e-01
2.538041174411773682e-01
2.163257896900177002e-01
1.226300671696662903e-01
1.148299798369407654e-01
3.938412666320800781e-01
3.316177129745483398e-01
3.033404052257537842e-01
3.716017007827758789e-01
6.674818694591522217e-02
6.769781112670898438e-01
8.955110907554626465e-01
1.021500349044799805e+00
6.933532953262329102e-01
7.418802976608276367e-01
8.461346626281738281e-01
2.377361655235290527e-01
3.682186603546142578e-01
7.266579866409301758e-01
1.034971594810485840e+00
7.891172766685485840e-01
8.007864356040954590e-01
9.250748753547668457e-01
7.760807871818542480e-01
8.218985795974731445e-01
9.210541248321533203e-01
8.408776521682739258e-01
8.668766021728515625e-01
7.290651202201843262e-01
7.138463258743286133e-01
1.016664862632751465e+00
1.029286265373229980e+00
7.421396374702453613e-01
7.483719587326049805e-01
1.467358171939849854e-01
1.171721965074539185e-01
1.621791869401931763e-01
9.458216279745101929e-02
1.566580533981323242e-01
5.986811518669128418e-01
2.486359775066375732e-01
2.343482673168182373e-01
1.661381125450134277e-01
1.170416101813316345e-01
9.479627013206481934e-02
1.329120546579360962e-01
1.761592775583267212e-01
9.751940965652465820e-01
9.551572799682617188e-01
7.491532564163208008e-01
3.396021723747253418e-01
7.721993923187255859e-01
4.693525135517120361e-01
1.376026719808578491e-01
1.413857787847518921e-01
2.806902825832366943e-01
8.710833191871643066e-01
8.432451486587524414e-01
7.685179114341735840e-01
5.458155274391174316e-01
8.208124637603759766e-01
8.766592144966125488e-01
7.833825349807739258e-01
7.933305501937866211e-01
7.488332390785217285e-01
9.047541022300720215e-01
6.900109052658081055e-01
8.234752416610717773e-01
4.688194990158081055e-01
4.256774485111236572e-01
7.850231230258941650e-02
8.784745335578918457e-01
8.282291889190673828e-01
7.966348528861999512e-01
8.685325980186462402e-01
8.844429254531860352e-01
8.114610910415649414e-01
8.812907934188842773e-01
2.168225497007369995e-01
9.103481173515319824e-01
7.110788226127624512e-01
8.269305825233459473e-01
6.499734520912170410e-02
4.561879113316535950e-02
1.119278520345687866e-01
2.224554717540740967e-01
6.722807884216308594e-02
3.333523869514465332e-01
2.003456354141235352e-01
1.877230852842330933e-01
2.349597662687301636e-01
3.209059536457061768e-01
7.761224359273910522e-02
2.188033312559127808e-01
7.066093087196350098e-01
3.575163483619689941e-01
1.806843578815460205e-01
6.554517745971679688e-01
7.655158638954162598e-01
7.875065207481384277e-01
7.125881910324096680e-01
1.036619663238525391e+00
5.230554342269897461e-01
3.310953080654144287e-01
8.567775487899780273e-01
7.824549674987792969e-01
7.752020955085754395e-01
7.409238219261169434e-01
7.076646685600280762e-01
6.813794374465942383e-01
7.090498208999633789e-01
7.404804825782775879e-01
5.344660878181457520e-01
6.552956104278564453e-01
7.170621305704116821e-02
6.323889642953872681e-02
1.775113940238952637e-01
7.307124733924865723e-01
1.528612077236175537e-01
4.343721270561218262e-01
1.751918792724609375e-01
2.075617313385009766e-01
3.522359728813171387e-01
1.563186943531036377e-01
2.797066569328308105e-01
2.167084813117980957e-01
1.011252775788307190e-01
3.095298111438751221e-01
5.078970789909362793e-01
7.642431855201721191e-01
1.390060484409332275e-01
9.198568463325500488e-01
7.710093259811401367e-01
8.606646209955215454e-02
8.353533595800399780e-02
9.249742329120635986e-02
8.817585110664367676e-01
9.108705520629882812e-01
4.433258175849914551e-01
8.567144274711608887e-01
2.423402070999145508e-01
2.292008697986602783e-01
7.941076159477233887e-01
1.010314106941223145e+00
8.402949571609497070e-01
8.230034112930297852e-01
7.595638036727905273e-01
7.230966687202453613e-01
5.257219672203063965e-01
2.158315628767013550e-01
2.725396156311035156e-01
7.645369172096252441e-01
6.451966762542724609e-01
1.297652721405029297e-01
1.804690808057785034e-01
1.922492086887359619e-01
1.198931559920310974e-01
1.334921568632125854e-01
8.130086958408355713e-02
7.847797125577926636e-02
1.583211123943328857e-01
1.114466488361358643e-01
3.132555782794952393e-01
6.231935620307922363e-01
1.671190857887268066e-01
1.675533652305603027e-01
1.730478554964065552e-01
7.265578508377075195e-01
1.118560880422592163e-01
1.112542375922203064e-01
1.737811565399169922e-01
5.036591887474060059e-01
2.420885413885116577e-01
1.200438439846038818e-01
7.341793179512023926e-01
2.400105446577072144e-01
6.652064919471740723e-01
8.030031919479370117e-01
8.423202037811279297e-01
8.358040452003479004e-01
7.483975887298583984e-01
7.295658588409423828e-01
6.871175765991210938e-01
8.415124416351318359e-01
8.414165973663330078e-01
9.813305139541625977e-01
7.796185612678527832e-01
7.981922626495361328e-01
8.164266943931579590e-01
7.665262818336486816e-01
7.490237951278686523e-01
6.891965270042419434e-01
6.109644770622253418e-01
6.093026995658874512e-01
6.256499290466308594e-01
7.849508523941040039e-01
8.238338232040405273e-01
7.598187327384948730e-01
7.780750989913940430e-01
8.623278141021728516e-01
1.106212854385375977e+00
6.886017918586730957e-01
7.212325930595397949e-01
8.865681290626525879e-01
8.347935080528259277e-01
8.188258409500122070e-01
7.647594809532165527e-01
9.418786168098449707e-01
9.581418037414550781e-01
7.196002602577209473e-01
3.861408233642578125e-01
7.544593513011932373e-02
1.231311783194541931e-01
3.267236948013305664e-01
7.567434906959533691e-01
5.637782216072082520e-01
8.366100788116455078e-01
8.238677382469177246e-01
1.670194119215011597e-01
5.957379937171936035e-01
7.140621542930603027e-02
5.884139239788055420e-02
7.520949095487594604e-02
2.161083668470382690e-01
3.063842356204986572e-01
7.656683325767517090e-01
6.618555188179016113e-01
6.601894497871398926e-01
1.012631177902221680e+00
2.617984712123870850e-01
2.988988459110260010e-01
9.185920953750610352e-01
7.938143014907836914e-01
5.940315723419189453e-01
6.799052357673645020e-01
7.534863948822021484e-01
7.968096733093261719e-01
7.950237393379211426e-01
6.670803427696228027e-01
7.540687918663024902e-01
4.141007661819458008e-01
9.011564254760742188e-01
2.636329531669616699e-01
3.834719955921173096e-02
5.583689212799072266e-01
4.164741337299346924e-01
5.280765891075134277e-01
6.733502745628356934e-01
5.926093459129333496e-01
6.985233426094055176e-01
7.073512673377990723e-01
1.017859876155853271e-01
1.456644982099533081e-01
1.566384732723236084e-01
4.553853720426559448e-02
1.305945664644241333e-01
1.603135019540786743e-01
3.990648388862609863e-01
7.450740039348602295e-02
1.956915408372879028e-01
3.450669348239898682e-01
1.890231519937515259e-01
6.838312745094299316e-01
2.250003069639205933e-01
1.066244542598724365e-01
1.236762925982475281e-01
1.675381660461425781e-01
9.040367603302001953e-02
9.730227589607238770e-01
9.293661117553710938e-01
6.114257574081420898e-01
6.326262354850769043e-01
6.199164986610412598e-01
5.215511918067932129e-01
7.518002390861511230e-01
7.664240598678588867e-01
2.167758643627166748e-01
8.181550502777099609e-01
6.818910241127014160e-01
8.883123099803924561e-02
1.819791942834854126e-01
3.226540982723236084e-01
1.530067771673202515e-01
7.810094207525253296e-02
1.063600182533264160e-01
1.080972850322723389e-01
1.336989700794219971e-01
2.855404019355773926e-01
1.278283298015594482e-01
1.188326179981231689e-01
1.060202866792678833e-01
1.090444028377532959e-01
2.241001427173614502e-01
1.235002428293228149e-01
1.829421222209930420e-01
4.450430274009704590e-01
2.750895917415618896e-01
2.427288740873336792e-01
3.371317088603973389e-01
2.305085062980651855e-01
1.325414627790451050e-01
7.847098261117935181e-02
1.135739833116531372e-01
7.098992466926574707e-01
7.930225729942321777e-01
6.043602824211120605e-01
4.789188802242279053e-01
4.417964816093444824e-01
7.630425095558166504e-01
7.361646890640258789e-01
7.624934315681457520e-01
2.508358657360076904e-01
7.824856042861938477e-01
7.823215126991271973e-01
9.014294743537902832e-01
1.843156367540359497e-01
8.564770817756652832e-01
7.959430813789367676e-01
7.706872373819351196e-02
7.902740687131881714e-02
1.042533218860626221e-01
9.747955203056335449e-02
1.992491632699966431e-01
1.163257658481597900e-01
3.377083837985992432e-01
1.316534131765365601e-01
1.181098297238349915e-01
1.810124218463897705e-01
7.736589312553405762e-01
8.582052588462829590e-01
7.050323486328125000e-01
9.100341796875000000e-01
7.988607883453369141e-01
7.476901412010192871e-01
7.475574612617492676e-01
8.339365720748901367e-01
6.804952025413513184e-01
8.675208687782287598e-01
8.605838418006896973e-01
5.191484689712524414e-01
8.031175732612609863e-01
6.447380781173706055e-01
1.767023503780364990e-01
1.060988083481788635e-01
6.460751295089721680e-01
3.187832236289978027e-01
6.849826574325561523e-01
5.737445354461669922e-01
8.024098277091979980e-01
6.039982438087463379e-01
7.470014095306396484e-01
7.438319325447082520e-01
9.532741308212280273e-01
6.805754303932189941e-01
7.111144065856933594e-01
8.304051160812377930e-01
6.024060249328613281e-01
5.893952846527099609e-01
6.962058544158935547e-01
6.805068850517272949e-01
7.407842278480529785e-01
6.419321298599243164e-01
5.908902734518051147e-02
6.938944011926651001e-02
3.308388218283653259e-02
1.032097786664962769e-01
4.006643295288085938e-01
5.199698209762573242e-01
7.467578053474426270e-01
4.515257477760314941e-01
7.273808121681213379e-02
2.052171677350997925e-01
6.102731227874755859e-01
2.692227661609649658e-01
6.705755591392517090e-01
8.821519613265991211e-01
7.403751015663146973e-01
1.284487545490264893e-01
7.755927741527557373e-02
4.432245790958404541e-01
8.099088668823242188e-01
7.456040978431701660e-01
2.238246500492095947e-01
5.067407488822937012e-01
2.280800938606262207e-01
8.568159937858581543e-01
7.248286008834838867e-01
4.542982280254364014e-01
7.158141136169433594e-01
5.377036333084106445e-01
1.122141242027282715e+00
8.514764904975891113e-01
8.329427838325500488e-01
9.637634754180908203e-01
2.923055589199066162e-01
1.558158695697784424e-01
1.947466582059860229e-01
1.880775690078735352e-01
5.039383172988891602e-01
7.310087680816650391e-01
2.647594809532165527e-01
6.793969869613647461e-02
2.323466986417770386e-01
1.139389276504516602e-01
7.955145090818405151e-02
2.182309925556182861e-01
1.462526917457580566e-01
3.574855029582977295e-01
1.861504912376403809e-01
6.022723913192749023e-01
1.951471865177154541e-01
1.705574393272399902e-01
7.902339696884155273e-01
2.636752426624298096e-01
2.207818627357482910e-01
2.062141746282577515e-01
