6.324982643127441406e-01
4.550646245479583740e-01
4.311992824077606201e-01
2.280351221561431885e-01
1.049006506800651550e-01
8.145948499441146851e-02
6.338661909103393555e-02
9.076294302940368652e-02
4.382053613662719727e-01
4.462582468986511230e-01
3.823544979095458984e-01
4.861084818840026855e-01
5.658202171325683594e-01
2.798978686332702637e-01
4.122787714004516602e-01
1.680165678262710571e-01
4.595512747764587402e-01
5.239313840866088867e-01
6.620003283023834229e-02
4.900370538234710693e-01
4.957549273967742920e-02
7.205777615308761597e-02
1.220326721668243408e-01
4.112601876258850098e-01
1.096340790390968323e-01
1.670730113983154297e-01
3.183401823043823242e-01
4.254719614982604980e-01
1.161767318844795227e-01
3.471382334828376770e-02
1.329150199890136719e-01
5.234384536743164062e-02
1.759167015552520752e-01
7.801505178213119507e-02
1.283387094736099243e-01
6.865523755550384521e-02
1.363506913185119629e-01
1.981477588415145874e-01
9.547284245491027832e-02
1.372894495725631714e-01
1.009675487875938416e-01
1.325347423553466797e-01
1.622635275125503540e-01
1.238749399781227112e-01
9.274348616600036621e-02
8.258893340826034546e-02
1.744239926338195801e-01
1.104870811104774475e-01
2.476982176303863525e-01
1.952790617942810059e-01
1.026783734560012817e-01
8.431532233953475952e-02
1.418542563915252686e-01
2.984732389450073242e-01
2.523635625839233398e-01
4.615440666675567627e-01
9.835726022720336914e-02
7.315337657928466797e-02
6.797404885292053223e-01
7.899807691574096680e-01
1.749306023120880127e-01
5.060491561889648438e-01
1.113760247826576233e-01
5.067524313926696777e-01
6.607789397239685059e-01
3.456793725490570068e-01
2.257402241230010986e-01
1.378758698701858521e-01
5.106987357139587402e-01
4.248501360416412354e-01
4.327928721904754639e-01
7.051241397857666016e-01
7.326383590698242188e-01
9.189538359642028809e-01
7.043838500976562500e-01
8.338511586189270020e-01
5.046878457069396973e-01
5.683659315109252930e-01
5.960268974304199219e-01
9.693562984466552734e-01
4.130146801471710205e-01
9.889456629753112793e-02
8.167093992233276367e-02
1.011575534939765930e-01
7.649395614862442017e-02
8.865979909896850586e-01
6.711540222167968750e-01
6.345323920249938965e-01
6.678996086120605469e-01
5.182446837425231934e-01
4.200162291526794434e-01
4.848642349243164062e-01
7.687372565269470215e-01
6.667935252189636230e-01
9.741904139518737793e-01
8.874485492706298828e-01
4.518610239028930664e-01
4.334520399570465088e-01
4.371134936809539795e-01
6.132611036300659180e-01
6.201367974281311035e-01
5.085854530334472656e-01
3.332518339157104492e-01
3.592036962509155273e-01
8.408863544464111328e-01
3.277176320552825928e-01
5.085215568542480469e-01
7.627552747726440430e-01
4.680907726287841797e-01
8.046004772186279297e-01
1.441056132316589355e-01
7.314168810844421387e-01
9.163552522659301758e-01
5.598520040512084961e-01
6.072368621826171875e-01
6.810337901115417480e-01
7.087761759757995605e-01
5.625784397125244141e-01
9.091160893440246582e-01
5.511734485626220703e-01
5.060610771179199219e-01
4.624072015285491943e-01
5.495150685310363770e-01
6.467319726943969727e-01
7.695811986923217773e-01
6.432920098304748535e-01
9.690300226211547852e-01
3.599636852741241455e-01
9.739126563072204590e-01
7.176405787467956543e-01
5.610449910163879395e-01
5.374752283096313477e-01
8.585771322250366211e-01
8.642071485519409180e-01
6.444391012191772461e-01
7.407073974609375000e-01
4.687340557575225830e-01
6.679906249046325684e-01
8.749487996101379395e-01
3.275558054447174072e-01
6.559395790100097656e-01
1.514903157949447632e-01
5.686375498771667480e-01
9.420078396797180176e-01
1.806687116622924805e-01
8.927211761474609375e-01
8.601616024971008301e-01
8.260004520416259766e-01
1.057352542877197266e+00
4.436099529266357422e-01
1.834870427846908569e-01
6.421234011650085449e-01
6.213648915290832520e-01
1.009741067886352539e+00
8.765991926193237305e-01
4.006597995758056641e-01
7.137028574943542480e-01
9.655796885490417480e-01
8.252636194229125977e-01
2.566908299922943115e-01
1.579037457704544067e-01
4.080276489257812500e-01
6.714565753936767578e-01
9.531406164169311523e-01
7.760437130928039551e-01
4.919274449348449707e-01
1.526853442192077637e-01
3.941380381584167480e-01
4.422294795513153076e-01
2.428020387887954712e-01
2.807463109493255615e-01
9.105390906333923340e-01
9.601395726203918457e-01
5.149617195129394531e-01
7.236987948417663574e-01
8.445062041282653809e-01
4.724911749362945557e-01
8.777226805686950684e-01
7.676273584365844727e-02
5.060896649956703186e-02
1.539508104324340820e-01
2.508180961012840271e-02
7.244506478309631348e-02
1.656021028757095337e-01
5.582094565033912659e-02
2.305940389633178711e-01
9.752357006072998047e-02
5.718270689249038696e-02
6.587463617324829102e-02
7.193961739540100098e-02
7.126052677631378174e-02
1.506506931036710739e-02
1.026594638824462891e-01
1.307799220085144043e-01
1.144045516848564148e-01
5.682831406593322754e-01
6.825040578842163086e-01
4.186429083347320557e-01
2.227912992238998413e-01
4.050555825233459473e-01
1.796422302722930908e-01
4.472439885139465332e-01
8.754783868789672852e-01
7.715687751770019531e-01
2.545003294944763184e-01
5.495262145996093750e-01
8.429537415504455566e-01
1.598737575113773346e-02
3.908362090587615967e-01
3.570426106452941895e-01
1.167272850871086121e-01
9.253896772861480713e-02
1.096727326512336731e-01
1.190581768751144409e-01
7.306012511253356934e-02
1.088039800524711609e-01
1.521279811859130859e-01
4.121550917625427246e-01
8.856042474508285522e-02
9.648407995700836182e-02
1.087856590747833252e-01
1.012240946292877197e-01
1.521658003330230713e-01
1.235946640372276306e-01
1.339217275381088257e-01
5.990754961967468262e-01
5.135692954063415527e-01
2.779929935932159424e-01
4.907267987728118896e-01
1.112757027149200439e-01
1.005220785737037659e-01
7.378983497619628906e-02
1.191070973873138428e-01
1.120107024908065796e-01
9.136172384023666382e-02
1.299108862876892090e-01
7.314319014549255371e-01
4.465037286281585693e-01
1.245608776807785034e-01
1.074873730540275574e-01
5.636103451251983643e-02
2.464479506015777588e-01
1.993710398674011230e-01
4.420777261257171631e-01
7.732781767845153809e-02
1.189703419804573059e-01
6.670252680778503418e-01
1.430565118789672852e-01
1.309427917003631592e-01
6.868168711662292480e-01
7.505826950073242188e-01
1.108435541391372681e-01
8.136928081512451172e-02
6.129706501960754395e-01
5.378386378288269043e-01
5.718123912811279297e-01
2.574575245380401611e-01
1.160687133669853210e-01
4.821946471929550171e-02
9.283774346113204956e-02
1.596257537603378296e-01
1.670395284891128540e-01
1.626797020435333252e-01
1.556065231561660767e-01
1.774724423885345459e-01
4.054495394229888916e-01
2.580411136150360107e-01
1.116339340806007385e-01
4.912987649440765381e-01
1.282769292593002319e-01
4.071803092956542969e-01
5.669786930084228516e-01
6.127660870552062988e-01
1.350222826004028320e-01
5.474705249071121216e-02
1.951990872621536255e-01
1.580224186182022095e-01
9.007988870143890381e-02
1.138244271278381348e-01
7.981153726577758789e-01
2.334253191947937012e-01
3.375336825847625732e-01
3.960298299789428711e-01
2.716845571994781494e-01
8.295446634292602539e-02
6.069493293762207031e-01
4.156778752803802490e-01
4.732527732849121094e-01
1.265202164649963379e-01
2.211445868015289307e-01
1.127997785806655884e-01
3.789039552211761475e-01
2.189806699752807617e-01
1.690669655799865723e-01
4.120501577854156494e-01
1.146208345890045166e-01
1.548742949962615967e-01
2.217200547456741333e-01
1.103215813636779785e-01
1.852665245532989502e-01
4.537232816219329834e-01
2.884821966290473938e-02
4.965585097670555115e-02
1.056491658091545105e-01
9.089014679193496704e-02
1.217886283993721008e-01
7.502995431423187256e-02
6.830816268920898438e-01
8.673422783613204956e-02
1.659139394760131836e-01
1.622673571109771729e-01
1.464324146509170532e-01
2.382686138153076172e-01
1.519713550806045532e-01
3.511306643486022949e-01
5.506187677383422852e-02
9.620507806539535522e-02
4.406251609325408936e-01
6.111477017402648926e-01
4.363000392913818359e-01
5.933461189270019531e-01
5.891993045806884766e-01
7.534765005111694336e-01
2.070701420307159424e-01
5.343785881996154785e-01
2.565509974956512451e-01
1.101409643888473511e-01
7.985959649085998535e-01
5.525053739547729492e-01
4.865227639675140381e-01
5.368102788925170898e-01
4.161770343780517578e-01
7.417514920234680176e-01
4.171527624130249023e-01
2.065817564725875854e-01
2.064318954944610596e-01
2.289088964462280273e-01
1.718288809061050415e-01
5.687315016984939575e-02
4.429793357849121094e-02
1.401147246360778809e-01
2.796196639537811279e-01
5.689980983734130859e-01
1.173786148428916931e-01
6.618440896272659302e-02
1.297498643398284912e-01
7.238427549600601196e-02
3.305650055408477783e-01
3.121301531791687012e-01
1.095604375004768372e-01
1.142110377550125122e-01
4.187095165252685547e-01
2.720884978771209717e-01
5.154199004173278809e-01
2.784584164619445801e-01
1.063966751098632812e-01
3.468242585659027100e-01
1.493073552846908569e-01
7.591588497161865234e-01
5.545420050621032715e-01
5.163413882255554199e-01
1.731029003858566284e-01
9.751275926828384399e-02
9.138108789920806885e-02
9.174817800521850586e-02
2.562003135681152344e-01
5.549367517232894897e-02
1.802470833063125610e-01
6.214970722794532776e-02
1.299835592508316040e-01
7.651700824499130249e-02
2.314567863941192627e-01
8.936042338609695435e-02
8.834184706211090088e-02
1.477974206209182739e-01
2.397520095109939575e-01
1.196641102433204651e-01
3.890568763017654419e-02
9.297074750065803528e-03
6.124405190348625183e-02
4.244332760572433472e-02
1.828465759754180908e-01
1.467935591936111450e-01
1.205156743526458740e-01
8.569696545600891113e-02
4.131051152944564819e-02
7.322563976049423218e-02
6.289044022560119629e-02
1.384079754352569580e-01
2.056014537811279297e-02
4.285085946321487427e-02
1.109532639384269714e-01
6.030835583806037903e-02
9.187176078557968140e-02
6.430516391992568970e-02
8.447150886058807373e-02
9.324604272842407227e-02
5.291061848402023315e-02
4.099238291382789612e-02
2.027376294136047363e-01
1.250230967998504639e-01
3.663747310638427734e-01
1.695412844419479370e-01
9.550046175718307495e-02
1.391972005367279053e-01
1.522245556116104126e-01
4.348397552967071533e-01
1.701051145792007446e-01
3.054022192955017090e-01
2.298151552677154541e-01
2.797375619411468506e-01
1.390409320592880249e-01
2.278663069009780884e-01
2.294850051403045654e-01
2.661318778991699219e-01
1.005027964711189270e-01
1.386255025863647461e-01
4.044609963893890381e-01
1.419210284948348999e-01
1.284910291433334351e-01
8.399433642625808716e-02
8.671881258487701416e-02
1.560643315315246582e-02
3.028934895992279053e-01
1.779126673936843872e-01
1.406704336404800415e-01
1.519506573677062988e-01
1.671385020017623901e-01
1.643081456422805786e-01
3.134664595127105713e-01
2.058304101228713989e-01
4.238713681697845459e-01
2.857570350170135498e-01
2.619421184062957764e-01
2.281734645366668701e-01
2.405961304903030396e-01
2.505123317241668701e-01
1.022287756204605103e-01
3.543040752410888672e-01
3.741556406021118164e-01
5.917050838470458984e-01
3.012096583843231201e-01
1.922508031129837036e-01
4.639559388160705566e-01
4.056569039821624756e-01
1.372506320476531982e-01
2.699835002422332764e-01
4.029561579227447510e-01
2.572570443153381348e-01
4.358076155185699463e-01
3.192024230957031250e-01
4.739859402179718018e-01
2.768284380435943604e-01
2.459560930728912354e-01
7.414821982383728027e-01
6.664357185363769531e-01
2.541525661945343018e-01
3.069458901882171631e-01
1.084929332137107849e-01
6.448653340339660645e-02
6.821359694004058838e-02
6.496678292751312256e-02
2.477119117975234985e-02
4.856439307332038879e-02
1.183265224099159241e-01
1.355600804090499878e-01
3.132425248622894287e-02
7.894312590360641479e-02
5.917292088270187378e-02
6.224038451910018921e-02
6.355200707912445068e-02
1.054380759596824646e-01
1.516369730234146118e-01
1.059229522943496704e-01
1.053674072027206421e-01
3.964386507868766785e-02
3.098874092102050781e-01
4.575534164905548096e-01
1.745208352804183960e-01
7.760626822710037231e-02
4.234210029244422913e-02
6.326942890882492065e-02
1.626621335744857788e-01
2.222012430429458618e-01
2.447096109390258789e-01
3.254609405994415283e-01
6.901928782463073730e-02
6.066102534532546997e-02
1.317514628171920776e-01
7.758308947086334229e-02
7.829297333955764771e-02
1.079135760664939880e-01
5.916749313473701477e-02
1.423583477735519409e-01
9.383319318294525146e-02
1.853494495153427124e-01
1.984174102544784546e-01
3.340220451354980469e-01
5.086975917220115662e-02
1.344872266054153442e-01
5.163330435752868652e-01
1.760908365249633789e-01
1.812307089567184448e-01
2.396260350942611694e-01
2.468636333942413330e-01
2.286280393600463867e-01
2.052888125181198120e-01
2.323310524225234985e-01
9.745416045188903809e-02
8.459160476922988892e-02
1.871470510959625244e-01
1.092347577214241028e-01
9.819469600915908813e-02
1.156702190637588501e-01
5.043292418122291565e-02
5.832101032137870789e-02
5.550955608487129211e-02
2.326020747423171997e-01
2.407613769173622131e-02
1.841311007738113403e-01
2.170470803976058960e-01
1.165552288293838501e-01
2.451175749301910400e-01
7.868104428052902222e-02
1.733208596706390381e-01
9.812849760055541992e-02
6.435053795576095581e-02
9.873314201831817627e-02
4.701643064618110657e-02
2.567185088992118835e-02
1.471208315342664719e-02
1.285505145788192749e-01
1.215303391218185425e-01
6.248968467116355896e-02
9.837419539690017700e-02
1.088763251900672913e-01
4.941246286034584045e-02
1.124307066202163696e-01
1.248555257916450500e-01
1.116817519068717957e-01
1.970641314983367920e-02
6.664343923330307007e-02
1.777590811252593994e-02
1.176886186003684998e-01
1.138282641768455505e-01
1.120830848813056946e-01
2.725793235003948212e-02
1.882209628820419312e-02
1.071262955665588379e-01
1.268318295478820801e-01
8.542362600564956665e-02
1.015076935291290283e-01
4.774962365627288818e-02
1.936097443103790283e-01
3.274388313293457031e-01
2.380009740591049194e-01
1.220556870102882385e-01
1.164100468158721924e-01
3.223692178726196289e-01
4.126711487770080566e-01
1.992835104465484619e-01
6.576843559741973877e-02
2.643096148967742920e-01
4.004099667072296143e-01
9.093713015317916870e-02
1.831064559519290924e-02
5.979971215128898621e-02
4.698798805475234985e-02
8.316410332918167114e-02
3.310494422912597656e-01
2.738153040409088135e-01
5.896818637847900391e-01
3.734986484050750732e-01
3.852503895759582520e-01
3.944325149059295654e-01
1.568325459957122803e-01
2.178768068552017212e-01
2.593692839145660400e-01
2.450773864984512329e-01
2.348414808511734009e-01
1.092779263854026794e-01
1.660414785146713257e-01
1.452843397855758667e-01
1.461951732635498047e-01
1.106910035014152527e-01
2.149713337421417236e-01
8.954443782567977905e-02
3.489375114440917969e-01
1.401340514421463013e-01
1.310728788375854492e-01
1.071825772523880005e-01
3.849719166755676270e-01
1.923001110553741455e-01
2.884645164012908936e-01
3.236413896083831787e-01
2.781122922897338867e-01
4.585412144660949707e-01
1.966914236545562744e-01
2.596417367458343506e-01
5.572368502616882324e-01
3.678715229034423828e-01
1.025848984718322754e-01
2.247695177793502808e-01
4.844943881034851074e-01
2.015554606914520264e-01
1.032019406557083130e-01
3.003139495849609375e-01
4.077118337154388428e-01
3.159520924091339111e-01
1.642303466796875000e-01
2.829402089118957520e-01
2.073346227407455444e-01
1.981517970561981201e-01
6.127875447273254395e-01
6.712976694107055664e-01
1.854401230812072754e-01
1.450484246015548706e-01
1.904607266187667847e-01
1.141050383448600769e-01
3.888196051120758057e-01
1.862545460462570190e-01
3.601985275745391846e-01
4.448180496692657471e-01
4.884687066078186035e-01
2.163382172584533691e-01
5.042270421981811523e-01
2.333380877971649170e-01
2.629196941852569580e-01
1.333260834217071533e-01
2.959388792514801025e-01
1.274843811988830566e-01
1.052476987242698669e-01
6.722255796194076538e-02
7.259598374366760254e-02
1.392314434051513672e-01
1.383994817733764648e-01
1.799966096878051758e-01
1.298250108957290649e-01
4.802050441503524780e-02
1.632865816354751587e-01
5.081752687692642212e-02
4.142905026674270630e-02
9.446929395198822021e-02
2.072479203343391418e-02
1.818423904478549957e-02
1.108800619840621948e-01
3.608565032482147217e-02
9.036859869956970215e-02
2.833800017833709717e-01
6.476844102144241333e-02
6.508632004261016846e-02
2.989579737186431885e-01
1.688829660415649414e-01
8.309433609247207642e-02
2.245520055294036865e-02
1.487944573163986206e-01
1.660832911729812622e-01
8.961500227451324463e-02
1.188750863075256348e-01
3.266053497791290283e-01
1.049193292856216431e-01
5.533336848020553589e-02
7.989168167114257812e-02
2.568550109863281250e-01
1.319601386785507202e-01
1.125323027372360229e-01
3.045242726802825928e-01
3.071867823600769043e-01
2.067142724990844727e-01
6.251192092895507812e-02
1.082051470875740051e-01
5.859928578138351440e-02
9.054359793663024902e-02
1.889971196651458740e-01
1.131643205881118774e-01
2.789697647094726562e-01
1.123919188976287842e-01
1.460900604724884033e-01
7.343257218599319458e-02
4.039948061108589172e-02
1.130449101328849792e-01
2.304234504699707031e-01
7.708898931741714478e-02
2.399181425571441650e-01
3.993118703365325928e-01
3.403935432434082031e-01
1.245046108961105347e-01
2.304185479879379272e-01
9.731462597846984863e-02
2.059644609689712524e-01
2.500211298465728760e-01
2.224305719137191772e-01
2.842688262462615967e-01
9.694112092256546021e-02
4.452929198741912842e-01
8.821650594472885132e-02
2.320958673954010010e-01
2.568521797657012939e-01
8.068665117025375366e-02
1.437192857265472412e-01
7.448302954435348511e-02
1.054992601275444031e-01
8.015256375074386597e-02
3.630349785089492798e-02
4.271160066127777100e-02
1.789554022252559662e-02
1.704098880290985107e-01
4.486100748181343079e-02
4.244428575038909912e-01
7.383930087089538574e-01
1.935273706912994385e-01
2.728899121284484863e-01
9.226750135421752930e-01
1.015965223312377930e+00
8.831239938735961914e-01
8.131477832794189453e-01
9.023811221122741699e-01
8.851889967918395996e-01
8.030106425285339355e-01
9.224840998649597168e-01
9.081586599349975586e-01
9.610844850540161133e-01
7.273688316345214844e-01
6.850600838661193848e-01
8.036367297172546387e-01
6.470115780830383301e-01
7.939295172691345215e-01
1.216975450515747070e-01
4.918505847454071045e-01
1.222929283976554871e-01
1.567127406597137451e-01
1.524417847394943237e-01
2.049567848443984985e-01
1.534688323736190796e-01
1.832878440618515015e-01
1.939401626586914062e-01
3.052544891834259033e-01
1.569313555955886841e-01
1.559965461492538452e-01
2.124500721693038940e-01
1.683072596788406372e-01
8.340861648321151733e-02
1.316259205341339111e-01
7.747764140367507935e-02
1.140592843294143677e-01
9.104860574007034302e-02
1.421350687742233276e-01
1.067391484975814819e-01
1.214676126837730408e-01
1.022676751017570496e-01
9.594517946243286133e-02
7.107048630714416504e-01
9.701083302497863770e-01
7.694122791290283203e-01
3.399679660797119141e-01
5.398836135864257812e-01
5.746131539344787598e-01
5.505713224411010742e-01
8.964093923568725586e-01
7.944744825363159180e-01
7.345802783966064453e-01
3.079231381416320801e-01
7.998072504997253418e-01
7.502135634422302246e-01
3.461570143699645996e-01
6.507471799850463867e-01
8.331255912780761719e-01
6.327428817749023438e-01
9.080372452735900879e-01
8.892052769660949707e-01
5.741372108459472656e-01
2.556163370609283447e-01
1.029240965843200684e+00
9.079735279083251953e-01
2.154527455568313599e-01
5.899711847305297852e-01
9.788676500320434570e-01
8.543360829353332520e-01
7.868003845214843750e-01
8.976364731788635254e-01
8.835279345512390137e-01
9.381873607635498047e-01
9.572185873985290527e-01
4.847247004508972168e-01
8.665629029273986816e-01
9.849908351898193359e-01
8.325977325439453125e-01
6.547611951828002930e-01
3.910786807537078857e-01
6.957173347473144531e-01
3.338135778903961182e-01
1.037643074989318848e+00
8.350473642349243164e-01
5.702294111251831055e-01
6.913457512855529785e-01
7.587798833847045898e-01
9.314428567886352539e-01
8.955818414688110352e-01
9.884858131408691406e-01
4.582915604114532471e-01
7.210009694099426270e-01
7.388468980789184570e-01
9.213131070137023926e-01
9.581393599510192871e-01
1.030260086059570312e+00
9.677484035491943359e-01
9.785270690917968750e-01
8.969540596008300781e-01
7.952631711959838867e-01
4.830940663814544678e-01
1.877164989709854126e-01
8.910308480262756348e-01
8.996329307556152344e-01
7.985231280326843262e-01
9.319029450416564941e-01
5.818457007408142090e-01
7.290394306182861328e-01
7.371453046798706055e-01
7.695271968841552734e-01
9.570314884185791016e-01
8.622280359268188477e-01
3.704565763473510742e-01
7.385331392288208008e-01
5.626337528228759766e-01
5.451199412345886230e-01
8.840319514274597168e-01
9.829758405685424805e-01
9.983970522880554199e-01
1.048810005187988281e+00
6.027494072914123535e-01
6.572303175926208496e-01
7.151104211807250977e-01
7.027522325515747070e-01
8.413927555084228516e-01
8.633943200111389160e-01
2.994550466537475586e-01
1.113299012184143066e+00
8.782122731208801270e-01
1.008100986480712891e+00
7.897008061408996582e-01
8.460844755172729492e-01
8.210942745208740234e-01
8.799674510955810547e-01
6.328623890876770020e-01
8.338736295700073242e-01
6.124573349952697754e-01
8.258031010627746582e-01
7.890375256538391113e-01
3.685395419597625732e-01
1.029426813125610352e+00
7.865452170372009277e-01
6.305345296859741211e-01
1.694443225860595703e-01
7.158989310264587402e-01
9.332889318466186523e-01
9.799837470054626465e-01
1.098488688468933105e+00
1.050915598869323730e+00
1.039288640022277832e+00
8.472461700439453125e-01
7.380020022392272949e-01
8.229672312736511230e-01
9.345265626907348633e-01
6.436176896095275879e-01
5.526780486106872559e-01
3.583818376064300537e-01
7.221482396125793457e-01
5.269930362701416016e-01
2.026478648185729980e-01
8.019763827323913574e-01
9.039022922515869141e-01
9.681001901626586914e-01
1.072550296783447266e+00
8.089470863342285156e-01
6.038259863853454590e-01
2.016434967517852783e-01
8.419638276100158691e-01
1.155875563621520996e+00
9.464578628540039062e-01
7.111421823501586914e-01
8.935322761535644531e-01
6.150693297386169434e-01
5.865275859832763672e-01
9.909723997116088867e-01
4.155551195144653320e-01
2.622158527374267578e-01
3.393975794315338135e-01
6.743745803833007812e-01
6.101539731025695801e-01
6.020460128784179688e-01
9.202521443367004395e-01
6.612793803215026855e-01
5.214740633964538574e-01
8.348665237426757812e-01
7.132374644279479980e-01
6.666284203529357910e-01
6.569835543632507324e-01
9.270055294036865234e-01
7.648085355758666992e-01
9.341275691986083984e-01
1.004266023635864258e+00
1.050287857651710510e-01
1.762222051620483398e-01
2.412511110305786133e-01
1.327176392078399658e-01
1.323447525501251221e-01
1.001937538385391235e-01
7.840495556592941284e-02
1.145956963300704956e-01
1.846668273210525513e-01
1.351655572652816772e-01
1.055540069937705994e-01
5.087424069643020630e-02
1.095290854573249817e-01
1.021446958184242249e-01
1.225643903017044067e-01
1.596672236919403076e-01
1.376962810754776001e-01
1.331584751605987549e-01
6.760053336620330811e-02
8.695601671934127808e-02
1.100942939519882202e-01
2.086521387100219727e-01
4.225565195083618164e-01
4.150257110595703125e-01
1.689242124557495117e-01
2.881173491477966309e-01
5.686835646629333496e-01
2.680787742137908936e-01
2.315630167722702026e-01
1.812820732593536377e-01
4.454503953456878662e-01
7.446845173835754395e-01
9.609795808792114258e-01
1.820733696222305298e-01
6.907714158296585083e-02
8.699736744165420532e-02
1.370259374380111694e-01
1.640585213899612427e-01
9.599769115447998047e-02
1.491350382566452026e-01
1.700088977813720703e-01
2.295978516340255737e-01
4.748198091983795166e-01
1.754610687494277954e-01
1.021633669734001160e-01
1.593839973211288452e-01
1.750986427068710327e-01
2.711517214775085449e-01
1.499811559915542603e-01
2.003838121891021729e-01
3.120928704738616943e-01
6.458799839019775391e-01
2.533317804336547852e-01
6.408613920211791992e-01
2.626155018806457520e-01
1.680032163858413696e-01
4.025551676750183105e-01
5.333260893821716309e-01
1.853067427873611450e-01
1.121720001101493835e-01
2.607809603214263916e-01
8.222831487655639648e-01
1.270993053913116455e-01
2.211861014366149902e-01
4.904833734035491943e-01
5.395012497901916504e-01
3.189321160316467285e-01
6.780698895454406738e-01
2.852295637130737305e-01
3.640863299369812012e-01
4.074265062808990479e-01
6.807767152786254883e-01
1.350971013307571411e-01
3.167072534561157227e-01
4.215782582759857178e-01
7.734869718551635742e-01
2.730552256107330322e-01
6.350057721138000488e-01
8.583214282989501953e-01
2.448367774486541748e-01
4.616586863994598389e-01
7.144719362258911133e-01
6.448369026184082031e-01
2.598355114459991455e-01
9.221587777137756348e-01
8.726016879081726074e-01
6.862593293190002441e-01
4.869590699672698975e-01
7.983472347259521484e-01
5.573007464408874512e-01
4.347925782203674316e-01
7.018182873725891113e-01
3.541062176227569580e-01
2.820533215999603271e-01
9.951083064079284668e-01
2.975621223449707031e-01
1.786547750234603882e-01
1.701120734214782715e-01
7.742828726768493652e-01
4.178444743156433105e-01
4.312210083007812500e-01
4.558975398540496826e-01
5.354360342025756836e-01
1.607867777347564697e-01
1.071537375450134277e+00
7.593202590942382812e-01
5.801783800125122070e-01
3.602376878261566162e-01
6.925176382064819336e-01
3.961787521839141846e-01
9.661642313003540039e-01
4.326459467411041260e-01
9.055773019790649414e-01
1.789274662733078003e-01
9.024264216423034668e-01
7.420547008514404297e-01
9.091764688491821289e-01
3.023217022418975830e-01
7.170833349227905273e-01
8.752651810646057129e-01
4.148103892803192139e-01
2.358914911746978760e-01
6.235409975051879883e-01
5.249256491661071777e-01
3.070764839649200439e-01
6.504955887794494629e-01
2.455694228410720825e-01
9.529341757297515869e-02
1.091340482234954834e-01
9.083413332700729370e-02
7.327284663915634155e-02
1.372966021299362183e-01
1.113872155547142029e-01
3.183661401271820068e-01
5.841343998908996582e-01
3.238015472888946533e-01
2.796810865402221680e-01
5.769816413521766663e-02
2.617499418556690216e-02
3.593781888484954834e-01
1.170547008514404297e-01
3.389846682548522949e-01
7.478000521659851074e-01
9.008046984672546387e-02
3.588933870196342468e-02
2.911777496337890625e-01
1.754993051290512085e-01
2.283595949411392212e-01
5.154672861099243164e-01
1.163034886121749878e-01
1.740726083517074585e-01
1.102915555238723755e-01
7.839501649141311646e-02
8.375848829746246338e-02
1.541401594877243042e-01
1.128332242369651794e-01
1.602510809898376465e-01
1.215908378362655640e-01
1.414935141801834106e-01
7.431370764970779419e-02
1.457477360963821411e-01
9.239833056926727295e-02
1.276815235614776611e-01
9.444488584995269775e-02
1.191970854997634888e-01
9.274804592132568359e-02
9.190563857555389404e-02
1.410478949546813965e-01
7.527399808168411255e-02
1.181301772594451904e-01
1.335021704435348511e-01
8.428651094436645508e-01
5.545176267623901367e-01
4.605156779289245605e-01
3.475399315357208252e-01
4.526721537113189697e-01
2.613062262535095215e-01
3.908056318759918213e-01
5.521506071090698242e-01
8.437474071979522705e-02
5.589935183525085449e-01
4.883516430854797363e-01
1.687027215957641602e-01
6.247555613517761230e-01
6.673306226730346680e-01
4.037124514579772949e-01
3.923481702804565430e-01
8.854521065950393677e-02
2.339021712541580200e-01
9.381196498870849609e-01
8.022152781486511230e-01
5.200821757316589355e-01
6.525371074676513672e-01
4.721580445766448975e-01
6.279641389846801758e-01
3.968711793422698975e-01
3.654260337352752686e-01
9.868547320365905762e-01
9.742388129234313965e-01
1.418880075216293335e-01
7.740513086318969727e-01
9.283516407012939453e-01
5.321957468986511230e-01
5.409399867057800293e-01
8.369302749633789062e-01
2.139580249786376953e-01
7.376825809478759766e-01
4.285829961299896240e-01
5.497953295707702637e-01
7.685289382934570312e-01
8.305666446685791016e-01
8.995150327682495117e-01
5.135565400123596191e-01
6.831307411193847656e-01
9.322084784507751465e-01
6.602714657783508301e-01
9.022371768951416016e-01
6.141132116317749023e-01
3.203082978725433350e-01
5.361511707305908203e-01
4.527065455913543701e-01
8.442798256874084473e-01
8.735856413841247559e-01
1.114434719085693359e+00
1.134575903415679932e-01
4.936732053756713867e-01
3.568218052387237549e-01
5.079379677772521973e-01
6.546561121940612793e-01
3.503348529338836670e-01
9.678708314895629883e-01
2.143224626779556274e-01
8.817926645278930664e-01
8.954301476478576660e-01
7.490443587303161621e-01
8.789413571357727051e-01
4.570314288139343262e-01
6.476893424987792969e-01
5.767911672592163086e-01
6.721640229225158691e-01
4.822618663311004639e-01
4.708963632583618164e-01
6.614774465560913086e-01
7.838872075080871582e-01
7.564610838890075684e-01
5.492191910743713379e-01
8.084342479705810547e-01
1.417350322008132935e-01
7.777459025382995605e-01
1.040691494941711426e+00
9.570457339286804199e-01
9.852987527847290039e-01
4.933362901210784912e-01
4.234662950038909912e-01
5.705348849296569824e-01
9.475733637809753418e-01
6.381927728652954102e-01
6.273795366287231445e-01
2.184756547212600708e-01
4.812083244323730469e-01
5.102732777595520020e-01
8.563023209571838379e-01
7.025016546249389648e-01
3.383975028991699219e-01
4.172609746456146240e-01
6.572155952453613281e-01
1.666929125785827637e-01
6.517204642295837402e-01
8.465100824832916260e-02
1.468445062637329102e-01
1.007410436868667603e-01
5.374808982014656067e-02
2.009937763214111328e-01
4.799814149737358093e-02
3.086736984550952911e-02
1.969397999346256256e-02
1.368762552738189697e-01
1.463374346494674683e-01
5.997049212455749512e-01
5.073701143264770508e-01
1.684902608394622803e-01
1.134569048881530762e-01
7.440871745347976685e-02
2.468809857964515686e-02
5.173284932971000671e-02
6.655514240264892578e-02
7.928878813982009888e-02
2.360987104475498199e-02
7.554917782545089722e-02
8.283901214599609375e-02
9.497550874948501587e-02
7.806941866874694824e-02
1.712792068719863892e-01
8.428142219781875610e-02
1.353095173835754395e-01
7.849417626857757568e-02
7.152808457612991333e-02
7.569264620542526245e-02
4.550662338733673096e-01
1.181831285357475281e-01
2.022043019533157349e-01
2.676398456096649170e-01
5.698130652308464050e-02
5.783743262290954590e-01
3.053294122219085693e-01
5.680413842201232910e-01
4.187968969345092773e-01
4.961269795894622803e-01
4.723609387874603271e-01
8.046581596136093140e-02
2.411857694387435913e-01
3.400086462497711182e-01
1.201137229800224304e-01
1.854598224163055420e-01
3.232490122318267822e-01
9.136591106653213501e-02
1.670373082160949707e-01
1.816322654485702515e-01
1.928451359272003174e-01
2.501037716865539551e-01
4.933978021144866943e-01
2.787578403949737549e-01
2.843519151210784912e-01
4.082031548023223877e-01
1.223789900541305542e-01
1.723525971174240112e-01
6.417254805564880371e-01
8.452976346015930176e-01
1.183268427848815918e-01
5.260814353823661804e-02
8.777185529470443726e-02
1.288976818323135376e-01
1.899879984557628632e-02
5.588944628834724426e-02
5.770968273282051086e-02
1.262758076190948486e-01
4.544755220413208008e-01
4.139881432056427002e-01
1.365762501955032349e-01
1.718173772096633911e-01
5.734758377075195312e-01
1.556804031133651733e-01
7.856122404336929321e-02
1.034265086054801941e-01
1.654896289110183716e-01
8.295045793056488037e-02
1.390677988529205322e-01
9.536854922771453857e-02
1.573011875152587891e-01
4.231820404529571533e-01
6.064724549651145935e-02
1.587475538253784180e-01
7.293464541435241699e-01
5.907636284828186035e-01
7.558768987655639648e-01
3.046405315399169922e-01
1.118408963084220886e-01
4.160535931587219238e-01
1.046863645315170288e-01
6.555489450693130493e-02
1.611253321170806885e-01
4.483347833156585693e-01
4.910781085491180420e-01
3.991498947143554688e-01
7.138520479202270508e-01
5.845768451690673828e-01
8.437027931213378906e-01
1.607891321182250977e-01
4.660391509532928467e-01
3.369406759738922119e-01
2.220155447721481323e-01
5.669664144515991211e-01
8.714479804039001465e-01
1.287684142589569092e-01
4.739433526992797852e-01
1.584562659263610840e-01
7.723049521446228027e-01
7.551150321960449219e-01
7.514595389366149902e-01
1.014431595802307129e+00
5.168901085853576660e-01
3.697824180126190186e-01
1.638898849487304688e-01
6.680038571357727051e-01
1.258634030818939209e-01
1.106793060898780823e-01
3.014069497585296631e-01
2.391749173402786255e-01
9.657184034585952759e-02
1.831708289682865143e-02
8.969997614622116089e-02
1.441763192415237427e-01
7.554382830858230591e-02
7.268465310335159302e-02
4.088144004344940186e-02
5.671015009284019470e-02
1.142474636435508728e-01
6.102091073989868164e-02
6.437922269105911255e-02
1.511469036340713501e-01
7.069645822048187256e-02
4.915035143494606018e-02
2.660715579986572266e-01
4.352068305015563965e-01
1.203029677271842957e-01
1.347511410713195801e-01
1.036484241485595703e-01
9.213398396968841553e-02
1.073135212063789368e-01
1.586923897266387939e-01
1.504927575588226318e-01
3.748731911182403564e-01
1.233138218522071838e-01
9.838321805000305176e-02
8.453354239463806152e-02
9.339134395122528076e-02
1.437615305185317993e-01
7.722994685173034668e-02
1.988032460212707520e-01
4.864820539951324463e-01
1.277767419815063477e-01
6.723344326019287109e-02
5.050007253885269165e-02
1.039821803569793701e-01
2.001525610685348511e-01
8.173184096813201904e-02
4.606507122516632080e-01
3.572162687778472900e-01
3.908164501190185547e-01
1.387540549039840698e-01
4.776094853878021240e-01
7.431018352508544922e-02
1.709833294153213501e-01
2.268984764814376831e-01
2.786321938037872314e-01
9.526835381984710693e-02
5.458939075469970703e-01
2.561419308185577393e-01
2.154864221811294556e-01
1.761893033981323242e-01
2.549331188201904297e-01
1.394498944282531738e-01
1.828622668981552124e-01
3.912742733955383301e-01
1.141956076025962830e-01
1.907917857170104980e-01
3.254029154777526855e-01
7.479549944400787354e-02
5.934394598007202148e-01
2.394798994064331055e-01
2.264158129692077637e-01
4.345344007015228271e-01
2.086477130651473999e-01
8.429208397865295410e-02
7.620866596698760986e-02
1.876653730869293213e-01
9.442155063152313232e-02
8.482607454061508179e-02
6.649792194366455078e-02
1.866470575332641602e-01
1.344141066074371338e-01
1.020919606089591980e-01
1.487683355808258057e-01
1.049498170614242554e-01
1.013085246086120605e-01
8.135792613029479980e-02
1.082660257816314697e-01
1.877618134021759033e-01
1.355641931295394897e-01
1.172660365700721741e-01
1.516202837228775024e-01
6.336909532546997070e-02
7.604422420263290405e-02
8.405790477991104126e-02
1.140082702040672302e-01
8.215447515249252319e-02
7.544001191854476929e-02
7.478481531143188477e-02
1.123783737421035767e-01
5.003421306610107422e-01
2.553852200508117676e-01
5.013343095779418945e-01
5.384473800659179688e-01
2.899035513401031494e-01
2.712732255458831787e-01
5.908774137496948242e-01
4.282094240188598633e-01
1.891033202409744263e-01
4.369446337223052979e-01
3.926762938499450684e-01
4.194531142711639404e-01
1.123450621962547302e-01
3.964247107505798340e-01
6.425178647041320801e-01
2.331805527210235596e-01
2.822774350643157959e-01
7.472029328346252441e-01
7.162992358207702637e-01
1.482845097780227661e-01
5.275381207466125488e-01
2.675242125988006592e-01
6.176458001136779785e-01
2.927908599376678467e-01
1.285858899354934692e-01
5.978628396987915039e-01
5.103127658367156982e-02
4.201901257038116455e-01
2.038331776857376099e-01
7.732982039451599121e-01
1.933883577585220337e-01
6.109943985939025879e-02
7.499716877937316895e-01
2.146135717630386353e-01
9.173374772071838379e-01
7.350049614906311035e-01
8.489949703216552734e-01
5.656794905662536621e-01
7.081595659255981445e-01
7.671944499015808105e-01
9.228641390800476074e-01
5.866184234619140625e-01
4.340469539165496826e-01
5.265359878540039062e-01
3.607037961483001709e-01
3.059153854846954346e-01
9.625702500343322754e-01
6.367399096488952637e-01
5.935823321342468262e-01
8.987772464752197266e-01
1.493960618972778320e-01
8.335628509521484375e-01
6.060178279876708984e-01
1.040151834487915039e+00
5.468510985374450684e-01
8.060661554336547852e-01
6.383205652236938477e-01
8.118673563003540039e-01
7.431286573410034180e-01
5.398645401000976562e-01
6.472753882408142090e-01
4.098057746887207031e-01
5.185036063194274902e-01
2.150686681270599365e-01
9.253250360488891602e-01
8.961074352264404297e-01
9.549263119697570801e-01
1.987383067607879639e-01
8.063244819641113281e-01
1.295790970325469971e-01
1.648386269807815552e-01
2.873129248619079590e-01
4.668258130550384521e-01
1.624685972929000854e-01
8.263559341430664062e-01
7.182989120483398438e-01
3.204734027385711670e-01
5.625590085983276367e-01
9.383435249328613281e-01
5.810719728469848633e-01
9.217545390129089355e-01
9.074760675430297852e-01
2.601023316383361816e-01
1.332377791404724121e-01
9.183520674705505371e-01
8.738333582878112793e-01
6.762693524360656738e-01
4.704821407794952393e-01
8.359202742576599121e-01
9.104223847389221191e-01
8.343363404273986816e-01
5.263280272483825684e-01
5.524709820747375488e-01
6.484221816062927246e-01
6.226574182510375977e-01
9.428800940513610840e-01
4.006500244140625000e-01
2.736056782305240631e-02
1.484678536653518677e-01
6.346555054187774658e-02
1.133023649454116821e-01
1.472328752279281616e-01
9.180396795272827148e-02
1.202555000782012939e-01
5.292158946394920349e-02
7.957220077514648438e-02
1.173883602023124695e-01
6.658141314983367920e-02
5.066877976059913635e-02
1.096145138144493103e-01
5.150618776679039001e-02
7.466030865907669067e-02
5.885299295186996460e-02
1.615895479917526245e-01
4.124128818511962891e-01
1.359684318304061890e-01
1.524549424648284912e-01
4.081528484821319580e-01
7.573122531175613403e-02
7.697913050651550293e-02
2.708323597908020020e-01
2.916960716247558594e-01
1.937379091978073120e-01
5.963147282600402832e-01
6.866884231567382812e-02
1.145529076457023621e-01
1.222051903605461121e-01
5.953820943832397461e-01
9.202834218740463257e-02
5.110708996653556824e-02
1.866235882043838501e-01
6.671506166458129883e-02
3.219131752848625183e-02
7.697915285825729370e-02
9.158863127231597900e-02
1.006299257278442383e-01
2.731876969337463379e-01
3.615437448024749756e-02
1.181658953428268433e-01
1.340918540954589844e-01
6.971009820699691772e-02
1.021958366036415100e-01
8.138430118560791016e-02
1.299818158149719238e-01
1.248402670025825500e-01
1.288265883922576904e-01
9.990906715393066406e-02
4.358488023281097412e-01
9.970418363809585571e-02
6.036053597927093506e-02
9.556887298822402954e-02
1.307679861783981323e-01
5.182203650474548340e-01
1.941625326871871948e-01
1.682608574628829956e-01
2.388315796852111816e-01
3.223805427551269531e-01
2.196917384862899780e-01
6.882224678993225098e-01
9.545405954122543335e-02
1.445733010768890381e-01
2.748437821865081787e-01
1.664030104875564575e-01
3.391232788562774658e-01
3.044035136699676514e-01
4.352925419807434082e-01
7.966877520084381104e-02
4.055059254169464111e-01
3.013707101345062256e-01
3.465617299079895020e-01
2.560562789440155029e-01
1.331905275583267212e-01
4.370535612106323242e-01
6.635097861289978027e-01
4.837347269058227539e-01
7.221592068672180176e-01
2.939485609531402588e-01
4.740799069404602051e-01
1.262234896421432495e-01
3.626990318298339844e-02
3.366381227970123291e-01
2.343634963035583496e-01
2.426662892103195190e-01
1.027526855468750000e-01
2.713012993335723877e-01
9.867516160011291504e-02
6.535897403955459595e-02
5.576794743537902832e-01
3.512539863586425781e-01
3.242892920970916748e-01
2.175053954124450684e-01
2.415988743305206299e-01
4.651930928230285645e-01
4.853345155715942383e-01
6.930993199348449707e-01
8.680471777915954590e-02
3.006948232650756836e-01
1.173395067453384399e-01
5.019204616546630859e-01
8.648239076137542725e-02
2.419808357954025269e-01
3.571572601795196533e-01
3.815052807331085205e-01
7.197226881980895996e-01
4.210720360279083252e-01
6.348067522048950195e-01
6.191631406545639038e-02
6.972143054008483887e-02
1.117933914065361023e-01
9.498897939920425415e-02
1.067293882369995117e-01
7.009356468915939331e-02
3.917187824845314026e-02
7.021849602460861206e-02
1.971634924411773682e-01
7.774974405765533447e-02
5.775805115699768066e-01
8.938688039779663086e-02
2.270704805850982666e-01
1.518172025680541992e-01
7.045199275016784668e-01
3.392421901226043701e-01
1.141393706202507019e-01
1.261313408613204956e-01
2.853129804134368896e-01
1.387558132410049438e-01
9.967598319053649902e-02
4.942384362220764160e-02
5.186595767736434937e-02
1.432626545429229736e-01
1.836417019367218018e-01
7.087511569261550903e-02
8.792791515588760376e-02
1.332463026046752930e-01
3.073136806488037109e-01
6.845193356275558472e-02
2.497839182615280151e-01
8.600347489118576050e-02
6.799444556236267090e-02
9.224291890859603882e-02
1.860479563474655151e-01
1.044926345348358154e-01
9.790456295013427734e-02
2.835718989372253418e-01
2.004870325326919556e-01
7.073212414979934692e-02
1.144453659653663635e-01
1.100461706519126892e-01
3.409921005368232727e-02
7.446841895580291748e-02
7.392029762268066406e-01
1.549926102161407471e-01
2.247992157936096191e-01
9.031777083873748779e-02
6.220068335533142090e-01
3.479841649532318115e-01
7.078004479408264160e-01
1.914643347263336182e-01
1.577558070421218872e-01
7.471302151679992676e-01
1.604565531015396118e-01
6.678431630134582520e-01
7.660213112831115723e-01
9.572677314281463623e-02
4.216097295284271240e-01
3.116360604763031006e-01
5.378563404083251953e-01
5.957601666450500488e-01
8.752929568290710449e-01
6.039611101150512695e-01
6.238374710083007812e-01
2.850683033466339111e-01
1.556187570095062256e-01
7.200019061565399170e-02
8.854633569717407227e-02
1.995506584644317627e-01
4.610374569892883301e-01
3.037576377391815186e-01
5.788730978965759277e-01
5.032856389880180359e-02
6.718242913484573364e-02
7.695856690406799316e-02
2.809443175792694092e-01
6.795381903648376465e-01
1.145555153489112854e-01
2.707909047603607178e-01
2.919446825981140137e-01
2.082739323377609253e-01
2.921873331069946289e-01
1.243757382035255432e-01
2.513798475265502930e-01
8.878186941146850586e-01
9.366448521614074707e-01
7.144970893859863281e-01
4.040058851242065430e-01
7.406370639801025391e-01
9.555133581161499023e-01
7.270190715789794922e-01
7.813434600830078125e-01
5.801879763603210449e-01
7.274799942970275879e-01
8.662230968475341797e-01
3.142985701560974121e-01
3.329996466636657715e-01
9.720960259437561035e-01
3.529247939586639404e-01
1.770882308483123779e-01
1.693267971277236938e-01
1.343649029731750488e-01
5.482989549636840820e-01
4.149070382118225098e-01
8.038163781166076660e-01
3.461294174194335938e-01
3.238631188869476318e-01
4.878036975860595703e-01
7.040189504623413086e-01
5.962878465652465820e-01
1.032132148742675781e+00
8.976289033889770508e-01
7.696068286895751953e-01
1.290113925933837891e-01
6.973257660865783691e-01
8.434876203536987305e-01
8.042073845863342285e-01
6.669271588325500488e-01
5.655323863029479980e-01
6.447488665580749512e-01
7.059553265571594238e-01
9.881379604339599609e-01
8.416063785552978516e-01
5.502223372459411621e-01
6.016106009483337402e-01
2.283086329698562622e-01
5.179459452629089355e-01
1.284953504800796509e-01
8.430539369583129883e-01
7.721677422523498535e-01
5.195174217224121094e-01
1.644555479288101196e-01
8.766665458679199219e-01
4.340692460536956787e-01
2.088468670845031738e-01
8.549168705940246582e-01
1.749339401721954346e-01
7.867143154144287109e-01
8.180727362632751465e-01
9.239785075187683105e-01
6.726355552673339844e-01
5.830357670783996582e-01
7.183829545974731445e-01
8.531878590583801270e-01
1.781234890222549438e-01
2.859370410442352295e-01
1.925227046012878418e-01
8.692632317543029785e-01
6.199976205825805664e-01
1.618984490633010864e-01
5.233029723167419434e-01
7.009047269821166992e-01
8.875449895858764648e-01
9.334419369697570801e-01
8.178692460060119629e-01
9.073095917701721191e-01
1.472991853952407837e-01
1.322529315948486328e-01
6.573500037193298340e-01
5.811471939086914062e-01
9.077681303024291992e-01
6.128480434417724609e-01
1.566397249698638916e-01
9.658008813858032227e-02
2.286542505025863647e-01
8.080131560564041138e-02
6.832289695739746094e-02
1.190137416124343872e-01
1.160906329751014709e-01
1.223817840218544006e-01
4.739234596490859985e-02
9.186667948961257935e-02
7.577122002840042114e-02
9.859302639961242676e-02
5.929221585392951965e-02
4.905049502849578857e-02
5.712681263685226440e-02
1.931254416704177856e-01
1.003264635801315308e-01
1.075994446873664856e-01
3.109292089939117432e-01
7.341939210891723633e-02
1.163180321455001831e-01
7.200788855552673340e-01
3.521096706390380859e-01
3.645123839378356934e-01
8.203849196434020996e-02
1.070944070816040039e-01
4.766898751258850098e-01
5.260918736457824707e-01
2.395078092813491821e-01
5.412096381187438965e-01
6.479035019874572754e-01
8.136860132217407227e-01
5.834017693996429443e-02
8.603388071060180664e-02
5.814125761389732361e-02
9.393447637557983398e-02
8.554909378290176392e-02
1.665947735309600830e-01
1.157167702913284302e-01
1.470078527927398682e-01
1.019136384129524231e-01
1.412816494703292847e-01
1.621315479278564453e-01
6.918490678071975708e-02
1.644625812768936157e-01
1.581597328186035156e-01
4.493587613105773926e-01
9.453448653221130371e-02
2.246733009815216064e-01
1.355915814638137817e-01
1.582854241132736206e-01
1.136670634150505066e-01
1.571879386901855469e-01
1.695179045200347900e-01
1.384500861167907715e-01
2.091128528118133545e-01
2.217726111412048340e-01
3.154340684413909912e-01
1.421163082122802734e-01
5.705536603927612305e-01
1.597525775432586670e-01
4.029278159141540527e-01
1.505933851003646851e-01
1.014527007937431335e-01
9.254861623048782349e-02
1.360753178596496582e-01
7.691685110330581665e-02
1.739072799682617188e-01
2.647757232189178467e-01
4.635351598262786865e-01
1.146191284060478210e-01
2.922226190567016602e-01
1.036641001701354980e-01
4.989019334316253662e-01
1.627880185842514038e-01
2.605813443660736084e-01
5.314813852310180664e-01
6.067602336406707764e-02
3.215770423412322998e-01
8.718394488096237183e-02
5.103729292750358582e-02
2.086140364408493042e-01
3.865621387958526611e-01
1.162856593728065491e-01
1.864255517721176147e-01
7.755918502807617188e-01
4.280160665512084961e-01
5.387096405029296875e-01
4.312626421451568604e-01
1.205575242638587952e-01
7.847328782081604004e-01
3.234900236129760742e-01
6.117087602615356445e-02
9.734667837619781494e-02
6.095103621482849121e-01
2.957801222801208496e-01
5.723053812980651855e-01
2.710836566984653473e-02
8.971498012542724609e-01
1.482413411140441895e-01
7.228316664695739746e-01
6.353515982627868652e-01
1.254776567220687866e-01
1.228452026844024658e-01
2.900355160236358643e-01
6.979110240936279297e-01
1.569564342498779297e-01
7.756257802248001099e-02
5.624461174011230469e-01
7.736155986785888672e-01
3.854122161865234375e-01
1.570347994565963745e-01
1.859527528285980225e-01
7.874640822410583496e-02
3.841381892561912537e-02
4.828528687357902527e-02
7.940832525491714478e-02
6.137435883283615112e-02
9.046360850334167480e-02
9.089618921279907227e-02
8.049698919057846069e-02
3.144294023513793945e-01
1.718234717845916748e-01
2.084269374608993530e-01
3.240575790405273438e-01
2.745622396469116211e-01
3.311348855495452881e-01
9.438934922218322754e-02
2.586926221847534180e-01
7.298914194107055664e-01
3.913692235946655273e-01
3.542401194572448730e-01
3.613706305623054504e-02
1.632202118635177612e-01
8.122724294662475586e-02
1.719047874212265015e-01
9.651207178831100464e-02
3.342404067516326904e-01
2.495448738336563110e-01
3.020230233669281006e-01
4.242978096008300781e-01
2.740556001663208008e-01
1.866917014122009277e-01
1.961115002632141113e-01
9.702541679143905640e-02
2.016766816377639771e-01
8.348282426595687866e-02
1.442435383796691895e-01
7.997953146696090698e-02
1.032144054770469666e-01
5.598856136202812195e-02
1.567460894584655762e-01
8.149670809507369995e-02
9.657083451747894287e-02
1.352307349443435669e-01
1.116742491722106934e-01
2.686512470245361328e-01
1.623293012380599976e-01
1.016427651047706604e-01
2.232929319143295288e-01
9.960352629423141479e-02
6.494060158729553223e-01
8.236907720565795898e-01
3.831126391887664795e-01
4.766480028629302979e-01
3.065410256385803223e-01
4.297183454036712646e-01
4.295806884765625000e-01
3.938730657100677490e-01
7.087331414222717285e-01
1.370567381381988525e-01
4.578137397766113281e-01
4.897356033325195312e-01
4.116358458995819092e-01
7.215626239776611328e-01
5.883173942565917969e-01
6.906228661537170410e-01
5.064260363578796387e-01
8.204828500747680664e-01
4.151335656642913818e-01
7.844098210334777832e-01
8.006121218204498291e-02
5.323805809020996094e-01
2.319181263446807861e-01
2.271667867898941040e-02
1.014707684516906738e+00
7.847734093666076660e-01
9.684228897094726562e-01
9.024339914321899414e-01
4.841719567775726318e-01
7.961041331291198730e-01
3.165900111198425293e-01
3.137174546718597412e-01
2.732805907726287842e-01
4.810289442539215088e-01
1.413890868425369263e-01
5.563834905624389648e-01
5.471737980842590332e-01
5.555049180984497070e-01
2.916893959045410156e-01
5.851082205772399902e-01
7.730436921119689941e-01
2.527136206626892090e-01
3.167576491832733154e-01
4.934541583061218262e-01
3.465652763843536377e-01
3.885222077369689941e-01
3.319357633590698242e-01
8.224557042121887207e-01
6.109567880630493164e-01
5.530835986137390137e-01
4.873082637786865234e-01
6.593487858772277832e-01
9.603337049484252930e-01
7.300122380256652832e-01
1.470135450363159180e-01
6.343299150466918945e-01
4.235220849514007568e-01
3.447387218475341797e-01
3.878413438796997070e-01
6.597018241882324219e-01
6.203308105468750000e-01
9.208562970161437988e-01
8.066325187683105469e-01
6.969164609909057617e-01
4.354274272918701172e-01
9.572870731353759766e-01
5.590949654579162598e-01
9.280862808227539062e-01
2.125847041606903076e-01
1.146673560142517090e-01
6.572244763374328613e-01
5.155136585235595703e-01
5.744261145591735840e-01
3.179070651531219482e-01
9.769548773765563965e-01
7.152397632598876953e-01
6.029726862907409668e-01
4.882951974868774414e-01
1.428370326757431030e-01
3.973501026630401611e-01
1.052477955818176270e-01
6.047233939170837402e-01
5.243440866470336914e-01
1.374855339527130127e-01
6.335622072219848633e-01
8.011802434921264648e-01
8.219962120056152344e-01
8.864812850952148438e-01
8.485869169235229492e-01
5.565624237060546875e-01
8.597078323364257812e-01
7.630070447921752930e-01
4.854862689971923828e-01
7.048937082290649414e-01
7.706395387649536133e-01
7.455672621726989746e-01
6.255377531051635742e-01
1.738992929458618164e-01
5.016351342201232910e-01
7.534421682357788086e-01
6.398391723632812500e-01
8.721405863761901855e-01
8.805902004241943359e-01
6.412991881370544434e-01
8.072897791862487793e-01
4.125190973281860352e-01
5.581978559494018555e-01
1.740870028734207153e-01
7.841271758079528809e-01
8.508839011192321777e-01
4.943060874938964844e-01
7.577429413795471191e-01
7.058496475219726562e-01
8.486995100975036621e-01
6.094809174537658691e-01
4.932540357112884521e-01
1.890123486518859863e-01
4.288095533847808838e-01
6.802929043769836426e-01
5.343071818351745605e-01
1.020185708999633789e+00
1.058344364166259766e+00
7.694472670555114746e-01
6.362395882606506348e-01
2.014240920543670654e-01
1.026280045509338379e+00
3.203190863132476807e-01
4.484012722969055176e-01
5.802221298217773438e-01
4.519547224044799805e-01
4.981482326984405518e-01
1.150580570101737976e-01
8.280501365661621094e-01
9.020817279815673828e-01
7.907708883285522461e-01
9.609136581420898438e-01
4.941091537475585938e-01
1.012622192502021790e-01
6.564652919769287109e-01
7.497919797897338867e-01
8.054362535476684570e-01
1.370099186897277832e-01
4.802403748035430908e-01
5.898917317390441895e-01
1.024456620216369629e+00
7.637865543365478516e-01
4.156315922737121582e-01
9.388461112976074219e-01
1.929603517055511475e-01
2.566281557083129883e-01
1.823773384094238281e-01
2.151352912187576294e-01
1.772491186857223511e-01
1.765287965536117554e-01
9.557610005140304565e-02
5.563718453049659729e-02
8.261165022850036621e-02
8.672480285167694092e-02
5.807345733046531677e-02
1.178499087691307068e-01
1.643873900175094604e-01
8.767639100551605225e-02
1.087856814265251160e-01
8.203468471765518188e-02
8.335082232952117920e-02
3.843386843800544739e-02
6.390131264925003052e-02
6.021738424897193909e-02
1.576142758131027222e-01
1.349378824234008789e-01
1.015016734600067139e-01
1.225621327757835388e-01
1.741500794887542725e-01
3.775940239429473877e-01
1.346345394849777222e-01
9.347762167453765869e-02
2.317975014448165894e-01
2.427945733070373535e-01
5.895081162452697754e-01
1.380633860826492310e-01
7.448413372039794922e-01
2.269350737333297729e-01
1.353092789649963379e-01
2.864607274532318115e-01
6.297855377197265625e-01
1.598835438489913940e-01
1.370413899421691895e-01
1.156856045126914978e-01
5.734457820653915405e-02
3.653700947761535645e-01
2.292430251836776733e-01
3.306585252285003662e-01
4.206376075744628906e-01
4.037567079067230225e-01
2.048250287771224976e-01
1.353818327188491821e-01
3.837735950946807861e-01
2.098974138498306274e-01
8.556820452213287354e-02
7.564626634120941162e-02
3.119898438453674316e-01
7.070244848728179932e-02
3.981319665908813477e-01
1.259278655052185059e-01
2.951211631298065186e-01
4.041238427162170410e-01
1.939553022384643555e-01
2.510575056076049805e-01
3.508352637290954590e-01
8.053915202617645264e-02
4.671615064144134521e-01
3.653182983398437500e-01
7.596921175718307495e-02
9.119576960802078247e-02
2.161653041839599609e-01
2.054323256015777588e-01
7.222393751144409180e-01
8.078224956989288330e-02
1.103921234607696533e-01
2.186907976865768433e-01
1.506194472312927246e-01
3.055521845817565918e-01
3.742786645889282227e-01
7.517696022987365723e-01
7.062616348266601562e-01
7.387728691101074219e-01
1.477020829916000366e-01
1.338244080543518066e-01
4.637956023216247559e-01
1.183198913931846619e-01
3.526618480682373047e-01
1.650983989238739014e-01
6.873818486928939819e-02
1.670476198196411133e-01
5.369082093238830566e-01
7.359949946403503418e-01
5.429427027702331543e-01
2.974299788475036621e-01
3.806074857711791992e-01
7.436720728874206543e-01
7.409885525703430176e-02
3.764612972736358643e-01
8.916803002357482910e-01
3.134592175483703613e-01
3.160317838191986084e-01
4.724697768688201904e-01
5.492018461227416992e-01
1.106064468622207642e-01
5.214893221855163574e-01
2.438835352659225464e-01
3.283855319023132324e-01
5.151615142822265625e-01
5.372472852468490601e-02
6.574931144714355469e-01
1.993277519941329956e-01
8.545786887407302856e-02
1.450456082820892334e-01
6.067170202732086182e-02
1.256995350122451782e-01
7.659988105297088623e-02
8.270003646612167358e-02
5.277376994490623474e-02
6.846396625041961670e-02
1.143567115068435669e-01
4.161849319934844971e-01
1.213741973042488098e-01
6.416875123977661133e-02
2.459526658058166504e-01
6.620997786521911621e-01
2.498275488615036011e-01
3.544940352439880371e-01
4.272497594356536865e-01
2.124876677989959717e-01
2.883329987525939941e-01
3.463743627071380615e-01
8.373699337244033813e-02
1.365755647420883179e-01
2.670718133449554443e-01
1.458964496850967407e-01
1.035857573151588440e-01
2.390644550323486328e-01
8.261015266180038452e-02
5.136769637465476990e-02
3.660764694213867188e-01
1.780564934015274048e-01
1.195476651191711426e-01
7.169306278228759766e-02
6.970834732055664062e-02
7.619497179985046387e-02
9.802799671888351440e-02
9.469809532165527344e-01
5.374002456665039062e-01
1.144673749804496765e-01
5.872400999069213867e-01
5.240637660026550293e-01
9.138136506080627441e-01
7.086033821105957031e-01
7.296076416969299316e-01
5.122658610343933105e-01
9.105678200721740723e-01
5.117130279541015625e-01
5.313888192176818848e-01
5.006969347596168518e-02
9.593991190195083618e-02
1.069303393363952637e+00
8.853481411933898926e-01
5.838277935981750488e-01
7.146785259246826172e-01
7.791229486465454102e-01
1.242900118231773376e-01
8.231772780418395996e-01
1.932291090488433838e-01
6.087141633033752441e-01
4.800681471824645996e-01
7.089343667030334473e-01
1.396395117044448853e-01
7.450354695320129395e-01
7.360653877258300781e-01
1.944712996482849121e-01
5.970532894134521484e-01
4.113887846469879150e-01
7.836306691169738770e-01
8.401509523391723633e-01
5.275236368179321289e-01
5.389998555183410645e-01
2.339511662721633911e-01
7.627952098846435547e-01
7.253949046134948730e-01
3.929226696491241455e-01
7.439299821853637695e-01
6.732162833213806152e-01
6.521741747856140137e-01
9.538024663925170898e-01
9.013403654098510742e-01
3.740157485008239746e-01
6.120023131370544434e-01
6.889539361000061035e-01
6.442976593971252441e-01
9.503064155578613281e-01
8.210042119026184082e-01
5.860711932182312012e-01
6.264858245849609375e-01
2.022657692432403564e-01
1.998337209224700928e-01
6.250723600387573242e-01
1.335686594247817993e-01
1.283182650804519653e-01
2.231863737106323242e-01
1.364164203405380249e-01
1.721549332141876221e-01
1.126454025506973267e-01
1.375276446342468262e-01
1.045918166637420654e-01
7.613118737936019897e-02
1.029941886663436890e-01
1.371681988239288330e-01
9.638915210962295532e-02
3.831657022237777710e-02
3.219923377037048340e-01
3.600638806819915771e-01
2.457965463399887085e-01
1.190243288874626160e-01
4.709101915359497070e-01
5.481229424476623535e-01
5.508282780647277832e-01
7.858641445636749268e-02
1.347251087427139282e-01
3.957684338092803955e-01
1.679459810256958008e-01
7.818099856376647949e-02
7.746225595474243164e-02
1.263768076896667480e-01
3.999342918395996094e-01
4.381819367408752441e-01
4.783231019973754883e-01
6.156064271926879883e-01
6.398574262857437134e-02
2.575637400150299072e-01
1.174412295222282410e-01
1.745615750551223755e-01
8.381022512912750244e-02
6.708166599273681641e-01
7.193057984113693237e-02
1.272405385971069336e-01
7.463961839675903320e-02
3.575177788734436035e-01
1.504475623369216919e-01
2.556943893432617188e-01
1.927350610494613647e-01
1.882613599300384521e-01
1.288773417472839355e-01
2.162401080131530762e-01
8.458387851715087891e-01
1.149654686450958252e-01
2.020881175994873047e-01
7.214341312646865845e-02
9.165935218334197998e-02
5.523081868886947632e-02
4.304157197475433350e-02
2.270994335412979126e-01
1.384550034999847412e-01
1.328319609165191650e-01
2.730796039104461670e-01
8.736108988523483276e-02
1.611698567867279053e-01
3.451336324214935303e-01
8.451789617538452148e-02
2.856142222881317139e-01
1.067750677466392517e-01
4.123118221759796143e-01
3.944695293903350830e-01
9.633646905422210693e-02
1.025787740945816040e-01
8.719462156295776367e-02
1.176981627941131592e-01
1.373241692781448364e-01
2.085140943527221680e-01
2.260365188121795654e-01
1.541987210512161255e-01
8.764792978763580322e-02
1.315344870090484619e-01
8.474757075309753418e-01
3.413572907447814941e-01
3.356592655181884766e-01
5.617577210068702698e-02
3.615698814392089844e-01
7.499570846557617188e-01
1.987060755491256714e-01
1.249682158231735229e-01
6.851689815521240234e-01
3.039668798446655273e-01
3.536975383758544922e-01
5.008716583251953125e-01
1.464640051126480103e-01
5.284538865089416504e-01
2.360166758298873901e-01
5.023461580276489258e-01
1.080552190542221069e-01
8.345621079206466675e-02
3.501291573047637939e-01
5.582185387611389160e-01
1.501653492450714111e-01
2.973172664642333984e-01
1.272550821304321289e-01
3.050435483455657959e-01
9.101111292839050293e-01
8.354416489601135254e-01
1.927818506956100464e-01
8.243958353996276855e-01
9.941313862800598145e-01
6.092563271522521973e-01
3.301566839218139648e-01
5.569444298744201660e-01
1.808404326438903809e-01
3.696166872978210449e-01
6.298214793205261230e-01
8.876028656959533691e-01
1.801192909479141235e-01
5.295717716217041016e-01
1.520930081605911255e-01
7.703485488891601562e-01
8.768191337585449219e-01
6.996946334838867188e-01
4.216864705085754395e-01
9.384432435035705566e-01
4.915468692779541016e-01
5.048249959945678711e-01
8.476098775863647461e-01
4.895560145378112793e-01
5.846131443977355957e-01
6.119481921195983887e-01
5.314272046089172363e-01
5.025277733802795410e-01
4.036973118782043457e-01
4.342181384563446045e-01
4.562508761882781982e-01
3.306885063648223877e-01
6.987399458885192871e-01
1.399839222431182861e-01
5.041588544845581055e-01
1.488764286041259766e-01
3.472726941108703613e-01
5.775167346000671387e-01
6.422216892242431641e-01
8.704077005386352539e-01
5.170450806617736816e-01
8.141334354877471924e-02
3.354227915406227112e-02
5.238759890198707581e-02
9.308825433254241943e-02
4.790200665593147278e-02
4.699760302901268005e-02
3.737465664744377136e-02
9.213395416736602783e-02
6.660907715559005737e-02
1.478381007909774780e-01
1.072030887007713318e-01
8.061148524284362793e-01
6.623390316963195801e-02
4.834117740392684937e-02
4.172660782933235168e-02
5.012008547782897949e-02
7.786088436841964722e-02
4.576648399233818054e-02
7.677148282527923584e-02
5.158306285738945007e-02
3.329566419124603271e-01
6.123621389269828796e-02
1.029699295759201050e-01
1.008223742246627808e-01
1.867514252662658691e-01
5.440360307693481445e-02
2.112950682640075684e-01
2.090386152267456055e-01
8.566058427095413208e-02
4.985068738460540771e-01
5.194111466407775879e-01
3.978836238384246826e-01
6.407939195632934570e-01
1.697669774293899536e-01
4.446027874946594238e-01
3.448466062545776367e-01
2.682270407676696777e-01
6.499119102954864502e-02
1.370824426412582397e-01
4.187870323657989502e-01
2.780036814510822296e-02
3.114026784896850586e-01
1.205553561449050903e-01
2.453206330537796021e-01
2.293943166732788086e-01
6.777065396308898926e-01
5.743815898895263672e-01
1.050151959061622620e-01
6.180005073547363281e-01
4.036923944950103760e-01
5.335222482681274414e-01
6.721311211585998535e-01
7.727428674697875977e-01
1.090948805212974548e-01
3.076471090316772461e-01
6.187607049942016602e-01
9.103563427925109863e-02
2.629595994949340820e-01
6.215650215744972229e-02
5.258767008781433105e-01
6.170323863625526428e-02
1.034750416874885559e-01
1.155289039015769958e-01
3.133184835314750671e-02
2.189708501100540161e-01
1.086764931678771973e-01
1.923458725214004517e-01
1.018410846590995789e-01
1.039797067642211914e-01
1.651875525712966919e-01
6.362681835889816284e-02
1.510697603225708008e-01
1.254974156618118286e-01
4.162746295332908630e-02
7.987673580646514893e-02
8.241236954927444458e-02
5.365256220102310181e-02
7.701440900564193726e-02
9.868944436311721802e-02
1.982433050870895386e-01
2.214531898498535156e-01
2.072683423757553101e-01
4.425582885742187500e-01
9.111411124467849731e-02
2.213998436927795410e-01
2.155672013759613037e-01
5.130363106727600098e-01
4.922765791416168213e-01
2.086683362722396851e-01
6.549361348152160645e-01
3.492514789104461670e-01
1.088367104530334473e-01
2.508096396923065186e-01
2.380605041980743408e-01
4.719893932342529297e-01
1.188148707151412964e-01
1.995188742876052856e-01
1.883728504180908203e-01
4.130859859287738800e-03
8.275996148586273193e-02
8.670444786548614502e-02
9.454845637083053589e-02
9.294823557138442993e-02
2.881468832492828369e-02
2.948908507823944092e-02
4.804869368672370911e-02
8.985524624586105347e-02
1.189353540539741516e-01
1.132007166743278503e-01
1.908748783171176910e-02
6.699363887310028076e-02
1.048820316791534424e-01
1.308084577322006226e-01
1.581252664327621460e-01
2.596959769725799561e-01
1.702627837657928467e-01
5.873712524771690369e-02
1.596434861421585083e-01
8.063290268182754517e-02
1.889716386795043945e-01
8.515079319477081299e-02
9.505680203437805176e-02
9.341160953044891357e-02
2.012931108474731445e-01
5.111088603734970093e-02
1.327084004878997803e-01
3.353499993681907654e-02
1.607777327299118042e-01
5.001288652420043945e-02
4.458107799291610718e-02
9.465412050485610962e-02
5.133870616555213928e-02
3.349825143814086914e-01
1.182552725076675415e-01
3.415221571922302246e-01
6.898667663335800171e-02
8.213911205530166626e-02
7.218422740697860718e-02
1.281274259090423584e-01
1.054819673299789429e-01
1.414556503295898438e-01
1.178548261523246765e-01
2.880730926990509033e-01
1.242150813341140747e-01
1.003693938255310059e-01
7.794305682182312012e-02
7.941083312034606934e-01
6.326093673706054688e-01
6.846694946289062500e-01
2.128608077764511108e-01
9.350082278251647949e-02
5.603923201560974121e-01
4.308274984359741211e-01
6.527719646692276001e-02
7.216649502515792847e-02
1.289977580308914185e-01
7.931395769119262695e-01
9.552580714225769043e-01
2.832943201065063477e-01
7.139213681221008301e-01
2.502745985984802246e-01
1.834356337785720825e-01
2.138464897871017456e-01
9.956630319356918335e-02
1.485815644264221191e-01
7.438237667083740234e-01
8.807895183563232422e-01
1.555828303098678589e-01
4.445016682147979736e-01
2.497993260622024536e-01
4.591924846172332764e-01
4.921479821205139160e-01
2.359830886125564575e-01
5.048273205757141113e-01
6.433429718017578125e-01
6.350951194763183594e-01
4.304424524307250977e-01
4.093441963195800781e-01
3.984221220016479492e-01
1.518312394618988037e-01
3.797875046730041504e-01
3.874305486679077148e-01
2.571851015090942383e-01
4.369750022888183594e-01
6.213890314102172852e-01
6.202882528305053711e-01
5.408683419227600098e-01
5.630924105644226074e-01
9.537808299064636230e-01
7.408202290534973145e-01
6.662783622741699219e-01
6.861057281494140625e-01
3.922776281833648682e-01
6.579831242561340332e-02
8.673446625471115112e-02
1.150247231125831604e-01
5.854689702391624451e-02
2.524326741695404053e-01
2.450103759765625000e-01
5.537836626172065735e-02
2.499242275953292847e-01
4.153379499912261963e-01
6.510077118873596191e-01
1.284475177526473999e-01
1.402810662984848022e-01
6.188635900616645813e-02
5.199727416038513184e-02
4.382836222648620605e-01
4.192387461662292480e-01
5.591478571295738220e-02
7.948652654886245728e-02
2.515613138675689697e-01
5.425881221890449524e-02
3.984480500221252441e-01
1.877092868089675903e-01
4.616086930036544800e-02
1.054398640990257263e-01
8.962790668010711670e-02
9.830828756093978882e-02
4.742943122982978821e-02
2.001609951257705688e-01
9.206338226795196533e-02
3.254068493843078613e-01
7.484357059001922607e-02
8.363436907529830933e-02
1.058628931641578674e-01
1.653805971145629883e-01
3.656607121229171753e-02
2.776195704936981201e-01
7.347607612609863281e-02
2.124356478452682495e-01
1.063174530863761902e-01
1.816607713699340820e-01
7.456973195075988770e-02
1.828187853097915649e-01
2.164742052555084229e-01
3.763949871063232422e-01
2.623986005783081055e-01
1.866220384836196899e-01
1.500013023614883423e-01
4.308222234249114990e-01
6.462474167346954346e-02
1.069374084472656250e-01
2.122682034969329834e-01
1.322197169065475464e-01
1.098150983452796936e-01
2.298336774110794067e-01
1.424248516559600830e-01
1.829342991113662720e-01
9.473546594381332397e-02
8.395934104919433594e-02
4.408274292945861816e-01
4.191952347755432129e-01
2.302267849445343018e-01
2.311012744903564453e-01
2.257831394672393799e-01
6.000996753573417664e-02
1.557101458311080933e-01
1.428091824054718018e-01
2.622512578964233398e-01
9.356094896793365479e-02
1.061238050460815430e-01
1.782484054565429688e-01
1.348470598459243774e-01
1.668123304843902588e-01
7.888393849134445190e-02
1.733168065547943115e-01
3.716875612735748291e-02
4.327423125505447388e-02
9.064125269651412964e-02
4.660670831799507141e-02
1.167892962694168091e-01
2.285335659980773926e-01
1.046936213970184326e-01
1.550772041082382202e-01
1.679764240980148315e-01
7.408469915390014648e-01
5.352196097373962402e-01
8.245345950126647949e-02
6.617099046707153320e-01
2.387524843215942383e-01
5.876339673995971680e-01
4.372631907463073730e-01
4.167639017105102539e-01
4.920642971992492676e-01
1.111495345830917358e-01
3.706574141979217529e-01
6.787161827087402344e-01
2.185464799404144287e-01
1.827576607465744019e-01
3.932306766510009766e-01
6.609982252120971680e-02
1.719623506069183350e-01
1.243473663926124573e-01
8.422664552927017212e-02
9.567901492118835449e-02
5.168933793902397156e-02
5.082639306783676147e-02
2.461322844028472900e-01
3.014413714408874512e-01
8.281769752502441406e-01
6.031312942504882812e-01
1.069758608937263489e-01
4.406039118766784668e-01
2.729367017745971680e-01
6.322785615921020508e-01
5.739211440086364746e-01
2.595574557781219482e-01
6.480305194854736328e-01
7.928259372711181641e-01
7.245915532112121582e-01
7.886929512023925781e-01
6.203638911247253418e-01
1.981225311756134033e-01
9.482789039611816406e-01
6.272506117820739746e-01
6.712112426757812500e-01
6.447222828865051270e-01
1.684443801641464233e-01
5.485680699348449707e-01
2.510579228401184082e-01
3.171689510345458984e-01
5.261108875274658203e-01
1.648376733064651489e-01
5.825087428092956543e-01
6.511120200157165527e-01
6.486697196960449219e-01
8.921254277229309082e-01
1.164066046476364136e-01
5.600719451904296875e-01
4.369757473468780518e-01
7.732068300247192383e-01
1.388359218835830688e-01
7.201011180877685547e-01
1.040186434984207153e-01
5.037060976028442383e-01
9.396476149559020996e-01
1.792072951793670654e-01
5.819225311279296875e-01
4.249499738216400146e-01
3.377458453178405762e-01
7.398960590362548828e-01
8.377084136009216309e-01
9.183049798011779785e-01
7.083675861358642578e-01
7.664496898651123047e-01
1.092001080513000488e+00
8.858019709587097168e-01
9.171887040138244629e-01
1.672936975955963135e-01
6.850661635398864746e-01
9.032624959945678711e-01
4.018421471118927002e-01
1.961874812841415405e-01
5.736311078071594238e-01
7.377812266349792480e-01
4.279493689537048340e-01
9.994682669639587402e-02
8.551554381847381592e-02
1.108107864856719971e-01
8.845072984695434570e-02
1.130610182881355286e-01
1.004722341895103455e-01
1.160619929432868958e-01
1.111314818263053894e-01
1.311309933662414551e-01
7.202895730733871460e-02
7.972715049982070923e-02
1.011532843112945557e-01
1.294728517532348633e-01
1.521163582801818848e-01
1.200843825936317444e-01
6.160795688629150391e-02
7.939485460519790649e-02
5.356525257229804993e-02
7.685690373182296753e-02
9.272208064794540405e-02
1.138860508799552917e-01
6.529980897903442383e-02
5.327915027737617493e-02
1.008419543504714966e-01
1.089461818337440491e-01
8.695921301841735840e-02
1.074562072753906250e-01
5.359426140785217285e-02
6.360860168933868408e-02
7.290680706501007080e-02
1.010785549879074097e-01
5.715789273381233215e-02
1.383908241987228394e-01
1.417676359415054321e-01
2.250920832157135010e-01
5.101580172777175903e-02
2.283350229263305664e-01
7.523199170827865601e-02
7.839578390121459961e-02
1.040576472878456116e-01
5.742674469947814941e-01
2.745211124420166016e-01
2.498398423194885254e-01
1.602297574281692505e-01
1.470369845628738403e-01
6.783030927181243896e-02
3.865045607089996338e-01
8.377228677272796631e-02
7.411971688270568848e-02
9.030991792678833008e-02
2.133313380181789398e-02
1.081210225820541382e-01
6.333892047405242920e-02
3.447251766920089722e-02
6.565733253955841064e-02
1.629055887460708618e-01
1.713620573282241821e-01
1.473756432533264160e-01
1.381029337644577026e-01
8.188140392303466797e-02
1.252105683088302612e-01
1.564579457044601440e-01
1.812385767698287964e-01
1.805714964866638184e-01
6.118684262037277222e-02
1.075657233595848083e-01
2.278808355331420898e-01
2.112230211496353149e-01
1.106447204947471619e-01
9.626737982034683228e-02
1.516808271408081055e-01
6.660114973783493042e-02
9.276572614908218384e-02
1.106782630085945129e-01
1.365060359239578247e-01
8.552247285842895508e-02
9.001284837722778320e-02
6.248478218913078308e-02
1.255134940147399902e-01
4.361683130264282227e-01
1.372328549623489380e-01
4.830115139484405518e-01
1.158726140856742859e-01
3.796894550323486328e-01
8.510631322860717773e-02
4.902148619294166565e-02
9.846015274524688721e-02
2.638649642467498779e-01
5.056291818618774414e-01
7.187281847000122070e-01
1.804906576871871948e-01
6.717279553413391113e-02
4.615930914878845215e-01
2.614461481571197510e-01
1.449912190437316895e-01
1.490126252174377441e-01
5.018896460533142090e-01
1.199829429388046265e-01
1.135334149003028870e-01
1.577181667089462280e-01
8.520871996879577637e-01
1.985783427953720093e-01
1.714836359024047852e-01
1.071545705199241638e-01
1.258266270160675049e-01
1.034595295786857605e-01
4.126251339912414551e-01
6.818618774414062500e-01
1.493708193302154541e-01
7.766766101121902466e-02
2.817459404468536377e-01
1.736152023077011108e-01
1.855955272912979126e-01
3.651760816574096680e-01
2.175357490777969360e-01
9.325825423002243042e-02
1.433999836444854736e-01
2.266727089881896973e-01
3.632331192493438721e-01
5.818943977355957031e-01
1.070549041032791138e-01
4.813216924667358398e-01
5.126160979270935059e-01
1.412338316440582275e-01
2.474568486213684082e-01
4.994749426841735840e-01
1.108386963605880737e-01
5.079581141471862793e-01
2.915445268154144287e-01
3.273487389087677002e-01
8.899871259927749634e-02
8.720363974571228027e-01
9.168857932090759277e-01
1.776668578386306763e-01
1.443433463573455811e-01
1.462199985980987549e-01
1.523571461439132690e-01
1.733358353376388550e-01
1.105760931968688965e-01
2.903797328472137451e-01
1.014101505279541016e-01
1.125165075063705444e-01
6.086383387446403503e-02
1.131861060857772827e-01
1.147375330328941345e-01
8.779257535934448242e-02
1.063913479447364807e-01
9.761811792850494385e-02
1.932745277881622314e-01
2.835578918457031250e-01
9.590126574039459229e-02
1.538792103528976440e-01
5.642319843173027039e-02
1.343815326690673828e-01
1.187140792608261108e-01
4.816026687622070312e-01
1.578707695007324219e-01
1.644607037305831909e-01
1.213496401906013489e-01
1.232414916157722473e-01
1.318559795618057251e-01
3.056731820106506348e-01
2.414961606264114380e-01
2.348746508359909058e-01
1.662227362394332886e-01
1.520002037286758423e-01
9.758516401052474976e-02
2.835176289081573486e-01
1.605722010135650635e-01
3.137715905904769897e-02
2.774466574192047119e-02
1.744652241468429565e-01
1.685234755277633667e-01
1.654296517372131348e-01
4.708971828222274780e-02
3.722838163375854492e-01
3.090144693851470947e-01
7.336600869894027710e-02
5.752442777156829834e-02
1.217707395553588867e-01
5.954190343618392944e-02
2.975163459777832031e-01
1.734519451856613159e-01
2.196598500013351440e-01
1.088830530643463135e-01
8.172693848609924316e-02
4.899077713489532471e-01
4.516107439994812012e-01
2.286542356014251709e-01
1.077874004840850830e-01
1.031408607959747314e-01
4.576938971877098083e-02
7.921177893877029419e-02
5.120725184679031372e-02
1.204611286520957947e-01
1.422632783651351929e-01
3.791710138320922852e-01
5.651726126670837402e-01
1.436614245176315308e-01
5.100339651107788086e-01
7.994532585144042969e-01
3.550319373607635498e-01
1.059704497456550598e-01
7.218610644340515137e-01
3.906129300594329834e-01
8.238905668258666992e-01
1.551252007484436035e-01
4.459395706653594971e-01
1.341793835163116455e-01
1.072106137871742249e-01
4.292727708816528320e-01
8.516886830329895020e-01
1.026278972625732422e+00
4.836744964122772217e-01
4.481796026229858398e-01
4.827770888805389404e-01
7.572137713432312012e-01
7.999371886253356934e-01
7.649176120758056641e-01
7.107675671577453613e-01
8.802264928817749023e-01
4.806640446186065674e-01
1.245351359248161316e-01
1.641619652509689331e-01
4.652887582778930664e-01
7.706475853919982910e-01
9.775965213775634766e-01
6.301262378692626953e-01
6.437706947326660156e-01
3.771887421607971191e-01
9.148777127265930176e-01
4.527635276317596436e-01
2.122860401868820190e-01
4.955676496028900146e-01
4.523047804832458496e-01
3.513107299804687500e-01
5.034381747245788574e-01
3.646841347217559814e-01
2.948058843612670898e-01
5.603275895118713379e-01
6.098296046257019043e-01
5.912752747535705566e-01
5.882143974304199219e-01
7.216953039169311523e-01
7.025975584983825684e-01
7.138533592224121094e-01
6.644441485404968262e-01
8.293445706367492676e-01
7.047845721244812012e-01
2.261864840984344482e-01
6.996790766716003418e-01
6.363841295242309570e-01
6.302964687347412109e-01
1.895429193973541260e-01
2.997075915336608887e-01
5.970688462257385254e-01
4.326331019401550293e-01
1.327271461486816406e-01
8.373492956161499023e-01
6.671925187110900879e-01
1.247100606560707092e-01
9.088717401027679443e-02
2.524843811988830566e-01
1.191389337182044983e-01
5.423753857612609863e-01
8.218281865119934082e-01
1.803221553564071655e-01
7.025443911552429199e-01
2.413103878498077393e-01
8.310526013374328613e-01
9.317278265953063965e-01
9.166614413261413574e-01
1.567527800798416138e-01
8.340551853179931641e-01
7.272253632545471191e-01
8.113917708396911621e-01
7.387992739677429199e-01
1.662780344486236572e-01
6.622601747512817383e-01
7.267829179763793945e-01
9.152595400810241699e-01
9.149078726768493652e-01
9.772364497184753418e-01
9.774559736251831055e-01
5.490667819976806641e-01
9.723608493804931641e-01
7.459055185317993164e-01
9.040071368217468262e-01
4.950125515460968018e-01
9.439299702644348145e-01
4.780134856700897217e-01
3.226584196090698242e-01
7.816930413246154785e-01
2.090743333101272583e-01
4.949132204055786133e-01
7.073556780815124512e-01
8.695345520973205566e-01
1.283721476793289185e-01
6.695082783699035645e-01
6.324295401573181152e-01
5.946899056434631348e-01
7.839384675025939941e-01
1.553646922111511230e-01
8.973091840744018555e-01
1.057713627815246582e+00
7.905488610267639160e-01
2.907155156135559082e-01
7.280594706535339355e-01
6.904205083847045898e-01
7.485193610191345215e-01
6.903612017631530762e-01
9.360353946685791016e-01
7.252421379089355469e-01
6.814838647842407227e-01
6.318606138229370117e-01
3.659999072551727295e-01
4.548607468605041504e-01
4.927703142166137695e-01
5.248090624809265137e-01
7.728515267372131348e-01
4.185435473918914795e-01
6.860482692718505859e-01
5.580908656120300293e-01
4.135835766792297363e-01
7.198652625083923340e-01
5.187584757804870605e-01
8.852353692054748535e-01
9.019860029220581055e-01
1.585019975900650024e-01
2.384286820888519287e-01
7.946185469627380371e-01
7.842496037483215332e-01
5.424438714981079102e-01
1.419253200292587280e-01
7.644299268722534180e-01
7.930555939674377441e-01
3.929118216037750244e-01
4.233226478099822998e-01
6.425742506980895996e-01
7.776722311973571777e-01
5.150556564331054688e-01
6.791598796844482422e-01
4.811676591634750366e-02
1.859946995973587036e-01
1.018166840076446533e-01
6.985407322645187378e-02
1.473195552825927734e-01
4.505272954702377319e-02
1.147993206977844238e-01
5.317728221416473389e-02
5.498011037707328796e-02
5.233154818415641785e-02
1.341772079467773438e-01
9.573373198509216309e-02
7.995913922786712646e-02
9.089361131191253662e-02
6.013140827417373657e-02
5.434173345565795898e-01
5.733390450477600098e-01
9.089238196611404419e-02
1.943335086107254028e-01
2.308524996042251587e-01
3.969374895095825195e-01
4.690864384174346924e-01
3.609920442104339600e-01
1.296221911907196045e-01
1.082517504692077637e-01
1.611511558294296265e-01
5.848888754844665527e-01
3.668657839298248291e-01
9.484821557998657227e-02
9.658406674861907959e-02
1.029356569051742554e-01
5.632000416517257690e-02
4.195833951234817505e-02
6.479045748710632324e-02
7.999339699745178223e-02
1.334961950778961182e-01
1.452539712190628052e-01
1.009870395064353943e-01
9.249272942543029785e-02
8.317103236913681030e-02
3.866510391235351562e-01
6.571788340806961060e-02
1.609680354595184326e-01
1.270942091941833496e-01
1.681188046932220459e-01
1.201343387365341187e-01
9.785816818475723267e-02
8.007875829935073853e-02
5.769496783614158630e-02
8.487010747194290161e-02
1.274280846118927002e-01
1.936025619506835938e-01
1.380283385515213013e-01
3.195287883281707764e-01
1.095036342740058899e-01
4.898421093821525574e-02
4.051376283168792725e-01
7.046568989753723145e-01
2.622293233871459961e-01
3.085730671882629395e-01
6.952620744705200195e-01
3.844650834798812866e-02
6.819388270378112793e-02
7.789924740791320801e-02
1.110298112034797668e-01
1.146340072154998779e-01
4.306443035602569580e-01
1.417109966278076172e-01
5.037952661514282227e-01
1.686445623636245728e-01
1.839365363121032715e-01
8.512335270643234253e-02
4.132430851459503174e-01
7.152394205331802368e-02
8.659713268280029297e-01
1.057537347078323364e-01
1.200984194874763489e-01
2.337989658117294312e-01
9.404622018337249756e-02
8.714505285024642944e-02
1.974063366651535034e-01
8.483946323394775391e-02
1.752138435840606689e-01
1.693575382232666016e-01
9.242665022611618042e-02
2.385598123073577881e-01
2.559167146682739258e-01
9.157953411340713501e-02
8.258757591247558594e-01
5.058666467666625977e-01
9.449692815542221069e-02
1.044282317161560059e-01
1.193362101912498474e-01
2.663678824901580811e-01
5.476049780845642090e-01
6.912298202514648438e-01
1.765957623720169067e-01
2.021216452121734619e-01
5.539644956588745117e-01
6.215924620628356934e-01
4.510458707809448242e-01
7.395619153976440430e-02
1.869049817323684692e-01
9.434998780488967896e-02
9.344249218702316284e-02
1.413952857255935669e-01
2.735301479697227478e-02
5.784197524189949036e-02
2.565178275108337402e-02
7.642506062984466553e-02
3.902779892086982727e-02
1.003987491130828857e-01
1.769645512104034424e-01
2.986623942852020264e-01
1.242928430438041687e-01
1.865202337503433228e-01
1.174588650465011597e-01
1.553198397159576416e-01
1.462549418210983276e-01
1.815988570451736450e-01
6.253805756568908691e-02
1.137303337454795837e-01
5.381536111235618591e-02
6.936130672693252563e-02
1.417635679244995117e-01
1.408702731132507324e-01
2.577909529209136963e-01
6.731946766376495361e-02
6.393358111381530762e-02
6.335483491420745850e-02
3.150425851345062256e-02
1.670464575290679932e-01
7.094981670379638672e-01
6.071944236755371094e-01
6.915535926818847656e-01
4.741117954254150391e-01
3.287225663661956787e-01
4.367914795875549316e-01
6.577618420124053955e-02
2.288509160280227661e-01
1.241587474942207336e-01
6.565306782722473145e-01
6.157492399215698242e-01
1.749425679445266724e-01
5.391966700553894043e-01
3.001627326011657715e-01
3.567390143871307373e-01
4.121311008930206299e-01
2.312111407518386841e-01
6.862977147102355957e-01
8.669861406087875366e-02
5.375264286994934082e-01
9.585994482040405273e-01
1.236199066042900085e-01
5.322850868105888367e-02
3.747140243649482727e-02
1.693928055465221405e-02
8.671302795410156250e-01
8.391398787498474121e-01
4.464048147201538086e-01
3.190767168998718262e-01
1.822584867477416992e-01
8.643478751182556152e-01
4.934944212436676025e-01
7.068813443183898926e-01
4.528724849224090576e-01
8.744043707847595215e-01
4.854446649551391602e-01
4.756592214107513428e-01
4.951419234275817871e-01
7.757127285003662109e-01
7.953206896781921387e-01
1.755894720554351807e-01
7.099970579147338867e-01
4.828374087810516357e-01
5.982364416122436523e-01
6.568156480789184570e-01
3.872548341751098633e-01
1.067497611045837402e+00
8.478128910064697266e-01
8.478886485099792480e-01
8.829897046089172363e-01
2.848070859909057617e-01
4.994384646415710449e-01
9.020525813102722168e-01
4.555197656154632568e-01
5.289179086685180664e-01
6.311283111572265625e-01
4.721764326095581055e-01
1.547188907861709595e-01
6.581010818481445312e-01
8.144025802612304688e-01
4.556933045387268066e-01
4.216215908527374268e-01
5.113382339477539062e-01
9.769102931022644043e-01
5.849570035934448242e-01
9.022099375724792480e-01
1.610051840543746948e-01
9.376500546932220459e-02
1.424923837184906006e-01
4.090491831302642822e-01
1.486854404211044312e-01
1.918163150548934937e-01
6.595137715339660645e-01
5.712014436721801758e-01
8.865538239479064941e-02
7.775842398405075073e-02
6.713873893022537231e-02
7.652231305837631226e-02
6.781355291604995728e-02
4.923327639698982239e-02
3.647281974554061890e-02
5.627795308828353882e-02
5.505345389246940613e-02
1.033285558223724365e-01
7.114531099796295166e-02
5.367606133222579956e-02
8.902146667242050171e-02
1.143480017781257629e-01
1.360008269548416138e-01
1.090032160282135010e-01
8.872263133525848389e-02
1.350915133953094482e-01
2.003253251314163208e-01
3.608964756131172180e-02
9.261775761842727661e-02
4.058509469032287598e-01
1.553701013326644897e-01
5.370862483978271484e-01
4.599237442016601562e-01
1.160933896899223328e-01
9.208723902702331543e-02
8.112685382366180420e-02
7.575102150440216064e-02
1.603951454162597656e-01
3.445715829730033875e-02
7.840345799922943115e-02
6.480149924755096436e-02
3.402934968471527100e-01
1.113965213298797607e-01
8.976082503795623779e-02
1.032283604145050049e-01
4.770097434520721436e-01
9.003935754299163818e-02
5.071962475776672363e-01
3.673671185970306396e-01
1.013026088476181030e-01
1.321213394403457642e-01
1.119828298687934875e-01
9.413813799619674683e-02
1.940484941005706787e-01
9.494152665138244629e-02
9.977056086063385010e-02
2.176310867071151733e-01
1.114195585250854492e-01
1.062512248754501343e-01
3.311693668365478516e-01
3.042528629302978516e-01
4.021672904491424561e-01
5.455984175205230713e-02
1.018277332186698914e-01
1.997393071651458740e-01
3.747727870941162109e-01
5.317598581314086914e-01
1.359343677759170532e-01
5.841833353042602539e-02
6.744965910911560059e-02
1.086732968688011169e-01
1.059726998209953308e-01
1.732631623744964600e-01
4.262775480747222900e-01
6.187463998794555664e-01
2.615055143833160400e-01
2.449184060096740723e-01
7.087026536464691162e-02
7.240782976150512695e-01
2.915793955326080322e-01
1.628814637660980225e-01
1.635298430919647217e-01
1.524670869112014771e-01
1.404173076152801514e-01
5.584517121315002441e-01
5.115468502044677734e-01
3.083977103233337402e-02
2.530738711357116699e-01
8.443795442581176758e-01
8.086594194173812866e-02
8.437386155128479004e-02
4.212136939167976379e-02
1.212851628661155701e-01
2.122061401605606079e-01
1.138304173946380615e-01
3.627400100231170654e-01
1.325106322765350342e-01
7.262437045574188232e-02
4.957180619239807129e-01
5.314610004425048828e-01
2.417450994253158569e-01
6.849273294210433960e-02
9.327170252799987793e-02
7.239842414855957031e-02
1.151067018508911133e-01
8.730874210596084595e-02
8.011605590581893921e-02
1.886143833398818970e-01
9.872408211231231689e-02
9.029207378625869751e-02
1.153855323791503906e-01
3.284074738621711731e-02
7.402659952640533447e-02
1.248795092105865479e-01
1.192818135023117065e-01
1.344328522682189941e-01
2.252856791019439697e-01
1.844008266925811768e-01
5.346171185374259949e-02
1.074096262454986572e-01
5.061472952365875244e-02
5.742352604866027832e-01
6.336964964866638184e-01
3.942629694938659668e-01
1.929149776697158813e-01
3.110800087451934814e-01
1.972493380308151245e-01
1.108416765928268433e-01
3.831221461296081543e-01
4.995134770870208740e-01
3.255412578582763672e-01
2.846208214759826660e-01
2.707497477531433105e-01
5.467277392745018005e-02
1.998394429683685303e-01
2.604515850543975830e-01
6.412261724472045898e-01
2.845085263252258301e-01
1.001259014010429382e-01
3.397313058376312256e-01
7.308965921401977539e-01
4.720333516597747803e-01
4.636214375495910645e-01
2.278724610805511475e-01
4.478441178798675537e-01
7.003728300333023071e-02
8.372884392738342285e-01
9.885869026184082031e-01
9.535529613494873047e-01
7.907831668853759766e-01
8.078143596649169922e-01
1.022796988487243652e+00
5.056890845298767090e-01
1.797514855861663818e-01
2.543894350528717041e-01
4.335947632789611816e-01
7.704912424087524414e-01
8.389199376106262207e-01
7.667816281318664551e-01
6.848479509353637695e-01
6.187689900398254395e-01
5.237070918083190918e-01
8.294100761413574219e-01
5.164939165115356445e-01
5.211706757545471191e-01
7.156101465225219727e-01
3.735433220863342285e-01
5.103667974472045898e-01
5.219907164573669434e-01
1.167158409953117371e-01
9.523501992225646973e-01
6.161418557167053223e-01
1.841189861297607422e-01
5.899406075477600098e-01
9.190871715545654297e-01
2.158002257347106934e-01
9.651010632514953613e-01
6.699121594429016113e-01
7.213893532752990723e-01
5.233256816864013672e-01
7.900706529617309570e-01
6.229286789894104004e-01
2.702740430831909180e-01
5.208772420883178711e-01
6.109541058540344238e-01
3.569113314151763916e-01
4.731943905353546143e-01
6.702955961227416992e-01
6.995875239372253418e-01
8.133285045623779297e-01
1.012510776519775391e+00
7.533604502677917480e-01
4.979273974895477295e-01
9.509219527244567871e-01
6.545442938804626465e-01
6.028394103050231934e-01
9.212300777435302734e-01
5.930570363998413086e-01
5.814625620841979980e-01
2.415603995323181152e-01
7.356426715850830078e-01
6.262124180793762207e-01
5.153536200523376465e-01
6.920319795608520508e-01
2.364457249641418457e-01
6.055016517639160156e-01
7.157709598541259766e-01
6.074094176292419434e-01
7.430863976478576660e-01
4.147178232669830322e-01
9.592587947845458984e-01
6.188870668411254883e-01
2.247457802295684814e-01
2.668264210224151611e-01
4.318791329860687256e-01
9.450095295906066895e-01
2.572916448116302490e-01
1.169091835618019104e-01
1.006835997104644775e-01
6.041882559657096863e-02
1.404272019863128662e-01
1.354712098836898804e-01
2.879178822040557861e-01
1.350399404764175415e-01
3.450516611337661743e-02
8.110650628805160522e-02
8.292786031961441040e-02
5.601722002029418945e-02
8.171166479587554932e-02
6.399747729301452637e-02
4.296361282467842102e-02
5.821861699223518372e-02
7.084742188453674316e-02
3.596744835376739502e-01
1.043644919991493225e-01
3.316264748573303223e-01
9.297201782464981079e-02
3.293316066265106201e-01
3.234662115573883057e-01
4.790920913219451904e-01
6.209408640861511230e-01
1.222130209207534790e-01
5.333063751459121704e-02
1.150260195136070251e-01
8.373199403285980225e-02
7.833781838417053223e-02
1.273629963397979736e-01
6.594248861074447632e-02
8.763043582439422607e-02
1.600386947393417358e-01
1.401550322771072388e-01
3.902433514595031738e-01
5.551689863204956055e-02
7.405451685190200806e-02
1.039253696799278259e-01
1.371788978576660156e-01
3.477320373058319092e-01
7.852193713188171387e-02
6.154515221714973450e-02
1.199920624494552612e-01
4.746146872639656067e-02
9.150309115648269653e-02
1.561834663152694702e-01
2.420251816511154175e-01
2.308719456195831299e-01
9.896753728389739990e-02
3.125886321067810059e-01
2.467544972896575928e-01
1.075285822153091431e-01
8.753550052642822266e-02
1.437855958938598633e-01
2.823977470397949219e-01
1.751625090837478638e-01
1.062087118625640869e-01
2.270208150148391724e-01
1.163462474942207336e-01
1.008474230766296387e-01
2.413049787282943726e-01
1.482766121625900269e-01
9.226703643798828125e-01
4.556680917739868164e-01
7.698554545640945435e-02
2.739768624305725098e-01
7.382366061210632324e-01
3.105648159980773926e-01
8.481795340776443481e-02
4.937739074230194092e-01
2.362644672393798828e-01
9.965717792510986328e-02
2.272486984729766846e-01
3.803899884223937988e-01
1.875806450843811035e-01
1.815111041069030762e-01
1.641374826431274414e-01
1.024914756417274475e-01
1.051182672381401062e-01
1.246555075049400330e-01
1.590147316455841064e-01
1.603361219167709351e-01
1.374250650405883789e-01
8.626068383455276489e-02
6.615243852138519287e-02
1.923444420099258423e-01
7.136063277721405029e-02
1.350992172956466675e-01
1.121656149625778198e-01
2.732074260711669922e-01
1.975302398204803467e-01
8.348433673381805420e-02
2.285630106925964355e-01
7.713795453310012817e-02
2.034591585397720337e-01
9.016413986682891846e-02
9.248853474855422974e-02
2.751989960670471191e-01
1.051003709435462952e-01
6.386882066726684570e-02
1.018349006772041321e-01
7.355407476425170898e-01
2.129693776369094849e-01
1.104632318019866943e-01
1.128206327557563782e-01
1.310648769140243530e-01
7.244797348976135254e-01
8.211293816566467285e-01
8.231249451637268066e-01
6.643585562705993652e-01
7.838383913040161133e-01
3.777327835559844971e-01
1.109663546085357666e-01
8.107063770294189453e-01
7.629143595695495605e-01
9.135088920593261719e-01
7.978243827819824219e-01
1.754299551248550415e-01
4.508872628211975098e-01
8.878769278526306152e-01
9.155499935150146484e-01
1.382998526096343994e-01
8.774667382240295410e-01
8.014230728149414062e-01
6.006773114204406738e-01
7.047249674797058105e-01
8.691650629043579102e-01
7.683791518211364746e-01
1.228873655200004578e-01
1.013742461800575256e-01
1.108623966574668884e-01
1.782082021236419678e-01
1.323848813772201538e-01
9.826875478029251099e-02
7.122415900230407715e-01
1.335598528385162354e-01
5.839515924453735352e-01
1.135509684681892395e-01
8.096578717231750488e-02
1.549437940120697021e-01
7.990008592605590820e-02
1.452109515666961670e-01
9.954737126827239990e-02
6.744600832462310791e-02
7.671609520912170410e-02
1.486872732639312744e-01
1.845931857824325562e-01
9.112622588872909546e-02
7.537589967250823975e-02
1.006011068820953369e-01
1.208975836634635925e-01
1.910782605409622192e-01
3.186434507369995117e-01
9.013426303863525391e-01
7.858917862176895142e-02
2.670740783214569092e-01
3.045952133834362030e-02
2.108019590377807617e-01
8.273613452911376953e-01
3.190212249755859375e-01
6.356865912675857544e-02
2.795348167419433594e-01
1.177291125059127808e-01
2.438050657510757446e-01
2.364698946475982666e-01
4.675596058368682861e-01
1.176038011908531189e-01
2.541790306568145752e-01
2.753373980522155762e-01
2.090225517749786377e-01
6.689860820770263672e-01
4.583093523979187012e-01
1.128387972712516785e-01
2.656343877315521240e-01
2.126038223505020142e-01
1.776596158742904663e-01
1.490827500820159912e-01
1.139352470636367798e-01
3.758794069290161133e-02
7.255177944898605347e-02
1.612435281276702881e-01
2.122813314199447632e-01
1.178583651781082153e-01
1.128419786691665649e-01
1.547901928424835205e-01
2.032944560050964355e-01
1.919263899326324463e-01
4.985113739967346191e-01
1.284340769052505493e-01
2.968336343765258789e-01
1.311347633600234985e-01
1.810225844383239746e-01
2.888100147247314453e-01
3.994214236736297607e-01
2.127687484025955200e-01
8.898964524269104004e-02
1.643606424331665039e-01
9.615620970726013184e-02
6.776698678731918335e-02
9.375294446945190430e-01
6.433253288269042969e-01
4.375494122505187988e-01
3.402238488197326660e-01
2.441980391740798950e-01
4.636012017726898193e-01
3.393537104129791260e-01
2.310100793838500977e-01
4.266945421695709229e-01
6.984118223190307617e-01
5.734145045280456543e-01
2.808223068714141846e-01
9.456970095634460449e-01
5.580072999000549316e-01
5.009043812751770020e-01
4.002949893474578857e-01
5.065454244613647461e-01
7.313125133514404297e-01
2.836504876613616943e-01
3.484689295291900635e-01
6.106781959533691406e-01
6.177327036857604980e-01
1.104096770286560059e+00
8.077330142259597778e-02
1.073707044124603271e-01
1.100234016776084900e-01
9.460996985435485840e-01
1.055442571640014648e+00
1.045445442199707031e+00
1.092702150344848633e+00
7.123427391052246094e-01
8.475334644317626953e-01
4.783591926097869873e-01
8.220191001892089844e-01
3.160250484943389893e-01
7.385646700859069824e-01
8.646889925003051758e-01
8.137360215187072754e-01
8.537600636482238770e-01
8.738535046577453613e-01
9.602586030960083008e-01
8.523094654083251953e-01
8.601338863372802734e-01
8.308196067810058594e-01
8.587296009063720703e-01
8.295436501502990723e-01
5.189459919929504395e-01
2.689180374145507812e-01
7.965114712715148926e-01
2.358763217926025391e-01
9.121460914611816406e-01
4.986835718154907227e-01
8.498299121856689453e-01
8.095865845680236816e-01
1.116004109382629395e+00
8.880061507225036621e-01
7.869592905044555664e-01
6.120036244392395020e-01
8.582392930984497070e-01
7.121114134788513184e-01
7.225760221481323242e-01
8.227405548095703125e-01
8.924758434295654297e-01
8.728774189949035645e-01
6.653168797492980957e-01
8.513195514678955078e-01
2.416901588439941406e-01
8.455340266227722168e-01
1.091934561729431152e+00
1.987716257572174072e-01
1.014223575592041016e+00
9.230586290359497070e-01
7.894419431686401367e-01
1.000001788139343262e+00
1.822794377803802490e-01
6.565572619438171387e-01
6.420215964317321777e-01
9.546933174133300781e-01
6.775011420249938965e-01
7.208589911460876465e-01
8.148257732391357422e-01
8.483219742774963379e-01
9.238812923431396484e-01
7.024329900741577148e-01
4.502794444561004639e-01
9.586794972419738770e-01
1.033446311950683594e+00
8.674694299697875977e-01
7.847120165824890137e-01
7.575179338455200195e-01
7.981149554252624512e-01
4.498625993728637695e-01
7.130559682846069336e-01
7.265795469284057617e-01
5.844095945358276367e-01
7.980800271034240723e-01
7.008869647979736328e-01
7.203950285911560059e-01
1.809027791023254395e-01
6.808235645294189453e-01
7.126498818397521973e-01
7.523115277290344238e-01
6.712362766265869141e-01
2.468830496072769165e-01
9.751334786415100098e-01
9.323619008064270020e-01
9.596540331840515137e-01
9.702111482620239258e-01
9.329053163528442383e-01
7.281467318534851074e-01
6.723922491073608398e-01
1.012951016426086426e+00
7.685787081718444824e-01
7.221760153770446777e-01
8.746234774589538574e-01
4.932270646095275879e-01
1.521114259958267212e-01
1.084935426712036133e+00
8.359866738319396973e-01
9.126439690589904785e-01
1.834054887294769287e-01
1.002305388450622559e+00
7.505476474761962891e-01
1.620685160160064697e-01
9.081114530563354492e-01
8.919230103492736816e-01
7.499638795852661133e-01
1.012456893920898438e+00
1.021500706672668457e+00
2.538416087627410889e-01
1.913518756628036499e-01
1.152060478925704956e-01
3.069116175174713135e-01
3.324424922466278076e-01
2.805431783199310303e-01
3.139969706535339355e-01
3.571747839450836182e-01
1.454795598983764648e-01
8.262299001216888428e-02
7.641511410474777222e-02
8.390031754970550537e-02
5.019511282444000244e-02
9.772544354200363159e-02
1.082650870084762573e-01
6.324236840009689331e-02
6.696905195713043213e-02
4.551485180854797363e-02
1.237860098481178284e-01
1.686522960662841797e-01
2.105664461851119995e-01
1.281873285770416260e-01
7.501764893531799316e-01
3.255152106285095215e-01
4.673559367656707764e-01
7.514239549636840820e-01
2.847531735897064209e-01
7.756572961807250977e-01
6.712947487831115723e-01
1.637799441814422607e-01
7.402743697166442871e-01
4.343402683734893799e-01
5.924531817436218262e-02
9.137047827243804932e-02
1.482717692852020264e-01
1.259502768516540527e-01
1.224547997117042542e-01
3.515868782997131348e-01
9.773298352956771851e-02
1.842079758644104004e-01
1.387368887662887573e-01
2.499684989452362061e-01
3.186173737049102783e-01
1.089173108339309692e-01
1.144461557269096375e-01
1.096631512045860291e-01
1.406976431608200073e-01
2.360657751560211182e-01
1.636428683996200562e-01
1.256710737943649292e-01
1.605024635791778564e-01
2.202248722314834595e-01
6.967168450355529785e-01
2.841339409351348877e-01
9.062202274799346924e-02
3.602147996425628662e-01
1.679115593433380127e-01
1.167782619595527649e-01
1.433593630790710449e-01
3.251428604125976562e-01
6.201409101486206055e-01
4.393852353096008301e-01
2.114676833152770996e-01
3.789349198341369629e-01
3.841594159603118896e-01
8.894295692443847656e-01
1.993155181407928467e-01
7.351752370595932007e-02
4.372069835662841797e-01
2.149835824966430664e-01
5.919398069381713867e-01
1.188583150506019592e-01
7.872331142425537109e-01
7.620299458503723145e-01
1.534154117107391357e-01
9.598910808563232422e-01
5.812422633171081543e-01
3.061433434486389160e-01
4.570584297180175781e-01
8.243324160575866699e-01
5.899605154991149902e-01
7.819975614547729492e-01
3.378689885139465332e-01
4.146727025508880615e-01
7.243943214416503906e-01
2.313894033432006836e-01
6.285083293914794922e-01
3.696220219135284424e-01
5.426318645477294922e-01
7.005413770675659180e-01
4.222123324871063232e-01
6.523496508598327637e-01
3.837505877017974854e-01
9.475994855165481567e-02
2.609888017177581787e-01
9.468846023082733154e-02
1.487376689910888672e-01
1.120625138282775879e-01
9.774708002805709839e-02
