0.684056344369
0.728479931732
0.786748119809
0.811004376109
0.812882967727
0.827542322846
0.831501500488
0.835544704315
0.834717268908
0.84689332892
0.836909598995
0.83433023657
0.840561582263
0.841692460097
0.842976091657
0.837752798401
0.840281960343
0.848035026325
0.840324046147
0.840745602223
0.843800298643
0.836882782747
0.84093331596
0.848656308188
0.842604706979
0.843164096243
0.841742253391
0.848621290007
0.843823450198
0.843949620355
0.846191743737
0.848506608373
0.852963951633
0.851902499379
0.849721425135
0.849464983855
0.844375335567
0.840546632641
0.843168168124
0.84955308192
0.849300159909
0.855297983197
0.852964009803
0.845153472122
0.842903728506
0.84582765936
0.844900433772
0.838634331662
0.846015838456
0.848951199664
0.84147827913
0.849779013174
0.848483718582
0.840232370644
0.838802878471
0.855194470152
0.842750654846
0.849679397501
0.848832678827
0.851894850059
0.844095800901
0.846506180244
0.851898834686
0.845360207363
