0.552550105915
0.612149167383
0.694905457848
0.722494855153
0.732699683175
0.746299703976
0.752594738112
0.754696132597
0.759833183416
0.772884075411
0.763854629173
0.76029931749
0.760736196319
0.76612838435
0.763157894737
0.765340581501
0.762815913258
0.767587648015
0.761746295856
0.761791893814
0.767210505372
0.764013499053
0.760746783809
0.77472
0.768645850186
0.766594947805
0.765705128205
0.766368022054
0.769739495121
0.765047933365
0.768515600378
0.770836603359
0.776540693116
0.778238011789
0.770401428682
0.775637439054
0.770259384566
0.766655833604
0.770457133561
0.774886607782
0.775073805154
0.77890625
0.777497636306
0.773159821065
0.770295578536
0.768284023669
0.771417036738
0.767007926024
0.774735126324
0.771513819095
0.773201904603
0.772036950055
0.772507720326
0.766452452615
0.765790120423
0.778245285959
0.773973741067
0.772431117042
0.776114598423
0.778495652868
0.773991769547
0.771503873493
0.781090909091
0.769721623993
