0.105586455599
0.0728622279232
0.0596899525226
0.0524341265135
0.0484256774867
0.0456932215731
0.0439459932178
0.0429749698044
0.042637955944
0.0410006170595
0.0408337026288
0.0400216489431
0.0394937955997
0.0397613390433
0.0388499381808
0.0384642026586
0.0379455157446
0.0377716262327
0.0375878215518
0.0373978089278
0.0371378506147
0.0371431014776
0.0368599865896
0.0366274140855
0.0364349937633
0.0360962713837
0.0363099237119
0.0361690138189
0.0358463859485
0.0357294080466
0.0353765976822
0.0355742000817
0.0350433024922
0.035077903909
0.0351460977519
0.035282841084
0.03500413188
0.0348616429555
0.0348890476541
0.0350058125987
0.0344060585208
0.034474252268
0.0341294264047
0.0344718124552
0.0343378299479
0.0340297073467
0.0345540956783
0.0341577044591
0.0341760664811
0.0341901255121
0.0338895640708
0.0334086673194
0.0339311652549
0.0334761562639
0.0334221993997
0.0337778566789
0.0337906426483
0.0332829182854
0.0331720502724
0.0332995775719
0.0335748129276
0.0336476281976
0.0332340122919
0.0332428007242
