0.457574908989
0.442455491779
0.468435160366
0.448639325412
0.45157614888
0.455986572175
0.457649500094
0.46614116804
0.479788639366
0.462256068539
0.47957770855
0.486372798177
0.47081604426
0.447432762836
0.462272982588
0.4293046191
0.478488982162
0.472173185915
0.469438967557
0.437763196553
0.452613014017
0.472476241707
0.465470364328
0.458880059139
0.47181439188
0.454217202111
0.459891073571
0.456585550611
0.448507462687
0.458913584801
0.463636363636
0.445671121441
0.455853314528
0.469131403118
0.456185805496
0.463371165932
0.475865089794
0.441010177158
0.46685827196
0.459887211206
0.441136671177
0.455633196133
0.450136035275
0.447289302686
0.456150182124
0.432283705289
0.454067255307
0.463192123566
0.448504354411
0.432192523918
0.472665045483
0.446639179212
0.439960629921
0.459710360193
0.476198825283
0.462153617259
0.469802244789
0.443343181168
0.435403422983
0.439575555119
0.423467847439
0.458673091179
0.436212361331
0.442959427208
0.445027195027
0.411518324607
0.452376443855
0.463469046291
0.469324594939
0.449755254823
0.433744528452
0.442621387008
0.433214389044
0.447188193306
0.44696969697
0.442697719554
0.448756123331
0.432865731463
0.460609338381
0.450186620729
0.443887389125
0.456426097538
0.44146317923
0.45330338761
0.4319874559
0.454512105649
0.445344129555
0.435013784955
0.43072407045
0.436084301753
0.451162790698
0.451203335228
0.437142580207
0.433101011093
0.42679348376
0.454306624132
0.421010585181
0.453816724358
0.436866718628
0.459310219969
