0.0768217977024
0.064510739645
0.0603547392808
0.0574325703748
0.0561262913452
0.0543852208233
0.0536946855606
0.0531785632067
0.0523783483337
0.0517618300159
0.0510744111079
0.0508931534015
0.0505667090767
0.0500936983081
0.0501635494006
0.0497376919448
0.0498315790599
0.049095848064
0.049056262255
0.0485390517284
0.0482469076339
0.0486129834608
0.0480602249768
0.0479641791543
0.0480692306026
0.0480775295073
0.0475095267434
0.0479256743611
0.0473286732979
0.0471575439204
0.0471661570066
0.046745531046
0.0470164080205
0.046568627985
0.0466774965136
0.0465503195215
0.0462378226679
0.0461847901719
0.0462750389406
0.0461253652036
0.0461986842582
0.0458762307797
0.0460672888388
0.0459344230847
0.0461565403623
0.0463284319365
0.0458335912944
0.0459928269381
0.0457282854345
0.0459024446501
0.0456111719799
0.0455993591027
0.0455679648518
0.0454053052955
0.0456531202233
0.0453430695288
0.045864731287
0.0453978596854
0.0454212937394
0.0452659613427
0.045519235247
0.0453683396318
0.0450842825854
0.0450403511768
0.0448130147858
0.0445907015464
0.0453099368047
0.0449417464902
0.045099035435
0.0444511301189
0.0452360643964
0.0447168953266
0.0448018830207
0.0443117672212
0.0446363393608
0.0445670180946
0.0443056369847
0.0451432233473
0.0448847287751
0.0444857286346
0.0449738534643
0.0448142459274
0.0445940318156
0.0445688160819
0.0445294343302
0.0443383819954
0.0446358751257
0.0443572883522
0.0443897264565
0.0441167834218
0.0444504506349
0.0441446227391
0.0441505086387
0.0442490960844
0.0442538789377
0.0445342997337
0.0444493099738
0.0446595781372
0.0443400608954
0.0444337862198
