0.626219513969
0.620160525203
0.632424450601
0.62270524755
0.623789793189
0.62512720267
0.627078128354
0.628602989808
0.636509536637
0.630661733097
0.635160260531
0.640637232005
0.633785011637
0.620390150235
0.629427458558
0.615205249004
0.635141209942
0.635187832985
0.630829756379
0.6178725059
0.622605282859
0.632868721959
0.629047697438
0.626261570688
0.633206106426
0.623421607846
0.626832622984
0.62671023386
0.620393902183
0.626131241395
0.628081905315
0.621747192001
0.625702181423
0.630181978201
0.624640380151
0.630270657964
0.633489363955
0.616515376879
0.629281394352
0.625675016157
0.618799876913
0.626959462093
0.621904017609
0.622858670228
0.62535717672
0.618056845793
0.624491058439
0.627296148524
0.621616659114
0.615128406783
0.633321020739
0.621520969899
0.61963173322
0.627154621556
0.633765321181
0.628844830485
0.63062273029
0.61895687703
0.616320275585
0.61924845283
0.611759710129
0.626345916804
0.617918605415
0.618864910677
0.621593914748
0.6085943167
0.624061882128
0.629657345354
0.631891557652
0.623529280027
0.616822513084
0.618588953451
0.613729279213
0.622352709866
0.620685332559
0.620095346014
0.622973555456
0.616929894416
0.625433466329
0.623563745596
0.620279249634
0.625709801659
0.61887651554
0.623705330733
0.614430806227
0.622838950688
0.62116075381
0.616680608013
0.613522456717
0.617343655747
0.621854107976
0.623387345872
0.616592306354
0.615254838704
0.614216479835
0.624552369341
0.609578868564
0.621830898251
0.616875971071
0.624916104699
