0.920803443329
0.937398373984
0.939837398374
0.93156384505
0.924294595887
0.927164036346
0.919846963176
0.913534194165
0.920803443329
0.905691056911
0.931085604974
0.924246771879
0.924677187948
0.936441893831
0.92912482066
0.921329507413
0.933046389287
0.922764227642
0.916881874701
0.926159732186
0.933524629364
0.929076996652
0.932042085127
0.924198947872
0.913008130081
0.918890483022
0.927642276423
0.918890483022
0.921807747489
0.934959349593
0.935963653754
0.93400286944
0.930081300813
0.930081300813
0.925203252033
0.927642276423
0.927642276423
0.927164036346
0.922285987566
0.930081300813
0.924725011956
0.922285987566
0.924725011956
0.924725011956
0.925203252033
0.922285987566
0.922285987566
0.922285987566
0.927164036346
0.927164036346
