0.929411764706
0.942574257426
0.944444444444
0.939334637965
0.93690248566
0.93542074364
0.929961089494
0.927203065134
0.929411764706
0.918918918919
0.939571150097
0.933852140078
0.93041749503
0.943025540275
0.9375
0.932301740812
0.941634241245
0.931506849315
0.925196850394
0.932806324111
0.94140625
0.934393638171
0.939096267191
0.930693069307
0.92427184466
0.930501930502
0.935166994106
0.930501930502
0.932038834951
0.940711462451
0.94324853229
0.941176470588
0.937007874016
0.937007874016
0.933333333333
0.935166994106
0.935166994106
0.93542074364
0.931773879142
0.937007874016
0.93359375
0.931773879142
0.93359375
0.93359375
0.933333333333
0.931773879142
0.931773879142
0.931773879142
0.93542074364
0.93542074364
