6.157283782958984375e-01
4.401645362377166748e-01
3.540813624858856201e-01
3.145101368427276611e-01
2.019362002611160278e-01
6.968362629413604736e-02
9.570217877626419067e-02
1.307886242866516113e-01
5.070872306823730469e-01
3.995852172374725342e-01
3.893160820007324219e-01
3.964080512523651123e-01
6.460829377174377441e-01
2.285901159048080444e-01
4.052472412586212158e-01
2.377049773931503296e-01
4.310185015201568604e-01
5.353242158889770508e-01
1.765204370021820068e-01
4.167261719703674316e-01
1.116257831454277039e-01
1.159796118736267090e-01
9.135738760232925415e-02
3.630694746971130371e-01
1.553870141506195068e-01
1.409137696027755737e-01
3.537484705448150635e-01
3.877336680889129639e-01
2.108581066131591797e-01
7.708536088466644287e-02
1.353686749935150146e-01
8.842556178569793701e-02
1.210030987858772278e-01
1.152334734797477722e-01
1.514402925968170166e-01
1.083600297570228577e-01
2.054353952407836914e-01
2.306121289730072021e-01
9.024057537317276001e-02
1.136650145053863525e-01
1.476153880357742310e-01
1.211333721876144409e-01
1.313573122024536133e-01
2.516727745532989502e-01
1.332466304302215576e-01
1.232034787535667419e-01
1.429038941860198975e-01
1.293976604938507080e-01
3.575304448604583740e-01
1.699991226196289062e-01
1.068453341722488403e-01
1.128009706735610962e-01
1.301275640726089478e-01
3.488221168518066406e-01
2.078192383050918579e-01
4.141634702682495117e-01
1.104801967740058899e-01
1.046125814318656921e-01
7.352322340011596680e-01
8.356491327285766602e-01
1.382056474685668945e-01
4.129221439361572266e-01
1.503047347068786621e-01
5.784315466880798340e-01
8.138377666473388672e-01
3.423719704151153564e-01
2.695123851299285889e-01
1.096031367778778076e-01
4.135917127132415771e-01
4.869551360607147217e-01
5.715076923370361328e-01
9.108551740646362305e-01
7.646349668502807617e-01
8.980628252029418945e-01
8.962911367416381836e-01
8.874031305313110352e-01
5.820428133010864258e-01
6.369053125381469727e-01
6.243842840194702148e-01
1.053972482681274414e+00
4.897652268409729004e-01
9.946566820144653320e-02
8.899387717247009277e-02
9.790194779634475708e-02
1.144444793462753296e-01
9.496297240257263184e-01
6.558495163917541504e-01
6.935003995895385742e-01
7.099199295043945312e-01
5.759690999984741211e-01
4.007946550846099854e-01
4.931014478206634521e-01
8.161842226982116699e-01
7.064849138259887695e-01
1.032825946807861328e+00
9.585299491882324219e-01
5.061631798744201660e-01
4.894132316112518311e-01
5.381953120231628418e-01
7.021038532257080078e-01
5.459175705909729004e-01
5.386911034584045410e-01
2.714860439300537109e-01
5.079798698425292969e-01
9.802849292755126953e-01
3.311823606491088867e-01
4.915952980518341064e-01
8.449305891990661621e-01
6.161953806877136230e-01
9.634112715721130371e-01
1.724415421485900879e-01
8.107434511184692383e-01
1.014507532119750977e+00
6.181800961494445801e-01
6.722579598426818848e-01
7.007642388343811035e-01
7.201640009880065918e-01
6.683462858200073242e-01
9.884155988693237305e-01
5.179780721664428711e-01
5.360102057456970215e-01
4.618997573852539062e-01
5.934627056121826172e-01
7.194653749465942383e-01
8.605699539184570312e-01
8.482313156127929688e-01
1.038181781768798828e+00
6.024339199066162109e-01
9.672329425811767578e-01
8.549435734748840332e-01
6.883060336112976074e-01
4.530752301216125488e-01
9.697925448417663574e-01
9.927890896797180176e-01
7.904886007308959961e-01
7.681053876876831055e-01
4.363257288932800293e-01
8.078433275222778320e-01
9.799089431762695312e-01
3.506903052330017090e-01
7.583709359169006348e-01
1.659675836563110352e-01
6.567456722259521484e-01
1.041056036949157715e+00
1.778337359428405762e-01
9.328511357307434082e-01
8.542746305465698242e-01
8.907051682472229004e-01
1.106648802757263184e+00
4.090535938739776611e-01
2.198828309774398804e-01
7.938276529312133789e-01
6.494244933128356934e-01
1.070971846580505371e+00
9.190478920936584473e-01
3.667854368686676025e-01
7.827540040016174316e-01
1.004834651947021484e+00
9.252913594245910645e-01
2.092628180980682373e-01
2.227389812469482422e-01
4.847874343395233154e-01
7.207037806510925293e-01
1.067226767539978027e+00
8.218333721160888672e-01
5.624659061431884766e-01
1.386781632900238037e-01
4.436087608337402344e-01
4.917987883090972900e-01
5.011691451072692871e-01
3.221885263919830322e-01
1.010426998138427734e+00
1.001395463943481445e+00
6.625323891639709473e-01
8.375387787818908691e-01
8.523375988006591797e-01
5.437102913856506348e-01
1.024306774139404297e+00
9.714344143867492676e-02
7.183578610420227051e-02
1.710739731788635254e-01
7.799720019102096558e-02
1.094439551234245300e-01
1.626033335924148560e-01
8.512027561664581299e-02
1.770989000797271729e-01
1.101841330528259277e-01
8.408660441637039185e-02
7.277160882949829102e-02
1.048638075590133667e-01
1.071590036153793335e-01
5.824053660035133362e-02
1.058849766850471497e-01
1.182491108775138855e-01
1.290575414896011353e-01
5.330454707145690918e-01
7.564231157302856445e-01
4.493040144443511963e-01
2.373553514480590820e-01
3.829016089439392090e-01
2.775818109512329102e-01
4.545718133449554443e-01
9.297382235527038574e-01
9.188897013664245605e-01
3.326479196548461914e-01
5.617895126342773438e-01
9.118191003799438477e-01
1.061599999666213989e-01
3.873006105422973633e-01
4.356342256069183350e-01
1.272024065256118774e-01
9.437990188598632812e-02
1.179912015795707703e-01
1.456298232078552246e-01
8.849142491817474365e-02
1.330476701259613037e-01
1.465656161308288574e-01
4.304432868957519531e-01
1.003964766860008240e-01
9.386639297008514404e-02
1.846745908260345459e-01
1.242487132549285889e-01
9.733557701110839844e-02
1.315981298685073853e-01
1.302358508110046387e-01
7.632490396499633789e-01
5.175172090530395508e-01
1.998720020055770874e-01
6.236367225646972656e-01
1.344913244247436523e-01
1.085544750094413757e-01
8.318135142326354980e-02
1.388508975505828857e-01
1.461484432220458984e-01
1.058242693543434143e-01
1.602327972650527954e-01
8.530095815658569336e-01
3.696814179420471191e-01
1.894150972366333008e-01
1.479923874139785767e-01
1.052859425544738770e-01
2.219467163085937500e-01
1.895835399627685547e-01
4.586608409881591797e-01
1.298392266035079956e-01
1.508270949125289917e-01
7.809264063835144043e-01
1.003202050924301147e-01
1.683281511068344116e-01
8.020358085632324219e-01
8.643208146095275879e-01
1.436351835727691650e-01
1.702405214309692383e-01
6.313818097114562988e-01
5.855798125267028809e-01
4.936577379703521729e-01
2.853150665760040283e-01
1.216040030121803284e-01
1.036098748445510864e-01
9.402175992727279663e-02
1.752898097038269043e-01
1.653344482183456421e-01
1.697885841131210327e-01
1.412468701601028442e-01
2.528558671474456787e-01
4.340195655822753906e-01
2.681435346603393555e-01
1.216064542531967163e-01
5.991938114166259766e-01
1.487202644348144531e-01
4.373727738857269287e-01
6.596392393112182617e-01
6.942005753517150879e-01
1.515621244907379150e-01
8.393877744674682617e-02
3.336425721645355225e-01
2.020919322967529297e-01
1.657972931861877441e-01
1.072848364710807800e-01
8.580771088600158691e-01
2.735292911529541016e-01
3.483824431896209717e-01
5.260806083679199219e-01
1.754766851663589478e-01
1.035334840416908264e-01
7.049514055252075195e-01
3.733833432197570801e-01
5.448118448257446289e-01
1.793256103992462158e-01
2.438956350088119507e-01
1.056451275944709778e-01
3.276695311069488525e-01
1.938201636075973511e-01
1.675166189670562744e-01
4.227318465709686279e-01
1.450956910848617554e-01
1.991614550352096558e-01
1.499454379081726074e-01
1.624170541763305664e-01
1.495079100131988525e-01
3.390951156616210938e-01
8.825370669364929199e-02
1.001476123929023743e-01
1.035702377557754517e-01
1.012477502226829529e-01
1.637673974037170410e-01
7.419097423553466797e-02
7.484347820281982422e-01
1.162042394280433655e-01
1.193792968988418579e-01
1.808516681194305420e-01
1.306018084287643433e-01
1.773488521575927734e-01
1.127443611621856689e-01
1.421292126178741455e-01
5.442792177200317383e-02
1.092254519462585449e-01
4.206154644489288330e-01
6.718066334724426270e-01
5.322526097297668457e-01
6.716687083244323730e-01
6.828083992004394531e-01
8.007801175117492676e-01
3.025757074356079102e-01
4.923641681671142578e-01
2.447370737791061401e-01
1.384550034999847412e-01
8.611446619033813477e-01
7.198577523231506348e-01
5.204271674156188965e-01
5.938807725906372070e-01
5.449369549751281738e-01
8.626952171325683594e-01
4.424765706062316895e-01
1.468753516674041748e-01
1.574303060770034790e-01
1.924718916416168213e-01
1.597919315099716187e-01
8.215805888175964355e-02
9.016432613134384155e-02
1.211929246783256531e-01
1.705782711505889893e-01
5.755294561386108398e-01
1.253359466791152954e-01
7.218458503484725952e-02
1.078205928206443787e-01
8.493746072053909302e-02
3.185841441154479980e-01
2.094004750251770020e-01
1.031823530793190002e-01
1.050477400422096252e-01
3.533448874950408936e-01
2.760327756404876709e-01
5.145118832588195801e-01
1.864247024059295654e-01
7.902340590953826904e-02
3.515100479125976562e-01
1.361043155193328857e-01
7.683662772178649902e-01
6.247414350509643555e-01
5.898360610008239746e-01
1.741687208414077759e-01
8.938668668270111084e-02
9.541838616132736206e-02
9.372418373823165894e-02
2.765659689903259277e-01
8.235687762498855591e-02
1.972929835319519043e-01
7.855920493602752686e-02
1.720684766769409180e-01
1.295830309391021729e-01
2.064617425203323364e-01
1.048631593585014343e-01
1.085310727357864380e-01
1.396238654851913452e-01
1.935978382825851440e-01
1.447889357805252075e-01
9.819036722183227539e-02
5.672656465321779251e-03
1.046003475785255432e-01
9.156231582164764404e-02
1.873464286327362061e-01
1.735294610261917114e-01
1.619905531406402588e-01
1.286858469247817993e-01
8.376338332891464233e-02
1.041507422924041748e-01
9.486838430166244507e-02
1.704132705926895142e-01
3.358020260930061340e-02
7.481920719146728516e-02
1.855701953172683716e-01
8.489888906478881836e-02
1.382898986339569092e-01
9.460601210594177246e-02
1.167996227741241455e-01
1.384248435497283936e-01
4.682225733995437622e-02
3.505101799964904785e-02
1.978618353605270386e-01
1.889916658401489258e-01
4.907911419868469238e-01
1.821907460689544678e-01
1.260427236557006836e-01
1.299069672822952271e-01
1.343811154365539551e-01
3.837705850601196289e-01
1.980018913745880127e-01
2.716612219810485840e-01
2.234767377376556396e-01
3.044390082359313965e-01
2.027372270822525024e-01
2.428839802742004395e-01
2.114267945289611816e-01
3.145218789577484131e-01
8.547139167785644531e-02
1.603263616561889648e-01
4.859290421009063721e-01
1.378096491098403931e-01
1.448539048433303833e-01
1.072631701827049255e-01
1.740658581256866455e-01
6.983745098114013672e-02
3.961687684059143066e-01
1.468908935785293579e-01
1.093022376298904419e-01
1.134046539664268494e-01
1.479487717151641846e-01
1.417137533426284790e-01
1.939929872751235962e-01
2.088025510311126709e-01
5.862675905227661133e-01
3.101482689380645752e-01
2.452852576971054077e-01
1.904869973659515381e-01
3.247608244419097900e-01
2.038423418998718262e-01
1.499267071485519409e-01
2.788484692573547363e-01
4.152723848819732666e-01
7.161058187484741211e-01
2.479975223541259766e-01
2.414749711751937866e-01
6.418468952178955078e-01
4.636962413787841797e-01
1.714194715023040771e-01
2.848869860172271729e-01
5.382221341133117676e-01
2.259967923164367676e-01
4.210829138755798340e-01
4.119777083396911621e-01
5.572821497917175293e-01
2.113952934741973877e-01
2.703246474266052246e-01
8.829416632652282715e-01
8.537997007369995117e-01
2.152719050645828247e-01
3.367263972759246826e-01
1.438092142343521118e-01
1.464402228593826294e-01
8.470075577497482300e-02
8.921401947736740112e-02
3.760882094502449036e-02
8.118534833192825317e-02
1.587359309196472168e-01
1.332034170627593994e-01
2.806681953370571136e-02
9.880089014768600464e-02
8.921185135841369629e-02
9.425964206457138062e-02
9.403283894062042236e-02
1.547103971242904663e-01
1.757027357816696167e-01
1.375159323215484619e-01
1.247438564896583557e-01
5.208862200379371643e-02
1.307133734226226807e-01
4.431084990501403809e-01
1.975055187940597534e-01
9.058812260627746582e-02
6.111660599708557129e-02
8.542511612176895142e-02
1.341584026813507080e-01
2.439330369234085083e-01
2.691916227340698242e-01
4.059602022171020508e-01
9.920824319124221802e-02
7.002412527799606323e-02
1.391566693782806396e-01
9.458781033754348755e-02
9.593755751848220825e-02
1.112408190965652466e-01
8.276847004890441895e-02
1.500470191240310669e-01
1.088430508971214294e-01
1.314158886671066284e-01
1.602673828601837158e-01
4.541991949081420898e-01
1.041210442781448364e-01
1.218883246183395386e-01
6.051630377769470215e-01
2.624718546867370605e-01
2.724132239818572998e-01
2.697967290878295898e-01
2.771991789340972900e-01
2.044554501771926880e-01
2.393566071987152100e-01
2.705405354499816895e-01
1.308929324150085449e-01
9.342985600233078003e-02
1.986880451440811157e-01
1.242111548781394958e-01
1.040032133460044861e-01
1.106664389371871948e-01
6.854560226202011108e-02
9.125274419784545898e-02
6.937500089406967163e-02
1.993449330329895020e-01
2.384883910417556763e-02
2.532483637332916260e-01
2.107414454221725464e-01
1.692426204681396484e-01
2.326588630676269531e-01
1.061263680458068848e-01
1.534347534179687500e-01
1.482932567596435547e-01
1.014128774404525757e-01
1.269759684801101685e-01
9.360238164663314819e-02
6.473000347614288330e-02
7.495110481977462769e-02
1.395843029022216797e-01
1.360454559326171875e-01
1.151909157633781433e-01
1.157833114266395569e-01
1.235025078058242798e-01
8.768846094608306885e-02
1.312189847230911255e-01
1.444282084703445435e-01
1.508852094411849976e-01
3.046562196686863899e-03
9.622576832771301270e-02
3.687176853418350220e-02
1.225137189030647278e-01
9.766450524330139160e-02
1.687893718481063843e-01
6.790269911289215088e-02
1.919329911470413208e-02
9.625141322612762451e-02
1.522805839776992798e-01
1.277505755424499512e-01
1.605345606803894043e-01
1.216000244021415710e-01
1.973104476928710938e-01
2.932917177677154541e-01
1.772476285696029663e-01
1.570631861686706543e-01
1.407759785652160645e-01
2.796785831451416016e-01
3.590557873249053955e-01
1.502231955528259277e-01
9.112452715635299683e-02
2.635887861251831055e-01
5.231108665466308594e-01
1.138858497142791748e-01
6.088785827159881592e-02
9.744375944137573242e-02
3.717248514294624329e-02
1.012103334069252014e-01
3.360797464847564697e-01
3.137648403644561768e-01
7.293071150779724121e-01
4.116803407669067383e-01
3.664103150367736816e-01
3.512327969074249268e-01
1.656066775321960449e-01
1.610463559627532959e-01
2.323152422904968262e-01
2.258499562740325928e-01
2.296678721904754639e-01
1.331411749124526978e-01
1.489899605512619019e-01
1.742585450410842896e-01
1.322640180587768555e-01
9.561281651258468628e-02
2.233540713787078857e-01
1.630071401596069336e-01
3.661616444587707520e-01
1.358688622713088989e-01
1.279862523078918457e-01
1.087644249200820923e-01
4.927988350391387939e-01
2.226020693778991699e-01
2.877892553806304932e-01
4.141928255558013916e-01
3.450372219085693359e-01
4.905750751495361328e-01
1.631986349821090698e-01
1.988752335309982300e-01
6.807600259780883789e-01
5.136080980300903320e-01
1.141844838857650757e-01
1.835632175207138062e-01
6.448175311088562012e-01
1.539683640003204346e-01
1.047336533665657043e-01
3.141770064830780029e-01
6.296260356903076172e-01
2.788527905941009521e-01
1.242225319147109985e-01
3.411912024021148682e-01
1.628300100564956665e-01
1.559035331010818481e-01
7.483862638473510742e-01
8.173288106918334961e-01
1.211180612444877625e-01
1.637497842311859131e-01
1.743098348379135132e-01
1.254658848047256470e-01
5.897161364555358887e-01
1.424212157726287842e-01
4.363580644130706787e-01
5.954830050468444824e-01
6.771960854530334473e-01
2.655993700027465820e-01
7.314208149909973145e-01
1.619289219379425049e-01
2.668550014495849609e-01
1.610408872365951538e-01
3.218434751033782959e-01
1.213568672537803650e-01
1.652758568525314331e-01
8.804033696651458740e-02
9.845801442861557007e-02
1.064248457551002502e-01
1.451468318700790405e-01
1.713812947273254395e-01
1.131632104516029358e-01
7.442119717597961426e-02
1.486511677503585815e-01
9.101455658674240112e-02
9.084231406450271606e-02
1.149978339672088623e-01
5.325590074062347412e-02
5.483039841055870056e-02
1.194938942790031433e-01
7.574069499969482422e-02
9.452240914106369019e-02
3.313345015048980713e-01
8.239330351352691650e-02
6.330063194036483765e-02
2.765115201473236084e-01
1.419915258884429932e-01
8.511875569820404053e-02
6.466307491064071655e-02
1.390415877103805542e-01
1.386821269989013672e-01
1.067343503236770630e-01
1.383223682641983032e-01
3.150569796562194824e-01
1.669145822525024414e-01
8.490440994501113892e-02
9.709283709526062012e-02
3.401145339012145996e-01
1.446593999862670898e-01
1.660345643758773804e-01
2.662186026573181152e-01
2.969406843185424805e-01
1.854151934385299683e-01
7.168050855398178101e-02
1.082522794604301453e-01
8.023513853549957275e-02
7.990854233503341675e-02
2.064082324504852295e-01
1.014507785439491272e-01
2.450949847698211670e-01
1.318051367998123169e-01
2.207718044519424438e-01
8.696535974740982056e-02
4.055875912308692932e-02
1.432385891675949097e-01
2.337916344404220581e-01
1.028718724846839905e-01
2.400836497545242310e-01
4.536205828189849854e-01
4.272333383560180664e-01
1.988121867179870605e-01
2.149189561605453491e-01
1.077922210097312927e-01
1.026632040739059448e-01
2.503205239772796631e-01
2.100487351417541504e-01
2.563475370407104492e-01
1.388584226369857788e-01
3.530530929565429688e-01
9.849191457033157349e-02
1.794818788766860962e-01
1.905741393566131592e-01
1.197531893849372864e-01
2.086348384618759155e-01
9.371916949748992920e-02
1.256587505340576172e-01
9.372485429048538208e-02
6.663107872009277344e-02
1.130445897579193115e-01
4.275890439748764038e-02
1.415387988090515137e-01
9.134490042924880981e-02
6.876326799392700195e-01
8.688255548477172852e-01
2.756451666355133057e-01
2.456760704517364502e-01
1.051270961761474609e+00
1.112647533416748047e+00
1.029169917106628418e+00
9.611139297485351562e-01
1.072704911231994629e+00
1.050873637199401855e+00
9.273252487182617188e-01
1.065864324569702148e+00
1.057545423507690430e+00
1.092121481895446777e+00
8.899431824684143066e-01
8.517451882362365723e-01
9.593750238418579102e-01
8.748748898506164551e-01
9.580166935920715332e-01
1.311130076646804810e-01
6.833266019821166992e-01
1.124093234539031982e-01
1.586199253797531128e-01
1.324170231819152832e-01
2.021313011646270752e-01
1.399435698986053467e-01
2.180235981941223145e-01
1.971057057380676270e-01
4.207287728786468506e-01
1.225765347480773926e-01
1.770677566528320312e-01
2.839746475219726562e-01
1.370981633663177490e-01
9.639530628919601440e-02
2.076529860496520996e-01
1.040081158280372620e-01
1.082566976547241211e-01
1.193171590566635132e-01
1.077729314565658569e-01
1.035795360803604126e-01
1.166053339838981628e-01
9.556151926517486572e-02
1.009814664721488953e-01
8.834981322288513184e-01
1.041149020195007324e+00
8.512405157089233398e-01
4.432378709316253662e-01
5.152917504310607910e-01
7.376801371574401855e-01
5.668107867240905762e-01
1.014267921447753906e+00
8.315560817718505859e-01
7.885740995407104492e-01
3.282794058322906494e-01
7.689682245254516602e-01
8.575187921524047852e-01
4.485793709754943848e-01
7.096503973007202148e-01
8.670929074287414551e-01
6.443749070167541504e-01
1.023788094520568848e+00
9.605020880699157715e-01
6.531301736831665039e-01
2.874355316162109375e-01
1.137481689453125000e+00
1.016098856925964355e+00
2.169189900159835815e-01
7.698394060134887695e-01
1.124510526657104492e+00
9.295430779457092285e-01
8.804131150245666504e-01
9.481541514396667480e-01
1.111645698547363281e+00
1.128181815147399902e+00
1.088093638420104980e+00
5.417992472648620605e-01
1.034336805343627930e+00
1.094180583953857422e+00
9.110475182533264160e-01
7.853772044181823730e-01
5.367198586463928223e-01
8.592632412910461426e-01
3.297490775585174561e-01
1.124665141105651855e+00
8.822526931762695312e-01
6.005674004554748535e-01
7.150648236274719238e-01
8.162900805473327637e-01
1.127123594284057617e+00
1.095182538032531738e+00
1.118509054183959961e+00
6.480130553245544434e-01
7.654218673706054688e-01
8.532000780105590820e-01
9.834112524986267090e-01
1.048705101013183594e+00
1.064532279968261719e+00
9.592289328575134277e-01
1.074514031410217285e+00
9.026425480842590332e-01
9.134151339530944824e-01
5.712498426437377930e-01
2.361268103122711182e-01
9.746087193489074707e-01
9.658019542694091797e-01
1.020534396171569824e+00
9.958248734474182129e-01
6.066927313804626465e-01
8.123306035995483398e-01
8.199446797370910645e-01
9.019300937652587891e-01
1.006587028503417969e+00
8.965090513229370117e-01
4.196940958499908447e-01
8.082503676414489746e-01
6.509524583816528320e-01
6.056050062179565430e-01
8.822304010391235352e-01
1.049604892730712891e+00
1.030035376548767090e+00
1.139162659645080566e+00
7.431701421737670898e-01
7.502318620681762695e-01
8.482998013496398926e-01
7.010029554367065430e-01
8.719831705093383789e-01
9.048435091972351074e-01
2.887969017028808594e-01
1.087634086608886719e+00
9.553234577178955078e-01
1.104542970657348633e+00
9.206240177154541016e-01
9.451817870140075684e-01
9.069644212722778320e-01
9.669942855834960938e-01
6.848218441009521484e-01
9.292171001434326172e-01
7.294279336929321289e-01
1.010001301765441895e+00
8.311122059822082520e-01
4.601325988769531250e-01
1.086130380630493164e+00
9.090821743011474609e-01
7.841084599494934082e-01
2.351675629615783691e-01
8.597826957702636719e-01
1.000803351402282715e+00
1.117250084877014160e+00
1.230972051620483398e+00
1.196134924888610840e+00
1.200440168380737305e+00
1.056438446044921875e+00
8.638331294059753418e-01
9.701354503631591797e-01
1.023146271705627441e+00
8.210986852645874023e-01
5.501790046691894531e-01
4.994144737720489502e-01
8.765144944190979004e-01
6.418332457542419434e-01
2.874705791473388672e-01
8.706108331680297852e-01
8.762834072113037109e-01
1.047184944152832031e+00
1.023226976394653320e+00
9.144948720932006836e-01
7.069866657257080078e-01
2.436225712299346924e-01
9.363216757774353027e-01
1.222560405731201172e+00
9.955768585205078125e-01
7.914366126060485840e-01
9.784909486770629883e-01
6.515139341354370117e-01
6.344968676567077637e-01
1.049369454383850098e+00
3.997506201267242432e-01
4.879006147384643555e-01
3.948329389095306396e-01
8.770498037338256836e-01
7.812908291816711426e-01
7.423822879791259766e-01
1.040252208709716797e+00
7.422317862510681152e-01
6.083424091339111328e-01
9.084599614143371582e-01
7.865060567855834961e-01
7.117496132850646973e-01
7.157786488533020020e-01
1.017419219017028809e+00
7.931073307991027832e-01
9.981715083122253418e-01
1.018008112907409668e+00
9.836249798536300659e-02
2.213875502347946167e-01
2.402186989784240723e-01
1.289385706186294556e-01
1.041092276573181152e-01
8.999066799879074097e-02
8.292365074157714844e-02
1.078021824359893799e-01
2.049831598997116089e-01
1.163329929113388062e-01
1.706447899341583252e-01
8.701156824827194214e-02
1.237524822354316711e-01
1.118706315755844116e-01
1.298445612192153931e-01
2.004657387733459473e-01
1.440535783767700195e-01
1.299201250076293945e-01
8.057188242673873901e-02
1.088629215955734253e-01
1.297945827245712280e-01
2.557680308818817139e-01
3.641563355922698975e-01
3.568105101585388184e-01
2.036505043506622314e-01
4.203510284423828125e-01
6.499125361442565918e-01
2.847626209259033203e-01
1.817117482423782349e-01
1.541934609413146973e-01
3.801323473453521729e-01
7.650955915451049805e-01
9.391546845436096191e-01
2.038702964782714844e-01
1.063297018408775330e-01
1.162912026047706604e-01
1.612356305122375488e-01
1.756659150123596191e-01
1.188858672976493835e-01
1.612948328256607056e-01
1.652962863445281982e-01
1.685169488191604614e-01
7.164429426193237305e-01
2.124711126089096069e-01
1.520669162273406982e-01
1.812065839767456055e-01
1.728746891021728516e-01
2.026640921831130981e-01
1.313242465257644653e-01
2.749419808387756348e-01
4.822243154048919678e-01
7.947268486022949219e-01
2.401811182498931885e-01
7.601888179779052734e-01
2.268495410680770874e-01
1.053791195154190063e-01
5.219988822937011719e-01
6.758105754852294922e-01
2.159156501293182373e-01
1.025026366114616394e-01
2.668681442737579346e-01
9.026765823364257812e-01
1.647256165742874146e-01
1.828240156173706055e-01
4.846571683883666992e-01
5.680828094482421875e-01
3.506238758563995361e-01
7.487590909004211426e-01
2.105570435523986816e-01
3.592403829097747803e-01
4.575057625770568848e-01
7.433475852012634277e-01
1.759683489799499512e-01
4.106169641017913818e-01
5.304822921752929688e-01
9.635957479476928711e-01
2.583379149436950684e-01
6.993199586868286133e-01
1.019543528556823730e+00
2.493053823709487915e-01
5.414535403251647949e-01
8.496841192245483398e-01
6.641378402709960938e-01
3.052122592926025391e-01
9.980341196060180664e-01
9.580391049385070801e-01
8.325397968292236328e-01
6.683352589607238770e-01
9.266471862792968750e-01
5.369672775268554688e-01
5.291479229927062988e-01
8.577013015747070312e-01
3.948775529861450195e-01
3.422534763813018799e-01
1.074820280075073242e+00
3.432836532592773438e-01
3.201535344123840332e-01
3.350000977516174316e-01
8.654153347015380859e-01
6.232070326805114746e-01
3.694090247154235840e-01
4.534673094749450684e-01
5.587375760078430176e-01
1.683087944984436035e-01
1.078799128532409668e+00
8.846244812011718750e-01
6.968802809715270996e-01
4.020032882690429688e-01
8.451581597328186035e-01
5.672951340675354004e-01
1.104171991348266602e+00
4.242906868457794189e-01
1.040764808654785156e+00
1.768063157796859741e-01
1.008668422698974609e+00
9.230538010597229004e-01
1.010763168334960938e+00
3.532687425613403320e-01
9.069135189056396484e-01
1.027581453323364258e+00
3.832513391971588135e-01
3.035167753696441650e-01
7.269107103347778320e-01
5.544589161872863770e-01
4.129785895347595215e-01
6.834224462509155273e-01
2.616254389286041260e-01
1.159855797886848450e-01
1.049207225441932678e-01
8.932223170995712280e-02
1.103106066584587097e-01
1.622349023818969727e-01
1.908241361379623413e-01
2.940837740898132324e-01
7.690631151199340820e-01
3.969065248966217041e-01
3.027340769767761230e-01
8.008499443531036377e-02
6.416793167591094971e-02
3.314671516418457031e-01
1.519610285758972168e-01
3.072622716426849365e-01
7.601647377014160156e-01
1.026348248124122620e-01
7.186205685138702393e-02
2.707628905773162842e-01
1.616529822349548340e-01
2.775339484214782715e-01
6.310704350471496582e-01
1.178608611226081848e-01
2.486128360033035278e-01
1.487630158662796021e-01
1.556590199470520020e-01
1.013093590736389160e-01
1.944692134857177734e-01
1.430807560682296753e-01
2.012284696102142334e-01
1.537159979343414307e-01
1.291738003492355347e-01
1.064646691083908081e-01
1.503550112247467041e-01
1.214096918702125549e-01
1.812384873628616333e-01
1.143900826573371887e-01
1.104573979973793030e-01
1.110796704888343811e-01
1.126777976751327515e-01
1.370338350534439087e-01
1.258187294006347656e-01
2.048252522945404053e-01
1.300107538700103760e-01
9.267771244049072266e-01
6.588640213012695312e-01
4.963461160659790039e-01
3.281075954437255859e-01
4.644674360752105713e-01
2.178718596696853638e-01
3.090043365955352783e-01
5.546046495437622070e-01
1.196431517601013184e-01
5.155282020568847656e-01
3.992719352245330811e-01
2.472218275070190430e-01
7.447560429573059082e-01
7.922756671905517578e-01
3.959362208843231201e-01
3.566096425056457520e-01
1.036096662282943726e-01
2.243088334798812866e-01
8.916004300117492676e-01
8.887910842895507812e-01
5.594576597213745117e-01
7.209277153015136719e-01
6.564183235168457031e-01
7.009687423706054688e-01
3.443987369537353516e-01
4.782632589340209961e-01
1.026512265205383301e+00
1.073651671409606934e+00
1.948906481266021729e-01
7.584275603294372559e-01
1.009358048439025879e+00
6.865876913070678711e-01
5.928899049758911133e-01
8.867009878158569336e-01
2.503565549850463867e-01
8.949022293090820312e-01
4.039324820041656494e-01
5.871372818946838379e-01
8.108981847763061523e-01
8.978165388107299805e-01
1.019575119018554688e+00
5.812745690345764160e-01
8.139635920524597168e-01
9.409778118133544922e-01
7.182344794273376465e-01
9.404381513595581055e-01
7.301993370056152344e-01
3.154072165489196777e-01
5.817048549652099609e-01
3.988100290298461914e-01
8.990928530693054199e-01
8.512678742408752441e-01
1.211720347404479980e+00
1.344531178474426270e-01
5.283579826354980469e-01
3.317875266075134277e-01
6.147029995918273926e-01
7.994942665100097656e-01
2.916731536388397217e-01
1.029125928878784180e+00
2.195881158113479614e-01
9.817281365394592285e-01
9.630892872810363770e-01
8.995506167411804199e-01
9.923842549324035645e-01
4.141387641429901123e-01
7.693437933921813965e-01
6.643183231353759766e-01
7.556269168853759766e-01
5.181832313537597656e-01
4.876979887485504150e-01
7.675104737281799316e-01
8.939992785453796387e-01
8.556508421897888184e-01
7.357685565948486328e-01
8.761768937110900879e-01
1.572060286998748779e-01
8.754302859306335449e-01
1.093028903007507324e+00
1.067902565002441406e+00
9.910786747932434082e-01
5.439895391464233398e-01
4.663332104682922363e-01
6.263289451599121094e-01
1.010648250579833984e+00
7.137346863746643066e-01
6.737243533134460449e-01
1.941248476505279541e-01
5.897963047027587891e-01
6.340630054473876953e-01
1.002227067947387695e+00
8.067337274551391602e-01
3.797715902328491211e-01
5.568067431449890137e-01
7.574067711830139160e-01
2.204187959432601929e-01
7.157499194145202637e-01
1.113762259483337402e-01
1.502557992935180664e-01
1.472438424825668335e-01
6.157521158456802368e-02
2.424234300851821899e-01
8.668732643127441406e-02
9.336421638727188110e-02
3.353547304868698120e-02
8.972325176000595093e-02
1.935423016548156738e-01
6.829873919486999512e-01
6.223385930061340332e-01
2.077331840991973877e-01
1.380926221609115601e-01
9.384976327419281006e-02
8.338063210248947144e-02
8.023911714553833008e-02
9.479743242263793945e-02
8.312364667654037476e-02
4.394634813070297241e-02
8.149147778749465942e-02
1.101770773530006409e-01
1.116643846035003662e-01
1.056872382760047913e-01
1.464112550020217896e-01
1.021723374724388123e-01
1.481309384107589722e-01
1.121636480093002319e-01
8.651896566152572632e-02
9.470231086015701294e-02
6.512115597724914551e-01
1.222148984670639038e-01
1.408338844776153564e-01
2.061330974102020264e-01
9.175314009189605713e-02
5.612016916275024414e-01
2.913923263549804688e-01
4.995183646678924561e-01
3.575374484062194824e-01
5.902963280677795410e-01
3.467815816402435303e-01
9.208625555038452148e-02
2.082353383302688599e-01
3.223024904727935791e-01
1.506763100624084473e-01
2.531859576702117920e-01
3.617289364337921143e-01
1.262947916984558105e-01
1.583616137504577637e-01
2.109955251216888428e-01
1.619902104139328003e-01
2.623356580734252930e-01
4.655537903308868408e-01
2.878983616828918457e-01
3.137809932231903076e-01
4.536427557468414307e-01
1.023997217416763306e-01
2.040812075138092041e-01
7.167693972587585449e-01
8.763210177421569824e-01
9.880107641220092773e-02
1.085101440548896790e-01
1.636107414960861206e-01
1.017196774482727051e-01
8.386301249265670776e-02
1.108257621526718140e-01
6.634502112865447998e-02
1.582237333059310913e-01
4.823541939258575439e-01
3.706917464733123779e-01
1.402661651372909546e-01
2.283331751823425293e-01
5.027248859405517578e-01
1.295070350170135498e-01
1.087622269988059998e-01
2.479094117879867554e-01
1.879371106624603271e-01
9.800682961940765381e-02
1.186770051717758179e-01
1.025942414999008179e-01
1.368823349475860596e-01
4.686229526996612549e-01
1.149685755372047424e-01
2.129791826009750366e-01
7.243098020553588867e-01
5.424516201019287109e-01
8.076993823051452637e-01
3.400174379348754883e-01
1.362207382917404175e-01
5.119777321815490723e-01
1.101229339838027954e-01
1.116916462779045105e-01
1.725378185510635376e-01
5.965763330459594727e-01
6.216954588890075684e-01
4.307956397533416748e-01
8.821918964385986328e-01
6.016314625740051270e-01
9.748628139495849609e-01
1.812781393527984619e-01
4.334841370582580566e-01
3.106222152709960938e-01
2.835420966148376465e-01
6.519228219985961914e-01
9.250963926315307617e-01
1.464070826768875122e-01
5.865955352783203125e-01
1.778883188962936401e-01
8.382617235183715820e-01
8.497755527496337891e-01
8.746675848960876465e-01
1.074657201766967773e+00
5.332814455032348633e-01
5.072553157806396484e-01
1.467901468276977539e-01
7.617488503456115723e-01
1.243465617299079895e-01
1.254563033580780029e-01
3.195427954196929932e-01
3.185588717460632324e-01
1.186101958155632019e-01
6.877037137746810913e-02
1.182926595211029053e-01
1.284909248352050781e-01
1.341606676578521729e-01
8.095496147871017456e-02
7.877451926469802856e-02
8.876208215951919556e-02
1.261681467294692993e-01
7.211254537105560303e-02
9.386553615331649780e-02
2.060988396406173706e-01
1.041034236550331116e-01
1.185072809457778931e-01
2.408922016620635986e-01
3.806567192077636719e-01
1.203837618231773376e-01
1.595917642116546631e-01
9.300903975963592529e-02
1.166464760899543762e-01
1.200399175286293030e-01
1.347733438014984131e-01
1.340965479612350464e-01
3.015326857566833496e-01
1.545759439468383789e-01
1.123374626040458679e-01
9.996518492698669434e-02
8.960655331611633301e-02
1.451541483402252197e-01
1.131663769483566284e-01
2.172324061393737793e-01
4.052678644657135010e-01
1.483042985200881958e-01
9.579017013311386108e-02
9.481001645326614380e-02
1.149768829345703125e-01
1.964799910783767700e-01
1.451193094253540039e-01
4.800648987293243408e-01
2.861925661563873291e-01
3.568515777587890625e-01
1.627368330955505371e-01
3.861131966114044189e-01
1.021963655948638916e-01
1.837490648031234741e-01
3.149124085903167725e-01
3.028194010257720947e-01
1.196789070963859558e-01
6.069480776786804199e-01
1.442490220069885254e-01
2.114270925521850586e-01
1.922043710947036743e-01
2.099870145320892334e-01
1.638717502355575562e-01
1.753085851669311523e-01
3.581508398056030273e-01
1.543285846710205078e-01
1.353536993265151978e-01
3.181598782539367676e-01
1.456260234117507935e-01
7.265025973320007324e-01
2.311759144067764282e-01
2.019582390785217285e-01
5.387604236602783203e-01
1.671994924545288086e-01
1.097425669431686401e-01
1.016485393047332764e-01
1.485219597816467285e-01
1.212904304265975952e-01
1.450033038854598999e-01
1.179108619689941406e-01
2.348171621561050415e-01
9.744822233915328979e-02
1.077200174331665039e-01
1.634486168622970581e-01
1.162113398313522339e-01
1.302816122770309448e-01
1.201691254973411560e-01
1.150619909167289734e-01
1.378206759691238403e-01
1.302147805690765381e-01
1.257492005825042725e-01
1.246411055326461792e-01
9.400434792041778564e-02
9.730040282011032104e-02
1.106977090239524841e-01
1.378914713859558105e-01
1.387856602668762207e-01
9.616991877555847168e-02
9.280262887477874756e-02
1.015131101012229919e-01
5.183364152908325195e-01
2.356059998273849487e-01
4.267172515392303467e-01
6.571900248527526855e-01
3.255810141563415527e-01
1.344024389982223511e-01
7.109867334365844727e-01
4.172327220439910889e-01
2.507913112640380859e-01
4.744249582290649414e-01
3.887698352336883545e-01
4.107656180858612061e-01
1.297660320997238159e-01
4.900816082954406738e-01
7.470946311950683594e-01
2.986002564430236816e-01
3.451221883296966553e-01
8.810010552406311035e-01
7.789301872253417969e-01
1.890867501497268677e-01
4.850542247295379639e-01
2.288006097078323364e-01
8.040465712547302246e-01
3.078019917011260986e-01
1.565408259630203247e-01
6.381220817565917969e-01
1.092521697282791138e-01
3.187664747238159180e-01
1.830757856369018555e-01
8.207117319107055664e-01
1.326924264430999756e-01
9.762130677700042725e-02
8.751807212829589844e-01
3.098477125167846680e-01
9.910720586776733398e-01
8.727888464927673340e-01
9.323243498802185059e-01
6.350112557411193848e-01
7.831482887268066406e-01
9.146024584770202637e-01
9.957345128059387207e-01
7.713021636009216309e-01
4.687771499156951904e-01
4.995636343955993652e-01
3.905985057353973389e-01
3.227792084217071533e-01
9.913080334663391113e-01
6.858953833580017090e-01
7.403591275215148926e-01
9.414055943489074707e-01
1.373007893562316895e-01
8.785402178764343262e-01
8.078454732894897461e-01
9.096594452857971191e-01
6.730511784553527832e-01
9.735901951789855957e-01
6.851602792739868164e-01
9.898527264595031738e-01
7.854908108711242676e-01
6.653079986572265625e-01
7.619718909263610840e-01
3.742437064647674561e-01
5.889353156089782715e-01
2.966971993446350098e-01
9.372849464416503906e-01
1.006727814674377441e+00
1.026161313056945801e+00
1.784089803695678711e-01
9.329282045364379883e-01
1.313959062099456787e-01
2.057511359453201294e-01
2.761019468307495117e-01
5.528622865676879883e-01
1.449254155158996582e-01
9.823773503303527832e-01
8.121343851089477539e-01
2.863986492156982422e-01
6.859512329101562500e-01
1.012905359268188477e+00
7.720460891723632812e-01
1.003503561019897461e+00
9.277965426445007324e-01
2.378936260938644409e-01
1.583045572042465210e-01
9.598385691642761230e-01
9.620245099067687988e-01
7.483979463577270508e-01
5.019754767417907715e-01
8.998391628265380859e-01
9.047749638557434082e-01
9.797501564025878906e-01
6.918931603431701660e-01
5.564512610435485840e-01
6.898286938667297363e-01
7.665284276008605957e-01
1.031032323837280273e+00
5.596706271171569824e-01
3.147806599736213684e-02
1.931284070014953613e-01
6.224692985415458679e-02
1.030462756752967834e-01
1.379959285259246826e-01
9.555596858263015747e-02
1.213926672935485840e-01
1.007929146289825439e-01
9.263133257627487183e-02
1.334882229566574097e-01
8.390373736619949341e-02
8.716112375259399414e-02
1.345324665307998657e-01
9.711261093616485596e-02
9.017595648765563965e-02
8.193402737379074097e-02
1.512445360422134399e-01
4.328851997852325439e-01
1.524531990289688110e-01
1.562650054693222046e-01
4.228131175041198730e-01
1.147567853331565857e-01
8.663596212863922119e-02
3.040441870689392090e-01
2.561168372631072998e-01
2.799501121044158936e-01
6.955119371414184570e-01
8.787970244884490967e-02
1.275188922882080078e-01
1.579583287239074707e-01
6.034386157989501953e-01
1.043524071574211121e-01
8.743534237146377563e-02
1.603926569223403931e-01
1.037172973155975342e-01
2.859982289373874664e-02
1.055976003408432007e-01
1.036784425377845764e-01
1.287435442209243774e-01
2.079824209213256836e-01
9.314476698637008667e-02
1.716307252645492554e-01
1.427451819181442261e-01
9.427136927843093872e-02
1.180914118885993958e-01
1.097350791096687317e-01
1.723442226648330688e-01
1.269488632678985596e-01
1.240289881825447083e-01
1.201083436608314514e-01
4.816565513610839844e-01
1.096181049942970276e-01
1.042570769786834717e-01
9.192769974470138550e-02
1.819583475589752197e-01
6.403603553771972656e-01
1.444915086030960083e-01
2.179830819368362427e-01
2.008828669786453247e-01
3.912985920906066895e-01
1.698608994483947754e-01
7.853845357894897461e-01
1.160939261317253113e-01
1.517864465713500977e-01
2.245954275131225586e-01
1.699502170085906982e-01
3.307631313800811768e-01
2.021036446094512939e-01
4.003585278987884521e-01
8.189781755208969116e-02
4.869332611560821533e-01
3.008849620819091797e-01
2.492384165525436401e-01
2.067886888980865479e-01
1.046528965234756470e-01
4.702145755290985107e-01
7.989889979362487793e-01
6.377152800559997559e-01
8.662794828414916992e-01
4.159873425960540771e-01
6.194766163825988770e-01
1.402340531349182129e-01
1.165478602051734924e-01
3.467077016830444336e-01
1.951829940080642700e-01
2.192648351192474365e-01
1.253800243139266968e-01
2.442626804113388062e-01
8.317217230796813965e-02
8.510145545005798340e-02
6.635853052139282227e-01
4.478106796741485596e-01
3.098067045211791992e-01
2.061833441257476807e-01
2.634177803993225098e-01
4.382928609848022461e-01
4.133632779121398926e-01
8.717930912971496582e-01
1.701825559139251709e-01
3.086019456386566162e-01
1.512400805950164795e-01
4.397092163562774658e-01
1.258419156074523926e-01
2.771644294261932373e-01
3.266592919826507568e-01
3.822871148586273193e-01
8.689708709716796875e-01
4.661469459533691406e-01
7.564525604248046875e-01
1.202970370650291443e-01
9.142214804887771606e-02
1.133631393313407898e-01
1.310584396123886108e-01
1.447168588638305664e-01
9.439058601856231689e-02
6.326043605804443359e-02
1.008892878890037537e-01
1.683790087699890137e-01
1.053584888577461243e-01
7.141416668891906738e-01
9.896782040596008301e-02
1.865694820880889893e-01
1.247056499123573303e-01
8.074649572372436523e-01
2.893837988376617432e-01
1.690059900283813477e-01
1.436698585748672485e-01
2.862100601196289062e-01
1.166736260056495667e-01
1.144120544195175171e-01
8.514516055583953857e-02
1.300574988126754761e-01
1.382818222045898438e-01
1.315981298685073853e-01
8.740899711847305298e-02
1.305639892816543579e-01
1.148409396409988403e-01
3.844838738441467285e-01
1.012344956398010254e-01
3.535900712013244629e-01
9.909135848283767700e-02
7.468276470899581909e-02
1.305343508720397949e-01
1.960977017879486084e-01
9.310684353113174438e-02
1.412860155105590820e-01
2.595733702182769775e-01
1.696412563323974609e-01
1.117062196135520935e-01
1.088949069380760193e-01
1.139969080686569214e-01
8.055026084184646606e-02
1.367365866899490356e-01
8.879941701889038086e-01
1.475812047719955444e-01
2.679729759693145752e-01
1.104338988661766052e-01
7.563940882682800293e-01
4.010307788848876953e-01
8.290011882781982422e-01
1.916678547859191895e-01
2.434266060590744019e-01
8.400680422782897949e-01
1.430664360523223877e-01
7.142153382301330566e-01
8.261622786521911621e-01
1.509037762880325317e-01
4.108764529228210449e-01
2.803495824337005615e-01
6.571573615074157715e-01
6.883425712585449219e-01
8.941300511360168457e-01
6.429386138916015625e-01
6.921783685684204102e-01
2.834957838058471680e-01
1.901544332504272461e-01
1.122043505311012268e-01
1.310041248798370361e-01
2.201673835515975952e-01
5.590403676033020020e-01
3.099004328250885010e-01
6.384018659591674805e-01
8.660072088241577148e-02
9.546656161546707153e-02
9.325760602951049805e-02
3.482863306999206543e-01
7.302361726760864258e-01
1.683862954378128052e-01
3.184894025325775146e-01
3.018308877944946289e-01
2.686027288436889648e-01
3.452550768852233887e-01
1.478525996208190918e-01
3.245151937007904053e-01
9.247285723686218262e-01
9.512382745742797852e-01
8.532965779304504395e-01
3.696160912513732910e-01
8.228539824485778809e-01
1.050046920776367188e+00
8.372924327850341797e-01
8.199172616004943848e-01
7.147831320762634277e-01
8.360228538513183594e-01
9.475391507148742676e-01
3.534940183162689209e-01
5.459262132644653320e-01
9.599337577819824219e-01
3.287607729434967041e-01
1.718180179595947266e-01
1.470617651939392090e-01
1.193526759743690491e-01
6.278838515281677246e-01
4.502655565738677979e-01
9.436122179031372070e-01
3.670507669448852539e-01
2.667012810707092285e-01
5.698114037513732910e-01
7.945147156715393066e-01
6.905857324600219727e-01
1.096166372299194336e+00
9.828184247016906738e-01
8.875618577003479004e-01
2.484632432460784912e-01
8.654846549034118652e-01
9.245035648345947266e-01
8.913938999176025391e-01
7.348654270172119141e-01
6.496015787124633789e-01
6.740937829017639160e-01
7.755470275878906250e-01
9.702834486961364746e-01
9.575097560882568359e-01
7.050538063049316406e-01
7.123661637306213379e-01
2.694161832332611084e-01
7.048847675323486328e-01
1.944461017847061157e-01
9.506191015243530273e-01
8.163561820983886719e-01
6.452578902244567871e-01
1.565940678119659424e-01
9.282293319702148438e-01
4.938923418521881104e-01
2.190091460943222046e-01
8.424720168113708496e-01
1.562540084123611450e-01
8.492305874824523926e-01
8.741533160209655762e-01
9.649300575256347656e-01
7.528601884841918945e-01
6.783892512321472168e-01
7.871997952461242676e-01
9.658865928649902344e-01
1.788510829210281372e-01
3.870376944541931152e-01
1.583939343690872192e-01
9.263495802879333496e-01
7.305897474288940430e-01
1.295583248138427734e-01
6.171453595161437988e-01
7.880051732063293457e-01
9.148817062377929688e-01
9.650991559028625488e-01
9.697154760360717773e-01
9.907810091972351074e-01
1.202281415462493896e-01
1.625101417303085327e-01
8.098061680793762207e-01
6.779053211212158203e-01
9.604145884513854980e-01
7.300820946693420410e-01
2.437717020511627197e-01
1.193481013178825378e-01
1.777622699737548828e-01
9.774491935968399048e-02
9.853973984718322754e-02
1.224958673119544983e-01
1.334574520587921143e-01
1.475650817155838013e-01
8.341338485479354858e-02
1.032398939132690430e-01
8.924244344234466553e-02
1.123771518468856812e-01
9.981386363506317139e-02
6.873147189617156982e-02
8.276909589767456055e-02
2.054364830255508423e-01
1.684980690479278564e-01
1.130103841423988342e-01
2.713725268840789795e-01
1.518975794315338135e-01
1.464606672525405884e-01
8.589289188385009766e-01
3.452117145061492920e-01
3.313921093940734863e-01
1.369300186634063721e-01
1.620285958051681519e-01
4.240168631076812744e-01
5.829318165779113770e-01
2.895386517047882080e-01
5.867475271224975586e-01
7.422019839286804199e-01
9.100351929664611816e-01
1.128110066056251526e-01
1.060047000646591187e-01
1.069262772798538208e-01
1.237900406122207642e-01
7.999300211668014526e-02
1.809166967868804932e-01
1.019261777400970459e-01
1.434055566787719727e-01
1.138060614466667175e-01
1.720486283302307129e-01
1.473053246736526489e-01
1.033376008272171021e-01
1.480521261692047119e-01
1.473911255598068237e-01
6.270053386688232422e-01
1.335018873214721680e-01
2.060376405715942383e-01
1.339738816022872925e-01
1.247965618968009949e-01
1.053619608283042908e-01
1.686587035655975342e-01
1.619301289319992065e-01
1.811096668243408203e-01
1.164595410227775574e-01
2.771278023719787598e-01
2.529852986335754395e-01
1.520577967166900635e-01
5.612872838973999023e-01
1.360342651605606079e-01
4.368654191493988037e-01
1.077909916639328003e-01
1.151983886957168579e-01
1.238990798592567444e-01
1.664346009492874146e-01
1.189663484692573547e-01
1.764572262763977051e-01
2.013307958841323853e-01
4.532037675380706787e-01
1.239077076315879822e-01
2.864258289337158203e-01
1.050885766744613647e-01
6.117671728134155273e-01
2.644502222537994385e-01
2.466247379779815674e-01
6.947467327117919922e-01
8.474645763635635376e-02
3.871579170227050781e-01
8.794926106929779053e-02
1.149581968784332275e-01
2.396550625562667847e-01
3.698158562183380127e-01
1.310773640871047974e-01
2.141697406768798828e-01
8.664727210998535156e-01
4.835248887538909912e-01
5.849457979202270508e-01
4.247762858867645264e-01
1.436034142971038818e-01
8.557417988777160645e-01
3.372609317302703857e-01
1.295311450958251953e-01
1.275266110897064209e-01
6.466588973999023438e-01
3.198649287223815918e-01
5.887563228607177734e-01
8.465491980314254761e-02
9.791793823242187500e-01
1.215681806206703186e-01
7.383740544319152832e-01
8.081985712051391602e-01
1.407838165760040283e-01
1.309722065925598145e-01
3.021010458469390869e-01
8.012989163398742676e-01
1.713716238737106323e-01
1.144670471549034119e-01
6.786233782768249512e-01
9.410638809204101562e-01
4.907537102699279785e-01
1.423924714326858521e-01
2.531203627586364746e-01
1.029294356703758240e-01
9.687510132789611816e-02
8.182461559772491455e-02
1.054932996630668640e-01
1.001819297671318054e-01
1.142667979001998901e-01
1.133493110537528992e-01
1.261039674282073975e-01
2.679164111614227295e-01
1.898352503776550293e-01
2.608968317508697510e-01
3.485647737979888916e-01
2.129050046205520630e-01
4.284650683403015137e-01
7.543843239545822144e-02
1.875297874212265015e-01
8.553234934806823730e-01
4.039706885814666748e-01
3.703177571296691895e-01
7.883644849061965942e-02
1.688651442527770996e-01
1.141623333096504211e-01
1.802715808153152466e-01
1.383548527956008911e-01
4.135572016239166260e-01
2.136230021715164185e-01
3.036260306835174561e-01
5.427719354629516602e-01
2.171747237443923950e-01
1.268471777439117432e-01
1.877709031105041504e-01
1.546583622694015503e-01
2.063023149967193604e-01
9.512733668088912964e-02
1.519865840673446655e-01
1.104328110814094543e-01
9.186951071023941040e-02
9.073708206415176392e-02
1.532116085290908813e-01
9.282853454351425171e-02
9.548533707857131958e-02
1.766810417175292969e-01
1.215365156531333923e-01
2.451647371053695679e-01
1.717768311500549316e-01
1.347698271274566650e-01
2.289120554924011230e-01
1.123323813080787659e-01
6.890590190887451172e-01
8.771117925643920898e-01
4.855744838714599609e-01
4.657938480377197266e-01
2.774930596351623535e-01
4.726755917072296143e-01
4.615010917186737061e-01
4.790984690189361572e-01
8.070937395095825195e-01
1.273491829633712769e-01
4.341822862625122070e-01
6.379202008247375488e-01
4.577502608299255371e-01
8.314724564552307129e-01
6.604184508323669434e-01
7.796410322189331055e-01
4.925478398799896240e-01
8.959532976150512695e-01
4.461923539638519287e-01
7.992108464241027832e-01
1.246973276138305664e-01
5.770539641380310059e-01
2.001789361238479614e-01
4.006247967481613159e-02
1.050439000129699707e+00
8.262959122657775879e-01
1.039606213569641113e+00
1.040029764175415039e+00
4.976590573787689209e-01
8.568325638771057129e-01
2.632062137126922607e-01
2.634277045726776123e-01
1.939648985862731934e-01
6.448392868041992188e-01
1.975852698087692261e-01
5.781440138816833496e-01
6.702940464019775391e-01
6.799969077110290527e-01
2.966806590557098389e-01
7.132608294486999512e-01
8.542674183845520020e-01
2.100237756967544556e-01
3.074840605258941650e-01
6.909123063087463379e-01
5.719533562660217285e-01
4.756931364536285400e-01
4.547651410102844238e-01
9.225007295608520508e-01
6.759293079376220703e-01
6.123818159103393555e-01
4.962561428546905518e-01
8.207218050956726074e-01
1.005787372589111328e+00
8.214221596717834473e-01
2.395916283130645752e-01
7.728665471076965332e-01
4.036706984043121338e-01
3.100152909755706787e-01
3.625276982784271240e-01
7.082720994949340820e-01
7.535407543182373047e-01
9.288324713706970215e-01
9.036427736282348633e-01
8.276312947273254395e-01
5.125328302383422852e-01
1.039618134498596191e+00
6.288208365440368652e-01
9.877147674560546875e-01
2.302410155534744263e-01
1.640853583812713623e-01
7.243991494178771973e-01
4.777543842792510986e-01
7.199009060859680176e-01
3.886019289493560791e-01
9.586506485939025879e-01
8.458328843116760254e-01
6.458796262741088867e-01
4.964456856250762939e-01
1.690702885389328003e-01
3.650321662425994873e-01
1.499611735343933105e-01
7.311998605728149414e-01
6.509520411491394043e-01
1.564542949199676514e-01
6.675400733947753906e-01
8.913342356681823730e-01
8.528032302856445312e-01
9.891155362129211426e-01
9.596375226974487305e-01
6.301509141921997070e-01
9.510136246681213379e-01
8.437439799308776855e-01
5.493598580360412598e-01
7.990893125534057617e-01
9.259834289550781250e-01
7.541257739067077637e-01
7.246855497360229492e-01
1.541175842285156250e-01
5.217297077178955078e-01
9.380112290382385254e-01
8.464227914810180664e-01
1.045898199081420898e+00
1.027725934982299805e+00
7.671848535537719727e-01
9.608499407768249512e-01
3.667131066322326660e-01
6.334607005119323730e-01
1.854635626077651978e-01
8.692703247070312500e-01
9.878479838371276855e-01
5.823189616203308105e-01
9.154313802719116211e-01
8.024488687515258789e-01
8.831956386566162109e-01
7.360770702362060547e-01
5.317402482032775879e-01
1.932823210954666138e-01
4.019714891910552979e-01
7.646163702011108398e-01
5.897881388664245605e-01
9.815528392791748047e-01
1.098992705345153809e+00
7.035374641418457031e-01
7.114834189414978027e-01
2.180505841970443726e-01
1.031886935234069824e+00
4.053827822208404541e-01
5.330985784530639648e-01
7.384670376777648926e-01
6.267867088317871094e-01
5.903165340423583984e-01
1.903347373008728027e-01
8.733078837394714355e-01
9.375650286674499512e-01
8.803092241287231445e-01
9.981715679168701172e-01
5.737806558609008789e-01
1.391362398862838745e-01
7.188410758972167969e-01
9.199026226997375488e-01
9.132663607597351074e-01
1.921685785055160522e-01
6.752889752388000488e-01
6.883726119995117188e-01
1.047046899795532227e+00
7.924686074256896973e-01
5.387622117996215820e-01
1.034629225730895996e+00
1.747256368398666382e-01
2.317853122949600220e-01
1.867204755544662476e-01
2.235391736030578613e-01
1.975735872983932495e-01
1.375876516103744507e-01
1.259076744318008423e-01
7.891455292701721191e-02
1.069208011031150818e-01
1.000947654247283936e-01
6.860291212797164917e-02
1.192507594823837280e-01
1.294553875923156738e-01
9.768236428499221802e-02
1.278810799121856689e-01
1.313571929931640625e-01
1.113085299730300903e-01
6.438025832176208496e-02
8.352857828140258789e-02
9.118269383907318115e-02
2.022866159677505493e-01
1.286091506481170654e-01
1.302840411663055420e-01
1.550015509128570557e-01
1.620234996080398560e-01
3.658961355686187744e-01
2.089819163084030151e-01
1.073924005031585693e-01
1.802906095981597900e-01
2.627081871032714844e-01
7.390446066856384277e-01
1.464913487434387207e-01
7.772637009620666504e-01
2.700852751731872559e-01
1.235646232962608337e-01
2.992081046104431152e-01
6.371610760688781738e-01
1.508641093969345093e-01
1.295487284660339355e-01
1.073803305625915527e-01
7.497568428516387939e-02
4.333974719047546387e-01
2.317864447832107544e-01
3.149873316287994385e-01
4.623528718948364258e-01
3.961014449596405029e-01
1.944335848093032837e-01
1.559443324804306030e-01
3.935137391090393066e-01
2.313869297504425049e-01
1.382746994495391846e-01
1.104724034667015076e-01
2.918525338172912598e-01
9.998518973588943481e-02
4.176514744758605957e-01
1.148126572370529175e-01
2.928716540336608887e-01
3.977636396884918213e-01
1.715909838676452637e-01
1.788969635963439941e-01
3.190860450267791748e-01
9.100655466318130493e-02
5.540971755981445312e-01
4.269579350948333740e-01
1.192569360136985779e-01
1.306568533182144165e-01
2.005935758352279663e-01
1.874731034040451050e-01
7.658106684684753418e-01
1.524349302053451538e-01
1.015167385339736938e-01
1.915580779314041138e-01
2.108982056379318237e-01
2.896767258644104004e-01
3.818496167659759521e-01
8.507884740829467773e-01
7.576188445091247559e-01
7.598181366920471191e-01
1.366403251886367798e-01
1.116169020533561707e-01
4.859589934349060059e-01
1.609978824853897095e-01
3.409833014011383057e-01
1.856118887662887573e-01
1.107528433203697205e-01
1.835467070341110229e-01
3.778927922248840332e-01
7.337461113929748535e-01
6.085099577903747559e-01
2.456451356410980225e-01
3.700686991214752197e-01
8.380256295204162598e-01
1.287674307823181152e-01
3.724548518657684326e-01
9.629552960395812988e-01
2.428092062473297119e-01
2.566018104553222656e-01
5.478296875953674316e-01
6.400616765022277832e-01
2.310585230588912964e-01
5.954409241676330566e-01
2.429740577936172485e-01
2.956622540950775146e-01
5.820170044898986816e-01
1.150282248854637146e-01
7.363066673278808594e-01
2.311713844537734985e-01
1.064230874180793762e-01
2.298077195882797241e-01
1.378937959671020508e-01
1.205310821533203125e-01
9.024573117494583130e-02
1.082285046577453613e-01
9.999143332242965698e-02
1.057188510894775391e-01
1.406669169664382935e-01
5.657381415367126465e-01
1.479734927415847778e-01
1.401704996824264526e-01
2.314211726188659668e-01
8.008157610893249512e-01
2.600557208061218262e-01
3.177481293678283691e-01
5.570843815803527832e-01
1.465303599834442139e-01
3.736192584037780762e-01
2.334774583578109741e-01
9.846968948841094971e-02
2.009933292865753174e-01
3.220179378986358643e-01
1.621134132146835327e-01
1.061426997184753418e-01
2.926009297370910645e-01
1.179566532373428345e-01
1.054460704326629639e-01
5.655245780944824219e-01
2.111415863037109375e-01
1.127124875783920288e-01
1.181914135813713074e-01
8.262089639902114868e-02
1.042110100388526917e-01
1.047324240207672119e-01
1.039842009544372559e+00
5.475085973739624023e-01
1.219926699995994568e-01
6.519056558609008789e-01
6.690751314163208008e-01
1.002532124519348145e+00
7.814635038375854492e-01
7.772311568260192871e-01
5.880005955696105957e-01
9.553275108337402344e-01
5.801615715026855469e-01
6.172069907188415527e-01
8.233638852834701538e-02
1.522051095962524414e-01
1.127480506896972656e+00
9.880881309509277344e-01
6.079655289649963379e-01
8.203334808349609375e-01
8.401444554328918457e-01
1.521504819393157959e-01
8.767532110214233398e-01
2.254463732242584229e-01
6.113617420196533203e-01
5.157641768455505371e-01
8.251545429229736328e-01
2.467385828495025635e-01
8.574447631835937500e-01
8.191554546356201172e-01
2.549625337123870850e-01
6.175746321678161621e-01
4.257191717624664307e-01
8.618734478950500488e-01
8.888058066368103027e-01
6.710214018821716309e-01
6.139630675315856934e-01
3.037778735160827637e-01
8.568447828292846680e-01
8.574318885803222656e-01
5.916075706481933594e-01
8.520730733871459961e-01
7.348636984825134277e-01
6.365673542022705078e-01
1.057927370071411133e+00
9.280999898910522461e-01
4.795362055301666260e-01
7.109348773956298828e-01
8.348918557167053223e-01
8.735848665237426758e-01
1.054294466972351074e+00
8.074125051498413086e-01
7.380856871604919434e-01
7.667890787124633789e-01
4.093644320964813232e-01
3.065131902694702148e-01
7.611061334609985352e-01
1.752801388502120972e-01
1.453894674777984619e-01
2.128664553165435791e-01
1.649310886859893799e-01
2.255941331386566162e-01
1.295067816972732544e-01
1.638811975717544556e-01
9.147284179925918579e-02
8.188072592020034790e-02
1.120502576231956482e-01
1.594743132591247559e-01
1.151174008846282959e-01
3.137594088912010193e-02
4.913032650947570801e-01
4.651750624179840088e-01
3.464603722095489502e-01
1.402431875467300415e-01
4.756237864494323730e-01
5.704847574234008789e-01
5.181862115859985352e-01
1.192898452281951904e-01
1.885730624198913574e-01
4.703568518161773682e-01
1.347804665565490723e-01
8.814398944377899170e-02
1.215925291180610657e-01
1.385318487882614136e-01
4.536249339580535889e-01
5.644685626029968262e-01
6.064581274986267090e-01
7.211063504219055176e-01
1.074513047933578491e-01
1.603070944547653198e-01
1.094116494059562683e-01
2.070238739252090454e-01
1.088350713253021240e-01
6.350682973861694336e-01
1.048185527324676514e-01
1.330955475568771362e-01
8.942315727472305298e-02
4.971360266208648682e-01
1.301508843898773193e-01
3.418802320957183838e-01
2.699999809265136719e-01
2.237976342439651489e-01
1.633045673370361328e-01
2.555601298809051514e-01
9.541463851928710938e-01
1.720907390117645264e-01
2.045906931161880493e-01
1.056516468524932861e-01
1.183199957013130188e-01
7.492157071828842163e-02
6.722740083932876587e-02
2.592761814594268799e-01
1.636199057102203369e-01
9.596334397792816162e-02
2.634442448616027832e-01
9.109777212142944336e-02
1.732037961483001709e-01
3.085220158100128174e-01
1.247351393103599548e-01
2.851773202419281006e-01
1.367545127868652344e-01
4.428728222846984863e-01
3.977668285369873047e-01
9.597442299127578735e-02
1.206472441554069519e-01
1.046489179134368896e-01
1.218189001083374023e-01
1.338590532541275024e-01
2.114782780408859253e-01
2.401229590177536011e-01
1.463545560836791992e-01
7.139565795660018921e-02
1.657546758651733398e-01
9.511005282402038574e-01
2.540822625160217285e-01
4.489365816116333008e-01
4.289292171597480774e-02
3.157285451889038086e-01
8.774851560592651367e-01
2.503479719161987305e-01
1.281118392944335938e-01
8.300166726112365723e-01
3.428540825843811035e-01
3.760454952716827393e-01
3.891785740852355957e-01
1.553614288568496704e-01
4.467819929122924805e-01
2.937101125717163086e-01
5.180900096893310547e-01
1.666084080934524536e-01
9.875924140214920044e-02
3.857174217700958252e-01
6.209273934364318848e-01
1.876042783260345459e-01
3.040447831153869629e-01
1.388467699289321899e-01
2.412394583225250244e-01
9.891604781150817871e-01
9.646995067596435547e-01
1.990831941366195679e-01
9.412951469421386719e-01
1.072238564491271973e+00
7.538106441497802734e-01
2.559241354465484619e-01
6.274381279945373535e-01
1.992589086294174194e-01
4.447155296802520752e-01
8.241399526596069336e-01
1.027220726013183594e+00
1.791018843650817871e-01
6.829895973205566406e-01
1.878706067800521851e-01
9.060373306274414062e-01
8.756334185600280762e-01
8.207736015319824219e-01
4.715780913829803467e-01
9.837369322776794434e-01
5.256392359733581543e-01
4.710265994071960449e-01
8.485079407691955566e-01
6.336577534675598145e-01
7.171590924263000488e-01
6.755203008651733398e-01
6.074995994567871094e-01
4.409636259078979492e-01
4.691740274429321289e-01
4.589948356151580811e-01
5.218105316162109375e-01
2.831201553344726562e-01
7.865861058235168457e-01
1.505652219057083130e-01
5.083007812500000000e-01
1.245518624782562256e-01
3.124850988388061523e-01
6.431930065155029297e-01
7.448324561119079590e-01
8.710527420043945312e-01
6.164032816886901855e-01
1.068248227238655090e-01
6.727619469165802002e-02
7.672173529863357544e-02
1.490094363689422607e-01
6.272955983877182007e-02
2.744128555059432983e-02
7.349582761526107788e-02
1.027799695730209351e-01
9.377143532037734985e-02
1.676166653633117676e-01
1.175886094570159912e-01
8.478634357452392578e-01
1.006316766142845154e-01
6.971330195665359497e-02
8.654236793518066406e-02
7.793145626783370972e-02
1.103737726807594299e-01
6.421816349029541016e-02
8.381380140781402588e-02
5.893766880035400391e-02
3.884956240653991699e-01
8.598487079143524170e-02
1.073106452822685242e-01
1.294379532337188721e-01
1.833150684833526611e-01
7.585170865058898926e-02
1.563602387905120850e-01
2.066272944211959839e-01
1.023405343294143677e-01
6.652882695198059082e-01
5.753577351570129395e-01
4.738914072513580322e-01
6.408659815788269043e-01
2.107328474521636963e-01
5.407564640045166016e-01
3.676844835281372070e-01
2.467541694641113281e-01
1.050773188471794128e-01
1.083645373582839966e-01
4.873480200767517090e-01
5.370560288429260254e-02
3.275961577892303467e-01
1.316119879484176636e-01
1.952761411666870117e-01
1.320074051618576050e-01
6.882573366165161133e-01
6.670766472816467285e-01
1.076213344931602478e-01
7.141944169998168945e-01
4.260653555393218994e-01
6.903408765792846680e-01
7.240753173828125000e-01
8.316387534141540527e-01
1.078791245818138123e-01
3.583762943744659424e-01
5.920224189758300781e-01
1.060717478394508362e-01
3.085572719573974609e-01
6.900802254676818848e-02
4.782758057117462158e-01
1.049142032861709595e-01
1.117487251758575439e-01
1.201437562704086304e-01
5.926294624805450439e-02
2.216263413429260254e-01
1.077869012951850891e-01
2.400524467229843140e-01
1.001796647906303406e-01
1.285374909639358521e-01
2.213867157697677612e-01
4.674940928816795349e-02
1.086326688528060913e-01
9.011363238096237183e-02
7.129181921482086182e-02
1.663426756858825684e-01
9.281840175390243530e-02
7.278373092412948608e-02
1.063013970851898193e-01
1.417789459228515625e-01
1.311175823211669922e-01
2.644691765308380127e-01
1.471983641386032104e-01
4.309405684471130371e-01
8.474629372358322144e-02
1.728146970272064209e-01
1.987654715776443481e-01
6.815952062606811523e-01
5.514221787452697754e-01
2.121308147907257080e-01
6.725857257843017578e-01
3.153759241104125977e-01
1.338775753974914551e-01
2.312109768390655518e-01
2.397239953279495239e-01
6.927656531333923340e-01
1.124461814761161804e-01
1.689989268779754639e-01
1.973972022533416748e-01
4.512477200478315353e-03
1.129783987998962402e-01
1.305649131536483765e-01
1.246958225965499878e-01
1.169837117195129395e-01
6.291448324918746948e-02
2.904894389212131500e-02
8.399192243814468384e-02
1.130297631025314331e-01
1.254737675189971924e-01
9.527661651372909546e-02
2.770104631781578064e-02
9.696279466152191162e-02
1.147035211324691772e-01
1.626048237085342407e-01
1.718693822622299194e-01
3.498857915401458740e-01
2.349990159273147583e-01
6.387625634670257568e-02
1.743357926607131958e-01
1.029140129685401917e-01
1.546017527580261230e-01
8.609299361705780029e-02
1.959690749645233154e-01
1.260991096496582031e-01
1.753187328577041626e-01
7.154239714145660400e-02
1.162307262420654297e-01
6.004724651575088501e-02
1.560508459806442261e-01
8.231853693723678589e-02
8.545961976051330566e-02
1.145667731761932373e-01
1.273546665906906128e-01
3.781157135963439941e-01
5.428687110543251038e-02
3.315790593624114990e-01
8.562573790550231934e-02
1.149801388382911682e-01
1.145374029874801636e-01
1.447550207376480103e-01
1.713539808988571167e-01
1.753153949975967407e-01
1.267690658569335938e-01
2.540436387062072754e-01
1.259448081254959106e-01
1.285985112190246582e-01
8.534765988588333130e-02
8.625605106353759766e-01
7.316790223121643066e-01
8.853353857994079590e-01
2.217856496572494507e-01
1.440742313861846924e-01
5.755149722099304199e-01
4.817620813846588135e-01
2.005499750375747681e-01
9.751971065998077393e-02
1.478913277387619019e-01
8.448302149772644043e-01
9.364096522331237793e-01
2.976001501083374023e-01
8.513935804367065430e-01
2.764207124710083008e-01
2.208627164363861084e-01
2.039276063442230225e-01
1.175027638673782349e-01
1.922093182802200317e-01
8.857253193855285645e-01
9.568192362785339355e-01
2.448124438524246216e-01
4.679619967937469482e-01
2.542479634284973145e-01
5.288031697273254395e-01
5.771893262863159180e-01
2.438605576753616333e-01
6.009792089462280273e-01
7.579447627067565918e-01
6.814032196998596191e-01
4.675382673740386963e-01
4.621987342834472656e-01
4.128756523132324219e-01
1.422674655914306641e-01
5.007279515266418457e-01
5.199288725852966309e-01
2.997191548347473145e-01
3.601059615612030029e-01
7.129703760147094727e-01
7.362748980522155762e-01
5.676906704902648926e-01
6.719043850898742676e-01
1.103905320167541504e+00
8.308905959129333496e-01
7.649796605110168457e-01
7.197217941284179688e-01
4.938020706176757812e-01
8.321768045425415039e-02
8.287214487791061401e-02
1.421839892864227295e-01
8.978490531444549561e-02
2.490143179893493652e-01
1.848779022693634033e-01
1.052858531475067139e-01
2.709925472736358643e-01
3.561401069164276123e-01
7.210273742675781250e-01
2.189445793628692627e-01
1.920169144868850708e-01
8.361802995204925537e-02
7.828455418348312378e-02
4.688226580619812012e-01
5.414339303970336914e-01
6.188591942191123962e-02
8.884741365909576416e-02
1.956686079502105713e-01
8.930137008428573608e-02
4.374543130397796631e-01
2.694689929485321045e-01
4.146935418248176575e-02
1.359678506851196289e-01
7.452134042978286743e-02
1.094894707202911377e-01
1.091389358043670654e-01
2.644349336624145508e-01
1.282299757003784180e-01
3.482644259929656982e-01
1.013140529394149780e-01
1.370604485273361206e-01
1.009662076830863953e-01
2.344621866941452026e-01
6.797936558723449707e-02
2.455177456140518188e-01
1.181288063526153564e-01
2.177023589611053467e-01
9.239701181650161743e-02
1.737498342990875244e-01
1.041041612625122070e-01
2.228644490242004395e-01
2.839322090148925781e-01
3.525574803352355957e-01
2.951675355434417725e-01
2.104921638965606689e-01
1.456193029880523682e-01
3.980475962162017822e-01
1.153513714671134949e-01
1.454843580722808838e-01
2.224885672330856323e-01
1.505329161882400513e-01
8.558556437492370605e-02
1.569771766662597656e-01
1.856921911239624023e-01
2.627989351749420166e-01
1.122276559472084045e-01
1.169334053993225098e-01
2.501311600208282471e-01
5.490710139274597168e-01
1.029805466532707214e-01
3.327509164810180664e-01
2.137162983417510986e-01
8.839579671621322632e-02
1.790145337581634521e-01
1.293908357620239258e-01
2.528912425041198730e-01
1.129782199859619141e-01
1.106167137622833252e-01
1.298371255397796631e-01
1.447804123163223267e-01
1.352615058422088623e-01
1.058197766542434692e-01
1.433693170547485352e-01
9.320318698883056641e-02
1.203455105423927307e-01
9.478124231100082397e-02
9.223525971174240112e-02
1.364755332469940186e-01
2.581015825271606445e-01
1.254559755325317383e-01
1.006508693099021912e-01
1.599012613296508789e-01
8.077255487442016602e-01
4.821695685386657715e-01
1.286399364471435547e-01
7.988764047622680664e-01
1.786060929298400879e-01
6.542049050331115723e-01
4.716562032699584961e-01
4.131985604763031006e-01
5.125935673713684082e-01
1.166769787669181824e-01
3.612945079803466797e-01
8.426430821418762207e-01
2.153180092573165894e-01
1.335120797157287598e-01
5.807132124900817871e-01
9.084066748619079590e-02
1.675721108913421631e-01
1.090910658240318298e-01
1.048111766576766968e-01
1.248393729329109192e-01
8.875039964914321899e-02
7.722384482622146606e-02
1.850493699312210083e-01
3.320211470127105713e-01
9.835045933723449707e-01
6.701758503913879395e-01
1.132518053054809570e-01
4.009608924388885498e-01
2.128774970769882202e-01
7.064086198806762695e-01
7.046956419944763184e-01
2.373315393924713135e-01
6.918517351150512695e-01
8.794556260108947754e-01
7.641471028327941895e-01
9.229942560195922852e-01
7.125167846679687500e-01
2.547019422054290771e-01
1.033719301223754883e+00
7.202980518341064453e-01
7.682599425315856934e-01
7.320988178253173828e-01
2.440237849950790405e-01
5.477740764617919922e-01
2.214733511209487915e-01
3.168202936649322510e-01
6.613728404045104980e-01
2.245249152183532715e-01
6.664332151412963867e-01
6.286213994026184082e-01
6.995405554771423340e-01
9.424067139625549316e-01
1.412323117256164551e-01
6.223533749580383301e-01
4.873119890689849854e-01
8.502846956253051758e-01
1.452315747737884521e-01
7.795666456222534180e-01
1.144213080406188965e-01
5.062626600265502930e-01
9.758895635604858398e-01
2.298162728548049927e-01
6.181097030639648438e-01
3.427844345569610596e-01
2.778664827346801758e-01
8.604925274848937988e-01
9.024469256401062012e-01
9.919052720069885254e-01
8.342728018760681152e-01
8.441944122314453125e-01
1.179337024688720703e+00
8.397865295410156250e-01
9.563835263252258301e-01
2.437104582786560059e-01
8.322253823280334473e-01
9.621393084526062012e-01
5.073403120040893555e-01
2.707508206367492676e-01
6.924778819084167480e-01
7.907369136810302734e-01
3.678985238075256348e-01
1.325179338455200195e-01
8.443947136402130127e-02
1.203898489475250244e-01
9.695368260145187378e-02
1.253102570772171021e-01
1.091492027044296265e-01
1.190605908632278442e-01
1.051264852285385132e-01
1.543387770652770996e-01
9.512876719236373901e-02
9.833987802267074585e-02
1.234126314520835876e-01
1.215834915637969971e-01
2.246773391962051392e-01
1.134052798151969910e-01
7.253433018922805786e-02
7.728464156389236450e-02
5.562108010053634644e-02
1.104455292224884033e-01
1.026009917259216309e-01
1.408812701702117920e-01
9.481667727231979370e-02
5.486797913908958435e-02
9.942503273487091064e-02
1.314522325992584229e-01
1.011729389429092407e-01
1.093618795275688171e-01
8.674375712871551514e-02
8.427649736404418945e-02
1.063726469874382019e-01
1.082376390695571899e-01
7.207149267196655273e-02
1.330764442682266235e-01
1.238972097635269165e-01
1.654070019721984863e-01
9.282744675874710083e-02
1.731259673833847046e-01
1.143164262175559998e-01
1.123931556940078735e-01
1.084848195314407349e-01
7.126764059066772461e-01
2.675482630729675293e-01
2.153019607067108154e-01
1.637433469295501709e-01
1.469950377941131592e-01
1.130756065249443054e-01
4.056906402111053467e-01
9.617032855749130249e-02
9.460596740245819092e-02
8.516382426023483276e-02
6.509231030941009521e-02
1.090035960078239441e-01
1.052197292447090149e-01
1.483720447868108749e-02
8.512337505817413330e-02
1.671084314584732056e-01
1.644713431596755981e-01
1.303937882184982300e-01
1.141902431845664978e-01
1.047176048159599304e-01
1.651001870632171631e-01
1.559755057096481323e-01
1.040107756853103638e-01
1.592437922954559326e-01
9.625080972909927368e-02
1.248487606644630432e-01
3.105802536010742188e-01
2.071361690759658813e-01
1.490283906459808350e-01
9.654057025909423828e-02
1.544012725353240967e-01
2.649630047380924225e-02
1.000303775072097778e-01
1.171125471591949463e-01
1.068013980984687805e-01
1.258668899536132812e-01
6.902567297220230103e-02
6.795411556959152222e-02
1.214942410588264465e-01
4.946630299091339111e-01
1.177736073732376099e-01
5.566430091857910156e-01
1.622809618711471558e-01
3.598418533802032471e-01
1.304052323102951050e-01
9.432005137205123901e-02
1.323361992835998535e-01
2.957673370838165283e-01
4.293210506439208984e-01
6.910619735717773438e-01
1.736193448305130005e-01
8.971941471099853516e-02
4.761171936988830566e-01
2.045626193284988403e-01
1.448604911565780640e-01
1.615672409534454346e-01
4.326114654541015625e-01
1.154489442706108093e-01
1.145645305514335632e-01
2.079120278358459473e-01
9.545071125030517578e-01
2.682938277721405029e-01
1.020211130380630493e-01
1.291423738002777100e-01
1.241959184408187866e-01
1.225535422563552856e-01
4.761228263378143311e-01
6.055836081504821777e-01
1.833954900503158569e-01
9.606989473104476929e-02
3.244558572769165039e-01
1.673600375652313232e-01
2.478460818529129028e-01
3.427659869194030762e-01
1.111877858638763428e-01
1.129990294575691223e-01
1.238128170371055603e-01
1.471342146396636963e-01
3.456706702709197998e-01
6.842309236526489258e-01
1.238119378685951233e-01
6.271532177925109863e-01
5.728818178176879883e-01
1.281107664108276367e-01
2.391141057014465332e-01
4.508993923664093018e-01
9.049550443887710571e-02
5.669003129005432129e-01
1.999119669198989868e-01
4.226416051387786865e-01
1.102914586663246155e-01
9.290062189102172852e-01
9.683687090873718262e-01
1.405312716960906982e-01
1.659155040979385376e-01
1.550419032573699951e-01
1.405304223299026489e-01
1.495234370231628418e-01
1.037767827510833740e-01
4.252114593982696533e-01
9.580756723880767822e-02
1.247558817267417908e-01
8.518852293491363525e-02
1.142023205757141113e-01
1.099965274333953857e-01
1.090808883309364319e-01
1.049559488892555237e-01
1.122804358601570129e-01
1.876714378595352173e-01
2.426829785108566284e-01
9.634230285882949829e-02
1.205140575766563416e-01
9.427157789468765259e-02
1.432425677776336670e-01
9.767211973667144775e-02
4.222669601440429688e-01
1.897248774766921997e-01
1.506175100803375244e-01
1.549314856529235840e-01
1.555256694555282593e-01
1.547967195510864258e-01
2.801327705383300781e-01
2.035197913646697998e-01
2.120876461267471313e-01
1.441757529973983765e-01
1.713981628417968750e-01
1.098028644919395447e-01
3.228611052036285400e-01
2.075120955705642700e-01
5.273823067545890808e-02
6.673306226730346680e-02
1.449851542711257935e-01
1.574758440256118774e-01
1.755086034536361694e-01
9.074337780475616455e-02
3.463272452354431152e-01
3.381737768650054932e-01
1.085816025733947754e-01
1.035874858498573303e-01
1.165727451443672180e-01
1.021151468157768250e-01
2.608720660209655762e-01
2.403150796890258789e-01
2.017440199851989746e-01
1.236554682254791260e-01
1.366770118474960327e-01
6.458042263984680176e-01
4.595873057842254639e-01
2.395953238010406494e-01
1.110999733209609985e-01
1.320692747831344604e-01
7.744105160236358643e-02
1.034689396619796753e-01
6.776123493909835815e-02
1.323981285095214844e-01
1.290687024593353271e-01
3.849780559539794922e-01
5.934732556343078613e-01
1.500015854835510254e-01
5.886857509613037109e-01
9.434823393821716309e-01
3.024103939533233643e-01
1.152555346488952637e-01
8.724104762077331543e-01
4.417378604412078857e-01
8.456285595893859863e-01
2.085599005222320557e-01
5.556887984275817871e-01
2.208855897188186646e-01
1.559508889913558960e-01
4.970395863056182861e-01
8.869833350181579590e-01
1.033597230911254883e+00
7.364011406898498535e-01
3.483563363552093506e-01
4.816911220550537109e-01
7.749919295310974121e-01
8.355979919433593750e-01
8.939895629882812500e-01
8.536255359649658203e-01
9.389916658401489258e-01
4.743202328681945801e-01
1.775010377168655396e-01
1.777004748582839966e-01
5.054705739021301270e-01
9.183217287063598633e-01
1.004800081253051758e+00
6.047893166542053223e-01
8.855786919593811035e-01
4.337173998355865479e-01
8.565386533737182617e-01
5.736802816390991211e-01
1.604802757501602173e-01
6.266019344329833984e-01
5.516148209571838379e-01
3.224188685417175293e-01
6.017505526542663574e-01
3.585030436515808105e-01
3.250869512557983398e-01
7.288110852241516113e-01
7.016131877899169922e-01
6.403615474700927734e-01
6.352813243865966797e-01
8.286331295967102051e-01
7.912013530731201172e-01
8.136156797409057617e-01
7.739344239234924316e-01
8.850325345993041992e-01
7.977480888366699219e-01
2.343636453151702881e-01
7.155138254165649414e-01
7.027169466018676758e-01
6.839020252227783203e-01
1.364420652389526367e-01
4.304095804691314697e-01
6.824330091476440430e-01
5.322047472000122070e-01
1.847243309020996094e-01
8.081223964691162109e-01
7.583737373352050781e-01
1.396755874156951904e-01
1.356666237115859985e-01
1.954356282949447632e-01
1.250711977481842041e-01
6.359008550643920898e-01
9.547055959701538086e-01
2.610682845115661621e-01
7.734894752502441406e-01
3.617325425148010254e-01
9.839701652526855469e-01
1.053264856338500977e+00
1.067916631698608398e+00
1.486417204141616821e-01
9.407567977905273438e-01
7.990531921386718750e-01
8.773126006126403809e-01
8.031340837478637695e-01
1.689434200525283813e-01
7.709993720054626465e-01
8.757488131523132324e-01
9.777914285659790039e-01
1.004682898521423340e+00
1.079605579376220703e+00
1.096783280372619629e+00
5.647557377815246582e-01
1.002676129341125488e+00
9.320080280303955078e-01
9.641878008842468262e-01
5.661330223083496094e-01
9.609776139259338379e-01
3.989885747432708740e-01
3.336980640888214111e-01
7.818864583969116211e-01
3.568747639656066895e-01
4.753206074237823486e-01
7.234337329864501953e-01
8.849712610244750977e-01
9.702491015195846558e-02
7.488254308700561523e-01
6.797495484352111816e-01
7.004322409629821777e-01
8.191436529159545898e-01
2.306384742259979248e-01
9.405732154846191406e-01
1.047922253608703613e+00
8.711893558502197266e-01
3.224251568317413330e-01
8.501412868499755859e-01
8.189098834991455078e-01
8.378658890724182129e-01
7.987687587738037109e-01
1.012194156646728516e+00
8.271580934524536133e-01
7.335507273674011230e-01
6.958109736442565918e-01
5.108440518379211426e-01
5.224580168724060059e-01
5.412169694900512695e-01
5.678072571754455566e-01
8.387438058853149414e-01
3.780611753463745117e-01
7.763326764106750488e-01
6.179062128067016602e-01
4.955364763736724854e-01
8.087967038154602051e-01
6.470808386802673340e-01
9.706802368164062500e-01
9.585711359977722168e-01
2.088660150766372681e-01
2.913053035736083984e-01
8.099709153175354004e-01
8.780146837234497070e-01
5.430746078491210938e-01
2.056757807731628418e-01
8.688048124313354492e-01
8.114324212074279785e-01
3.293889760971069336e-01
5.642433166503906250e-01
6.544715166091918945e-01
8.621791601181030273e-01
6.419013738632202148e-01
8.222343921661376953e-01
7.931794971227645874e-02
2.100067585706710815e-01
9.374372661113739014e-02
1.055970415472984314e-01
1.152122169733047485e-01
6.497401744127273560e-02
1.154413372278213501e-01
9.421852231025695801e-02
7.631836086511611938e-02
6.852911412715911865e-02
1.280311197042465210e-01
9.778134524822235107e-02
1.061867997050285339e-01
8.215549588203430176e-02
8.546856790781021118e-02
5.779497623443603516e-01
6.804503202438354492e-01
1.241092607378959656e-01
1.424638181924819946e-01
1.919444203376770020e-01
4.290396869182586670e-01
3.829336464405059814e-01
3.370206952095031738e-01
2.308183759450912476e-01
1.156576648354530334e-01
2.120918780565261841e-01
5.427658557891845703e-01
3.502003252506256104e-01
1.043214648962020874e-01
1.139651536941528320e-01
1.067341193556785583e-01
6.814400851726531982e-02
6.772210448980331421e-02
8.688827604055404663e-02
7.071033865213394165e-02
1.493995040655136108e-01
1.531203538179397583e-01
1.065093725919723511e-01
1.647869348526000977e-01
1.052037253975868225e-01
5.324739813804626465e-01
1.012531816959381104e-01
1.742987632751464844e-01
1.408547461032867432e-01
1.371619552373886108e-01
1.195324212312698364e-01
1.542199403047561646e-01
1.447470337152481079e-01
6.951826810836791992e-02
1.113704442977905273e-01
1.289838105440139771e-01
1.722672730684280396e-01
1.355264037847518921e-01
4.022490382194519043e-01
1.441980302333831787e-01
8.157822489738464355e-02
3.986646234989166260e-01
7.723411917686462402e-01
2.184194624423980713e-01
2.857335805892944336e-01
8.538178205490112305e-01
8.677425980567932129e-02
1.009659469127655029e-01
9.979540854692459106e-02
1.608369648456573486e-01
1.381548792123794556e-01
3.249187469482421875e-01
1.197739094495773315e-01
5.967038273811340332e-01
1.787030547857284546e-01
1.610268354415893555e-01
8.342110365629196167e-02
4.149179458618164062e-01
1.207071021199226379e-01
8.175166249275207520e-01
1.224418655037879944e-01
1.176544800400733948e-01
2.380836158990859985e-01
1.002707555890083313e-01
1.097752004861831665e-01
1.690247207880020142e-01
1.093891486525535583e-01
1.792337894439697266e-01
1.671556681394577026e-01
1.123940125107765198e-01
1.998754441738128662e-01
2.404883801937103271e-01
1.228466257452964783e-01
8.986944556236267090e-01
5.575751066207885742e-01
1.339916437864303589e-01
1.633075922727584839e-01
1.173794567584991455e-01
2.363517880439758301e-01
5.743536949157714844e-01
8.510028123855590820e-01
1.289992332458496094e-01
2.383920997381210327e-01
7.128364443778991699e-01
6.868204474449157715e-01
4.773954153060913086e-01
9.074564278125762939e-02
1.214596703648567200e-01
1.258098632097244263e-01
1.072798669338226318e-01
1.462477147579193115e-01
1.239570882171392441e-02
1.001891419291496277e-01
2.621956542134284973e-02
8.535429835319519043e-02
6.800901889801025391e-02
1.461810171604156494e-01
1.880262494087219238e-01
2.975341379642486572e-01
1.207294836640357971e-01
2.337983101606369019e-01
1.925386786460876465e-01
1.102766841650009155e-01
2.298205047845840454e-01
2.211576700210571289e-01
1.013713851571083069e-01
1.089143753051757812e-01
9.178955852985382080e-02
7.275985926389694214e-02
1.595611274242401123e-01
1.331710368394851685e-01
5.340844988822937012e-01
7.935532182455062866e-02
1.665562540292739868e-01
7.662828266620635986e-02
6.303270906209945679e-02
2.249955683946609497e-01
7.966240644454956055e-01
7.231940627098083496e-01
7.513750195503234863e-01
4.489624798297882080e-01
2.845704555511474609e-01
6.425577998161315918e-01
9.516903758049011230e-02
2.431486099958419800e-01
2.057596147060394287e-01
7.524581551551818848e-01
7.062336206436157227e-01
1.267419010400772095e-01
6.965386867523193359e-01
3.176280856132507324e-01
3.574734330177307129e-01
4.490023553371429443e-01
2.380468398332595825e-01
7.004209756851196289e-01
1.141861081123352051e-01
5.511782765388488770e-01
1.037751197814941406e+00
1.443282961845397949e-01
7.104438543319702148e-02
8.198798447847366333e-02
6.065520271658897400e-02
9.343225955963134766e-01
9.320725202560424805e-01
4.213182330131530762e-01
3.523857593536376953e-01
1.527876704931259155e-01
9.091589450836181641e-01
5.907089114189147949e-01
7.743108868598937988e-01
5.232347249984741211e-01
8.761247396469116211e-01
4.636154472827911377e-01
5.101714730262756348e-01
6.715180873870849609e-01
7.520369887351989746e-01
8.054211139678955078e-01
1.817774921655654907e-01
8.047778010368347168e-01
5.743656754493713379e-01
6.226021647453308105e-01
7.030867338180541992e-01
3.050146400928497314e-01
1.096875548362731934e+00
9.403071403503417969e-01
9.824408292770385742e-01
9.607422351837158203e-01
4.645282626152038574e-01
4.206561744213104248e-01
1.030808329582214355e+00
5.079565048217773438e-01
5.419495105743408203e-01
7.766190767288208008e-01
5.171720981597900391e-01
1.786816120147705078e-01
6.440996527671813965e-01
8.577927947044372559e-01
5.639497041702270508e-01
4.584231972694396973e-01
6.221916079521179199e-01
9.405824542045593262e-01
7.597481012344360352e-01
9.753554463386535645e-01
1.617751419544219971e-01
1.344693005084991455e-01
1.878877431154251099e-01
4.461875855922698975e-01
1.620809137821197510e-01
2.011674195528030396e-01
7.663166522979736328e-01
7.227091193199157715e-01
1.461688429117202759e-01
7.136029750108718872e-02
7.995872199535369873e-02
1.020418107509613037e-01
1.197517067193984985e-01
7.229718565940856934e-02
5.232372879981994629e-02
1.204585582017898560e-01
7.659067958593368530e-02
1.013358607888221741e-01
9.553453326225280762e-02
8.602271229028701782e-02
1.015400961041450500e-01
1.524173319339752197e-01
1.120036765933036804e-01
1.048657521605491638e-01
1.026341319084167480e-01
1.978041380643844604e-01
2.363522946834564209e-01
8.047699928283691406e-02
1.382451653480529785e-01
5.121167302131652832e-01
1.752546280622482300e-01
5.130231380462646484e-01
5.029298663139343262e-01
1.413556039333343506e-01
1.162760257720947266e-01
1.068479716777801514e-01
8.551676571369171143e-02
1.445765942335128784e-01
4.323348775506019592e-02
1.117494404315948486e-01
1.011601462960243225e-01
2.887853085994720459e-01
1.625729203224182129e-01
1.041136682033538818e-01
1.088473796844482422e-01
5.144259929656982422e-01
1.290797144174575806e-01
5.308281779289245605e-01
3.564100563526153564e-01
1.727376133203506470e-01
1.253032684326171875e-01
1.094497814774513245e-01
1.157863214612007141e-01
1.770977079868316650e-01
1.260057985782623291e-01
1.371516138315200806e-01
1.735047698020935059e-01
1.126824915409088135e-01
1.400410383939743042e-01
3.969036638736724854e-01
3.930491507053375244e-01
3.551512658596038818e-01
8.582603931427001953e-02
1.464976221323013306e-01
2.020436078310012817e-01
3.523728549480438232e-01
5.470671653747558594e-01
1.626751124858856201e-01
1.082947850227355957e-01
1.013308018445968628e-01
8.210995793342590332e-02
1.225262284278869629e-01
1.909878104925155640e-01
3.667008578777313232e-01
7.890040278434753418e-01
2.562922835350036621e-01
1.714171320199966431e-01
1.096241623163223267e-01
8.919122815132141113e-01
3.219509124755859375e-01
2.019094675779342651e-01
1.417534947395324707e-01
1.625870168209075928e-01
1.474460065364837646e-01
5.871384143829345703e-01
5.409551262855529785e-01
7.769359648227691650e-02
2.845949530601501465e-01
9.762094616889953613e-01
1.015540882945060730e-01
9.066441655158996582e-02
6.888253986835479736e-02
1.213332340121269226e-01
2.463695108890533447e-01
1.628874987363815308e-01
5.008948445320129395e-01
1.664687395095825195e-01
9.331289678812026978e-02
4.848150014877319336e-01
5.001892447471618652e-01
2.325604259967803955e-01
1.236747503280639648e-01
7.387144863605499268e-02
1.065746396780014038e-01
1.063417270779609680e-01
9.595770388841629028e-02
1.294955611228942871e-01
1.675648093223571777e-01
1.483515352010726929e-01
1.211239621043205261e-01
1.513889431953430176e-01
9.018139541149139404e-02
1.186335757374763489e-01
1.114813312888145447e-01
1.278533786535263062e-01
1.348301470279693604e-01
1.950216889381408691e-01
1.784699112176895142e-01
8.718541264533996582e-02
1.099692806601524353e-01
9.740349650382995605e-02
4.877647757530212402e-01
5.826578140258789062e-01
4.096277952194213867e-01
1.996457874774932861e-01
3.630779385566711426e-01
1.515423357486724854e-01
1.124237999320030212e-01
3.421710133552551270e-01
6.015184521675109863e-01
3.166882395744323730e-01
2.612934112548828125e-01
2.879231870174407959e-01
1.134372577071189880e-01
2.249476611614227295e-01
2.808444499969482422e-01
6.629627346992492676e-01
2.633666694164276123e-01
1.234221160411834717e-01
3.856905400753021240e-01
8.039902448654174805e-01
5.341329574584960938e-01
5.371008515357971191e-01
2.093849480152130127e-01
4.861077666282653809e-01
9.508723765611648560e-02
9.944280982017517090e-01
1.061105847358703613e+00
9.998835325241088867e-01
8.941038846969604492e-01
9.355872273445129395e-01
1.033531665802001953e+00
5.217042565345764160e-01
1.240075230598449707e-01
1.707201451063156128e-01
4.690152108669281006e-01
8.409963250160217285e-01
8.776339888572692871e-01
8.227098584175109863e-01
7.873554229736328125e-01
7.136327028274536133e-01
5.658246278762817383e-01
9.226052761077880859e-01
5.459621548652648926e-01
5.182164907455444336e-01
7.617382407188415527e-01
3.225102126598358154e-01
4.370079636573791504e-01
5.732153058052062988e-01
1.222525238990783691e-01
1.003201603889465332e+00
6.397390961647033691e-01
2.029767483472824097e-01
7.361172437667846680e-01
1.033244252204895020e+00
2.080252617597579956e-01
1.017755150794982910e+00
7.723198533058166504e-01
8.442287445068359375e-01
5.761404633522033691e-01
9.267905354499816895e-01
6.707711815834045410e-01
2.394516617059707642e-01
5.516293048858642578e-01
7.221244573593139648e-01
4.297272264957427979e-01
5.135946869850158691e-01
8.149757981300354004e-01
8.475214242935180664e-01
9.027050733566284180e-01
1.013494372367858887e+00
7.936121225357055664e-01
5.986930131912231445e-01
9.998555779457092285e-01
8.060605525970458984e-01
7.677143812179565430e-01
1.006358027458190918e+00
6.248071193695068359e-01
5.468949675559997559e-01
2.340798527002334595e-01
8.871176242828369141e-01
6.987368464469909668e-01
6.805030703544616699e-01
8.538845181465148926e-01
2.315006256103515625e-01
7.040715813636779785e-01
7.937029600143432617e-01
7.557237744331359863e-01
7.907778620719909668e-01
4.031939506530761719e-01
1.025988340377807617e+00
6.482800245285034180e-01
2.967002689838409424e-01
3.123606145381927490e-01
5.884392261505126953e-01
9.711430072784423828e-01
2.831221818923950195e-01
1.106915101408958435e-01
9.698631614446640015e-02
9.084564447402954102e-02
1.672336310148239136e-01
1.092832460999488831e-01
1.408844888210296631e-01
1.434476822614669800e-01
4.758037626743316650e-02
8.039568364620208740e-02
8.316151052713394165e-02
9.972119331359863281e-02
8.450471609830856323e-02
8.096133917570114136e-02
8.747711032629013062e-02
6.167292222380638123e-02
7.017319649457931519e-02
3.427386283874511719e-01
1.202033534646034241e-01
2.541176080703735352e-01
1.397131234407424927e-01
3.018673062324523926e-01
3.145172297954559326e-01
4.804423749446868896e-01
6.713692545890808105e-01
1.198796927928924561e-01
8.685259521007537842e-02
1.077887490391731262e-01
9.988639503717422485e-02
1.005859300494194031e-01
1.002943217754364014e-01
7.220340520143508911e-02
1.194328591227531433e-01
1.184950694441795349e-01
1.188633590936660767e-01
1.586447656154632568e-01
9.079918265342712402e-02
1.081882864236831665e-01
8.555485308170318604e-02
1.428096145391464233e-01
3.319147527217864990e-01
8.902063965797424316e-02
5.299272015690803528e-02
1.480270177125930786e-01
9.513857960700988770e-02
1.666728854179382324e-01
1.256686002016067505e-01
3.572372794151306152e-01
2.506392300128936768e-01
1.047913804650306702e-01
3.277505934238433838e-01
2.683829665184020996e-01
1.227837726473808289e-01
1.130525693297386169e-01
1.568977087736129761e-01
3.138829469680786133e-01
1.364026516675949097e-01
1.432315409183502197e-01
1.988007575273513794e-01
1.409751921892166138e-01
1.055148094892501831e-01
2.128648608922958374e-01
1.361649781465530396e-01
9.248874187469482422e-01
6.210738420486450195e-01
9.802880138158798218e-02
2.839833796024322510e-01
7.846308946609497070e-01
2.699825465679168701e-01
9.077207744121551514e-02
5.134649872779846191e-01
2.241518944501876831e-01
1.388444304466247559e-01
2.170750945806503296e-01
3.636092543601989746e-01
1.485089957714080811e-01
1.639986038208007812e-01
1.318208724260330200e-01
1.619965583086013794e-01
1.198772862553596497e-01
9.515666216611862183e-02
1.373022347688674927e-01
1.782793104648590088e-01
1.301743090152740479e-01
9.485828131437301636e-02
9.124136716127395630e-02
1.314729750156402588e-01
9.034337103366851807e-02
1.298308223485946655e-01
1.115837171673774719e-01
3.408129513263702393e-01
2.608949542045593262e-01
1.127463206648826599e-01
2.335481494665145874e-01
1.144680902361869812e-01
2.741438448429107666e-01
1.098304986953735352e-01
1.109372079372406006e-01
2.390956431627273560e-01
1.208204403519630432e-01
1.014592945575714111e-01
1.477536857128143311e-01
8.661105632781982422e-01
2.880936563014984131e-01
1.074070855975151062e-01
1.032366082072257996e-01
1.519841253757476807e-01
8.368321061134338379e-01
9.868661761283874512e-01
8.871090412139892578e-01
8.074701428413391113e-01
8.429553508758544922e-01
5.766597986221313477e-01
1.387501209974288940e-01
8.616448640823364258e-01
9.998602271080017090e-01
9.019084572792053223e-01
9.100824594497680664e-01
1.399781703948974609e-01
4.837811291217803955e-01
9.553574919700622559e-01
1.021596670150756836e+00
1.640416532754898071e-01
9.470222592353820801e-01
9.160017371177673340e-01
6.679275035858154297e-01
7.739807963371276855e-01
1.000968217849731445e+00
7.969240546226501465e-01
1.918507516384124756e-01
1.082226783037185669e-01
1.168796643614768982e-01
1.702990829944610596e-01
2.045407593250274658e-01
1.118633896112442017e-01
7.593474388122558594e-01
1.505427658557891846e-01
6.616054773330688477e-01
1.185453459620475769e-01
8.940884470939636230e-02
1.791030466556549072e-01
1.128929704427719116e-01
2.445157766342163086e-01
1.246631219983100891e-01
8.704914897680282593e-02
9.274927526712417603e-02
1.608842015266418457e-01
1.588920652866363525e-01
1.193248778581619263e-01
2.191931009292602539e-01
1.475179195404052734e-01
1.036159321665763855e-01
2.038535326719284058e-01
3.501311838626861572e-01
1.016626358032226562e+00
1.160959899425506592e-01
2.947001159191131592e-01
8.710490167140960693e-02
1.821901947259902954e-01
9.319664239883422852e-01
3.717939555644989014e-01
1.106719896197319031e-01
3.130975663661956787e-01
1.394941359758377075e-01
2.627993524074554443e-01
2.051319330930709839e-01
4.581558108329772949e-01
2.076452821493148804e-01
3.095170557498931885e-01
4.223082661628723145e-01
2.332570701837539673e-01
8.056713342666625977e-01
3.945358395576477051e-01
1.329608857631683350e-01
2.623886466026306152e-01
2.213262617588043213e-01
1.782046407461166382e-01
1.384366303682327271e-01
1.269972473382949829e-01
8.150519430637359619e-02
1.119246259331703186e-01
1.380357742309570312e-01
1.623942106962203979e-01
1.248798668384552002e-01
1.202735155820846558e-01
1.468872576951980591e-01
1.943167150020599365e-01
3.067166507244110107e-01
7.375540733337402344e-01
1.795099824666976929e-01
3.747966885566711426e-01
2.060942649841308594e-01
1.804606020450592041e-01
3.817642629146575928e-01
5.821532011032104492e-01
2.030178010463714600e-01
1.128567755222320557e-01
1.414103657007217407e-01
1.323840916156768799e-01
9.237296134233474731e-02
1.106778860092163086e+00
7.151704430580139160e-01
4.140269160270690918e-01
2.401381582021713257e-01
2.967770099639892578e-01
4.501289129257202148e-01
3.321283757686614990e-01
2.829545438289642334e-01
3.573392033576965332e-01
7.915218472480773926e-01
6.794476509094238281e-01
3.346092104911804199e-01
9.968351125717163086e-01
6.062968969345092773e-01
4.946123361587524414e-01
4.121308922767639160e-01
6.209266781806945801e-01
7.923874258995056152e-01
2.792252004146575928e-01
3.261504173278808594e-01
6.867407560348510742e-01
7.429455518722534180e-01
1.213189721107482910e+00
1.212411895394325256e-01
1.032778918743133545e-01
1.436278074979782104e-01
1.057276606559753418e+00
1.096445083618164062e+00
1.101943135261535645e+00
1.133653521537780762e+00
8.080690503120422363e-01
8.766710758209228516e-01
5.525981783866882324e-01
9.127900600433349609e-01
3.329155445098876953e-01
8.560072779655456543e-01
8.723081946372985840e-01
9.039288163185119629e-01
9.438738226890563965e-01
9.015728831291198730e-01
1.063697576522827148e+00
8.929100036621093750e-01
9.137196540832519531e-01
9.522787928581237793e-01
9.156036376953125000e-01
9.577546715736389160e-01
6.249541044235229492e-01
3.545242249965667725e-01
9.175139069557189941e-01
2.186031937599182129e-01
9.687913060188293457e-01
6.747257113456726074e-01
9.426646828651428223e-01
8.696753978729248047e-01
1.175486087799072266e+00
1.062027454376220703e+00
8.716880083084106445e-01
6.917060613632202148e-01
8.778426051139831543e-01
8.719513416290283203e-01
9.194632172584533691e-01
9.114603400230407715e-01
9.610564112663269043e-01
9.078274369239807129e-01
7.722535729408264160e-01
9.202514886856079102e-01
3.513087034225463867e-01
1.017369627952575684e+00
1.150490045547485352e+00
2.907415926456451416e-01
1.121383070945739746e+00
9.940298795700073242e-01
9.268069267272949219e-01
1.028624653816223145e+00
1.750306636095046997e-01
7.427087426185607910e-01
8.229119181632995605e-01
9.980585575103759766e-01
7.726861834526062012e-01
8.860998749732971191e-01
9.144813418388366699e-01
9.852586984634399414e-01
1.009183049201965332e+00
7.388607263565063477e-01
5.392418503761291504e-01
1.022743344306945801e+00
1.113241076469421387e+00
1.034799814224243164e+00
8.504666686058044434e-01
8.706636428833007812e-01
8.980087041854858398e-01
6.526468396186828613e-01
7.971382141113281250e-01
8.305366635322570801e-01
7.195499539375305176e-01
8.661831021308898926e-01
8.370499014854431152e-01
8.102120757102966309e-01
1.847108304500579834e-01
7.073259353637695312e-01
8.251730799674987793e-01
8.500609993934631348e-01
7.548530101776123047e-01
2.435906231403350830e-01
1.000610113143920898e+00
1.041828513145446777e+00
1.066205501556396484e+00
9.836916327476501465e-01
9.901046752929687500e-01
8.022293448448181152e-01
7.865703105926513672e-01
1.069869518280029297e+00
8.543356060981750488e-01
7.526463270187377930e-01
8.430352807044982910e-01
6.952167749404907227e-01
1.507060378789901733e-01
1.120220661163330078e+00
9.474129676818847656e-01
1.038967370986938477e+00
2.892398536205291748e-01
1.041778802871704102e+00
8.251287341117858887e-01
2.626755535602569580e-01
9.907076358795166016e-01
9.726416468620300293e-01
8.834666609764099121e-01
9.467139840126037598e-01
1.067200064659118652e+00
2.224171608686447144e-01
3.066891133785247803e-01
1.139649003744125366e-01
4.109008610248565674e-01
4.730592370033264160e-01
4.813624024391174316e-01
3.677750825881958008e-01
4.860372841358184814e-01
1.464705616235733032e-01
1.052338182926177979e-01
1.593613773584365845e-01
1.137024983763694763e-01
8.580210059881210327e-02
9.790567308664321899e-02
1.160511448979377747e-01
1.043772026896476746e-01
9.986793994903564453e-02
8.676739037036895752e-02
1.239605993032455444e-01
1.290856301784515381e-01
2.884975075721740723e-01
1.294064819812774658e-01
8.273577094078063965e-01
2.986509501934051514e-01
5.187835097312927246e-01
8.368902802467346191e-01
2.684014737606048584e-01
9.380928277969360352e-01
7.578982114791870117e-01
1.425983309745788574e-01
8.294057250022888184e-01
4.756999909877777100e-01
9.495925158262252808e-02
9.493390470743179321e-02
1.304227560758590698e-01
1.258504688739776611e-01
1.417448073625564575e-01
3.585256338119506836e-01
1.026284173130989075e-01
1.617020815610885620e-01
1.349631249904632568e-01
3.782248795032501221e-01
3.832198679447174072e-01
9.331905096769332886e-02
1.168764010071754456e-01
1.183453425765037537e-01
1.370257884263992310e-01
1.909619420766830444e-01
1.723730266094207764e-01
1.393591910600662231e-01
1.528445929288864136e-01
2.564892768859863281e-01
9.202461242675781250e-01
3.073493540287017822e-01
1.222655698657035828e-01
4.026827216148376465e-01
1.729075610637664795e-01
1.511462628841400146e-01
1.783518046140670776e-01
2.940657436847686768e-01
6.080893278121948242e-01
4.313468635082244873e-01
1.647790670394897461e-01
3.811188638210296631e-01
3.169984817504882812e-01
9.509251117706298828e-01
2.570822238922119141e-01
1.041080057621002197e-01
5.246841311454772949e-01
3.995260894298553467e-01
7.008082866668701172e-01
1.074976027011871338e-01
7.975251674652099609e-01
9.035385847091674805e-01
1.845853626728057861e-01
1.056545972824096680e+00
6.350059509277343750e-01
4.305621087551116943e-01
3.822691440582275391e-01
9.815933704376220703e-01
7.572242021560668945e-01
8.855686187744140625e-01
2.921231091022491455e-01
4.628932774066925049e-01
8.743103742599487305e-01
2.687525749206542969e-01
6.939775943756103516e-01
3.308377265930175781e-01
6.276530027389526367e-01
8.076854348182678223e-01
4.923796653747558594e-01
7.497169971466064453e-01
4.038605093955993652e-01
1.279455274343490601e-01
1.959265172481536865e-01
1.125345975160598755e-01
1.250608116388320923e-01
1.083133593201637268e-01
1.174415722489356995e-01
