6.345172524452209473e-01
9.012227654457092285e-01
7.828839421272277832e-01
9.595946073532104492e-01
9.202384352684020996e-01
3.758954405784606934e-01
1.006965041160583496e+00
1.092043161392211914e+00
7.374059557914733887e-01
9.707183241844177246e-01
9.624253511428833008e-01
8.943294882774353027e-01
8.221135139465332031e-01
8.885845541954040527e-01
6.317448019981384277e-01
1.010035395622253418e+00
1.098480224609375000e+00
1.037878870964050293e+00
5.627139806747436523e-01
1.117389425635337830e-01
1.331431418657302856e-01
1.227842345833778381e-01
3.381865322589874268e-01
1.326367557048797607e-01
1.330416351556777954e-01
9.445385932922363281e-01
6.177914738655090332e-01
3.179280161857604980e-01
1.174338459968566895e-01
2.521871030330657959e-01
8.857373148202896118e-02
3.510350584983825684e-01
8.176253437995910645e-01
7.311558127403259277e-01
2.676101326942443848e-01
1.079472377896308899e-01
1.089630797505378723e-01
6.477615237236022949e-01
1.155506074428558350e-01
2.327474951744079590e-01
8.480390161275863647e-02
1.757072806358337402e-01
4.067206680774688721e-01
1.512657552957534790e-01
4.838236868381500244e-01
2.651395499706268311e-01
2.311263829469680786e-01
1.409388631582260132e-01
1.470089107751846313e-01
3.027816116809844971e-01
3.626608848571777344e-01
4.524796605110168457e-01
2.762327492237091064e-01
8.281074464321136475e-02
9.252906441688537598e-01
9.472362399101257324e-01
1.000777006149291992e+00
8.560858964920043945e-01
8.884042501449584961e-01
9.354268312454223633e-01
4.075347185134887695e-01
5.735010504722595215e-01
7.822675704956054688e-01
1.084272742271423340e+00
9.165996909141540527e-01
8.658824563026428223e-01
9.944821000099182129e-01
8.110662102699279785e-01
8.416738510131835938e-01
1.052959203720092773e+00
9.018577337265014648e-01
8.960568904876708984e-01
8.103890419006347656e-01
9.526590704917907715e-01
1.112738609313964844e+00
1.019609689712524414e+00
9.000771641731262207e-01
8.742766976356506348e-01
1.318174600601196289e-01
1.194465011358261108e-01
1.859822720289230347e-01
8.806735277175903320e-02
1.600104868412017822e-01
7.245101928710937500e-01
2.532536983489990234e-01
2.991672456264495850e-01
1.287529617547988892e-01
1.145927459001541138e-01
9.485728293657302856e-02
1.133223697543144226e-01
1.436263918876647949e-01
8.991526365280151367e-01
1.068035483360290527e+00
9.020854830741882324e-01
4.672756195068359375e-01
8.567033410072326660e-01
5.613825917243957520e-01
1.464005559682846069e-01
1.641810834407806396e-01
2.250540703535079956e-01
1.040531277656555176e+00
9.765273332595825195e-01
9.289244413375854492e-01
7.538707256317138672e-01
8.809590935707092285e-01
8.536862730979919434e-01
7.776710987091064453e-01
7.490932941436767578e-01
8.019434213638305664e-01
8.899627923965454102e-01
8.699612617492675781e-01
9.414058327674865723e-01
4.761572778224945068e-01
3.772049546241760254e-01
1.240556761622428894e-01
1.077494144439697266e+00
8.893789649009704590e-01
7.853387594223022461e-01
8.382218480110168457e-01
9.777490496635437012e-01
8.544450402259826660e-01
9.359697699546813965e-01
1.536797583103179932e-01
1.075783133506774902e+00
7.551557421684265137e-01
8.782554268836975098e-01
1.084305644035339355e-01
5.497729778289794922e-02
1.051049754023551941e-01
1.751222908496856689e-01
8.436024188995361328e-02
2.422854751348495483e-01
1.895962506532669067e-01
2.339262813329696655e-01
3.009167313575744629e-01
3.198714256286621094e-01
1.032247915863990784e-01
1.336390972137451172e-01
6.778994798660278320e-01
2.446888387203216553e-01
2.002558559179306030e-01
7.370601892471313477e-01
8.283092379570007324e-01
8.190939426422119141e-01
7.702960371971130371e-01
1.118609309196472168e+00
7.764859199523925781e-01
2.736824154853820801e-01
9.010444283485412598e-01
9.273709654808044434e-01
9.362553358078002930e-01
9.006410837173461914e-01
8.756656050682067871e-01
7.523525357246398926e-01
7.388411760330200195e-01
8.484920263290405273e-01
8.255770206451416016e-01
7.878501415252685547e-01
8.312860131263732910e-02
1.042577698826789856e-01
1.541966497898101807e-01
8.544128537178039551e-01
1.160368248820304871e-01
5.007620453834533691e-01
2.492189854383468628e-01
2.267929464578628540e-01
3.227235376834869385e-01
9.899291396141052246e-02
3.036654293537139893e-01
1.913111060857772827e-01
1.215693801641464233e-01
2.042571604251861572e-01
6.121206879615783691e-01
8.629873991012573242e-01
2.295321077108383179e-01
1.043400645256042480e+00
9.304795265197753906e-01
1.113660484552383423e-01
1.045509278774261475e-01
1.116354316473007202e-01
9.914384484291076660e-01
9.764509201049804688e-01
5.890914201736450195e-01
9.455210566520690918e-01
1.790249198675155640e-01
1.836500912904739380e-01
8.702462911605834961e-01
1.026943445205688477e+00
9.062011241912841797e-01
8.836600184440612793e-01
8.987971544265747070e-01
7.926116585731506348e-01
7.218474745750427246e-01
2.377219200134277344e-01
2.639049291610717773e-01
8.418599963188171387e-01
7.424868345260620117e-01
1.167885214090347290e-01
1.865939497947692871e-01
2.187798619270324707e-01
1.461777687072753906e-01
1.553181260824203491e-01
1.071711704134941101e-01
1.133694052696228027e-01
1.632172316312789917e-01
1.161407604813575745e-01
2.245962321758270264e-01
7.768290042877197266e-01
1.829945296049118042e-01
1.748207509517669678e-01
1.905187964439392090e-01
8.722819089889526367e-01
1.261585503816604614e-01
1.230355501174926758e-01
1.370541304349899292e-01
6.048163771629333496e-01
2.244212776422500610e-01
1.462311297655105591e-01
8.160092830657958984e-01
3.193911314010620117e-01
8.439123630523681641e-01
9.305791854858398438e-01
9.368841052055358887e-01
8.316021561622619629e-01
8.364735841751098633e-01
7.767619490623474121e-01
7.443458437919616699e-01
8.548955321311950684e-01
9.248809218406677246e-01
9.992953538894653320e-01
8.611291050910949707e-01
8.458699584007263184e-01
8.683865070343017578e-01
9.326251745223999023e-01
9.136857986450195312e-01
7.575697302818298340e-01
8.024378418922424316e-01
7.751525044441223145e-01
7.875741720199584961e-01
8.984385132789611816e-01
9.419810771942138672e-01
8.311585783958435059e-01
8.980839848518371582e-01
9.231236577033996582e-01
1.110614299774169922e+00
8.681635856628417969e-01
8.691252470016479492e-01
8.761351704597473145e-01
9.179239273071289062e-01
8.657738566398620605e-01
8.861644268035888672e-01
9.028322696685791016e-01
8.678532838821411133e-01
8.585985898971557617e-01
5.838925242424011230e-01
7.737562060356140137e-02
1.270119547843933105e-01
2.860645651817321777e-01
8.229613304138183594e-01
7.747360467910766602e-01
1.024218082427978516e+00
1.010867595672607422e+00
1.465036422014236450e-01
7.332968711853027344e-01
1.029669716954231262e-01
1.039687097072601318e-01
1.018505990505218506e-01
1.607828140258789062e-01
4.452900886535644531e-01
8.464168906211853027e-01
7.519502043724060059e-01
7.283927798271179199e-01
1.122232556343078613e+00
3.723860681056976318e-01
3.218604922294616699e-01
9.819746017456054688e-01
8.869480490684509277e-01
7.736035585403442383e-01
6.600275039672851562e-01
7.001617550849914551e-01
8.890780806541442871e-01
8.501766324043273926e-01
8.327370882034301758e-01
9.372539520263671875e-01
4.131650626659393311e-01
9.297509789466857910e-01
2.702325880527496338e-01
5.453419685363769531e-02
6.377004384994506836e-01
2.995560765266418457e-01
7.081705331802368164e-01
8.099861741065979004e-01
7.363836765289306641e-01
8.244471549987792969e-01
8.286800384521484375e-01
9.891217201948165894e-02
1.436419486999511719e-01
1.429712474346160889e-01
8.734752982854843140e-02
1.138584464788436890e-01
1.486043334007263184e-01
3.483101725578308105e-01
9.835285693407058716e-02
1.957993060350418091e-01
3.318651020526885986e-01
1.979040056467056274e-01
8.863093256950378418e-01
2.008272707462310791e-01
1.108291596174240112e-01
1.088620200753211975e-01
2.077401429414749146e-01
1.047429516911506653e-01
1.083552360534667969e+00
1.000545620918273926e+00
6.710461378097534180e-01
7.121101617813110352e-01
7.245675921440124512e-01
7.034173607826232910e-01
8.603109717369079590e-01
8.719912171363830566e-01
2.406328767538070679e-01
9.346007704734802246e-01
7.950513362884521484e-01
1.108098253607749939e-01
1.453515738248825073e-01
3.116073906421661377e-01
1.557560265064239502e-01
6.988365203142166138e-02
1.089664101600646973e-01
9.546197950839996338e-02
1.142886057496070862e-01
3.220882117748260498e-01
9.270549565553665161e-02
9.520545601844787598e-02
9.111400693655014038e-02
9.264612942934036255e-02
2.202356457710266113e-01
1.586126834154129028e-01
2.039911299943923950e-01
4.508702158927917480e-01
2.560855448246002197e-01
2.770705521106719971e-01
3.629473745822906494e-01
2.581076920032501221e-01
1.739851683378219604e-01
1.594142913818359375e-01
1.421475559473037720e-01
7.697654366493225098e-01
9.460088014602661133e-01
7.801506519317626953e-01
5.148274898529052734e-01
4.582634866237640381e-01
8.282914757728576660e-01
8.232504129409790039e-01
8.823023438453674316e-01
2.382870912551879883e-01
8.220180869102478027e-01
8.987969756126403809e-01
9.133520126342773438e-01
2.240980118513107300e-01
8.416066169738769531e-01
9.245801568031311035e-01
1.072745472192764282e-01
1.011309102177619934e-01
1.138478070497512817e-01
1.239020675420761108e-01
1.763500720262527466e-01
1.098138242959976196e-01
2.514703869819641113e-01
8.933550864458084106e-02
1.174482777714729309e-01
2.117073237895965576e-01
7.998633980751037598e-01
1.001205444335937500e+00
8.455500006675720215e-01
9.269034266471862793e-01
9.303483963012695312e-01
7.580238580703735352e-01
8.021677136421203613e-01
9.735775589942932129e-01
8.282800912857055664e-01
9.489752650260925293e-01
8.967766165733337402e-01
6.443904638290405273e-01
9.039828181266784668e-01
7.316182255744934082e-01
1.989526599645614624e-01
9.027732163667678833e-02
7.135167717933654785e-01
3.285036683082580566e-01
6.150540709495544434e-01
6.586061120033264160e-01
8.568617701530456543e-01
6.131244897842407227e-01
8.081187009811401367e-01
7.433782219886779785e-01
8.760223984718322754e-01
8.810581564903259277e-01
7.705708146095275879e-01
8.124097585678100586e-01
7.819119095802307129e-01
7.810268998146057129e-01
9.106524586677551270e-01
8.751241564750671387e-01
8.128982186317443848e-01
7.022284269332885742e-01
9.080008417367935181e-02
8.856126666069030762e-02
5.471536517143249512e-02
1.566168218851089478e-01
3.363303244113922119e-01
6.291643977165222168e-01
8.004851341247558594e-01
3.972842693328857422e-01
1.214543953537940979e-01
3.688983023166656494e-01
6.186165213584899902e-01
3.077987730503082275e-01
8.139865398406982422e-01
9.717876315116882324e-01
8.263555765151977539e-01
1.321732550859451294e-01
1.066078469157218933e-01
3.741065859794616699e-01
9.988401532173156738e-01
8.643204569816589355e-01
2.732111513614654541e-01
6.831654906272888184e-01
2.444872856140136719e-01
9.838199615478515625e-01
8.379676342010498047e-01
5.538726449012756348e-01
7.898164391517639160e-01
7.315346002578735352e-01
1.175437450408935547e+00
9.247276186943054199e-01
9.313380122184753418e-01
9.836089015007019043e-01
3.438756465911865234e-01
1.251316219568252563e-01
1.936814785003662109e-01
1.755400002002716064e-01
4.241027235984802246e-01
7.856507897377014160e-01
2.949597537517547607e-01
1.140572205185890198e-01
1.426035910844802856e-01
1.382785588502883911e-01
1.150696650147438049e-01
2.858811020851135254e-01
2.572222948074340820e-01
3.391898274421691895e-01
2.256085574626922607e-01
7.639775276184082031e-01
2.123493403196334839e-01
2.066002786159515381e-01
7.881398797035217285e-01
2.833927273750305176e-01
2.073940336704254150e-01
1.812298744916915894e-01
