0.135179996981
0.118688830612
0.113710440752
0.109407120136
0.107795918013
0.105994527614
0.104672199351
0.102923949858
0.101999718596
0.101700442023
0.100373077447
0.0999232284819
0.0996093463525
0.0980424288985
0.0987160238205
0.0979070046879
0.0972850711873
0.0968761673246
0.0969223431171
0.0966668014338
0.0961700939796
0.0960635832727
0.0953697236406
0.0957508018446
0.0956083184028
0.0947561275337
0.0952833766206
0.0947587720468
0.0942402465897
0.0946190524807
0.0947555931066
0.0934144008779
0.0943872349404
0.0942579477614
0.0939280753057
0.0937744617806
0.0934821314386
0.0926600633599
0.0934871163109
0.0935291200326
0.0930172290711
0.0929648706258
0.0926154939671
0.0928246242615
0.0926698885287
0.0924954312846
0.0926698727624
0.0933486822256
0.0918498972705
0.0926742513797
0.0921953853081
0.0919215104973
0.0921020470507
0.0922209221534
0.0921905244937
0.0915877180112
0.0919558573239
0.0910644721329
0.0913775216599
0.0913892149975
0.0913914122726
0.091696754541
0.0912981706919
0.0912091880263
0.0910037266684
0.0918359180033
0.091145211039
0.0913313148985
0.0912731615073
0.0913885264572
0.091856637035
0.0916836600355
0.0911833410408
0.0899627181117
0.0909684582166
0.0910392488333
0.0911252982246
0.0905558791963
0.0909220583063
0.0910854949855
0.0905508454561
0.0901283705469
0.0905397492582
0.0903038887882
0.0905256855769
0.0905235503262
0.0905469806392
0.0903257943898
0.0901361654023
0.0899915418913
0.090837539055
0.0898962849745
0.0905891527264
0.0896275315531
0.090785823284
0.0898107706853
0.0904023934295
0.0900012956241
0.0902279863038
0.0896478384959
