0.611535436712
0.623727784251
0.634322180062
0.64988229354
0.641315316615
0.647192699465
0.641685857832
0.644275283621
0.640379161972
0.650058024311
0.643681923231
0.650760627465
0.650794365912
0.641237776357
0.65377603023
0.646230746545
0.64608421698
0.647425814682
0.649092232188
0.655040378522
0.652641458618
0.658138905839
0.651312803682
0.649296902403
0.649498518708
0.652677552939
0.65250112413
0.652714636145
0.657900526262
0.649461086483
0.647747376981
0.659598471765
0.653867792988
0.649618900976
0.652132647939
0.65344353202
0.650849539906
0.65928022514
0.656206565385
0.647955944569
0.658739857379
0.646234789341
0.661193282326
0.649941161312
0.65192329506
0.660346156464
0.656383779486
0.659350145163
0.653965140041
0.655613321335
0.657662350278
0.65732615829
0.659835920626
0.65951043187
0.650207578702
0.667107573874
0.651102636427
0.658555721081
0.652623455085
0.655322065468
0.659011859064
0.657146064788
0.653294472072
0.649719098346
0.6535777296
0.651178169829
0.655044566743
0.662426858828
0.65115929375
0.651676858974
0.653520432411
0.652367130144
0.653138024567
0.654857667382
0.654025607481
0.651346483959
0.65381224089
0.658046794062
0.648327998199
0.652163565153
0.653056383343
0.653431752648
0.657915999411
0.655937733951
0.657499155085
0.652895427684
0.651961454406
0.656976470924
0.656425429016
0.653260326437
0.648759443129
0.658950635417
0.655938548328
0.652485592811
0.649060965955
0.647772622647
0.651558454477
0.650681574794
0.652121973792
0.657019312934
