0.603144830426
0.669872235992
0.657891190019
0.610036664384
0.599729510729
0.66055184465
0.677974873001
0.705040000419
0.683246912496
0.616999174571
0.698857633644
0.596873085852
0.617536255742
0.649674569413
0.660646777658
0.696442484383
0.676170069693
0.663709443333
0.676687140475
0.696649539557
0.68675989918
0.700482837892
0.656300305915
0.679481556413
0.698094882983
0.680454823347
0.667232115278
0.639689181651
0.691911527322
0.652705154478
0.672053019387
0.692413852076
0.667075231501
0.683291615938
0.65859993008
0.690417146809
0.624369512776
0.690868573044
0.680105979442
0.697994162085
0.675721610115
0.651334268315
0.682743831536
0.706986970561
0.667718210676
0.631904907606
0.688810789555
0.680459098823
0.677154447047
0.657162730418
0.688185872084
0.70369334195
0.690638540824
0.675660648232
0.699597349089
0.677066436237
0.684605932033
0.710815237213
0.679980478237
0.697270501487
0.703379574395
0.688608591554
0.677174224757
0.677442387239
0.682183395216
0.700366905609
0.673774756312
0.639934716106
0.663805074379
0.667515140128
0.684326397368
0.659309426348
0.68430400202
0.652417970493
0.684663374647
0.669868251365
0.65613173002
0.683121847564
0.687656643827
0.682065077974
0.687948132373
0.644269117629
0.636231834319
0.681938442459
0.698048434449
0.698860047688
0.679519890269
0.676806097584
0.668776550849
0.672954417613
0.694263824183
0.669447160648
0.667135728026
0.714402768414
0.70540309591
0.712754441696
0.698844836302
0.671839274693
0.680727406729
0.67055860979
0.666154928111
0.685629312195
0.695461480874
0.696852493766
0.685469025488
0.656216076137
0.663479672877
0.712973916109
0.636615434641
0.678029145364
0.649347742752
0.675180864251
0.69322639603
0.68842765459
0.661804704419
0.715327434534
0.683099917573
0.684187517124
0.70305271865
0.693563576904
0.668707677882
0.704633132202
0.674552660189
0.706086095863
0.675219343531
0.684333784924
0.703785657321
0.687607228637
0.663947008534
0.661455715089
0.676986220171
0.663269069348
0.692566838481
0.685790791382
0.691547268436
0.703318234409
0.658063314267
0.682961706281
0.688875648811
0.673138233978
0.675537561071
0.676932471335
0.691964839885
0.700247570396
0.692283464613
0.686817516304
0.689193779096
0.697537995017
0.668063680737
0.666480678631
0.684901201612
0.661049835758
0.646101377052
0.683371861088
0.669803421195
0.689784260084
0.686503952343
0.695874922271
0.668148434042
0.70229427255
0.657784535808
0.69556028217
0.685586761033
0.70568809853
0.658543970794
0.718837221883
0.662670677276
0.632751655365
0.695203934368
0.66940152649
0.717630258035
0.702689594074
0.664088622756
0.683242084408
0.692539876808
0.687668684963
0.65878813826
0.696080959475
0.689082558561
0.688952316522
0.692689489369
0.648864788521
0.715687068926
0.690469877675
0.660677723958
0.682961270008
0.674038846913
0.674836790264
0.657377318573
0.673532479363
0.682468223328
0.666917795111
0.681868987794
0.697422324498
0.679676890386
0.664835987521
0.698864323163
0.664115700768
0.671712755518
0.670063905272
