0.450152905199
0.543837517346
0.53186731271
0.502837018196
0.49942452005
0.542330780377
0.551567173885
0.581161101276
0.559752827329
0.513433380468
0.574929762688
0.501527983934
0.512139215044
0.533523828962
0.544189489267
0.570373719108
0.555607991191
0.546022469646
0.556516368128
0.572951674586
0.564724660814
0.57652105613
0.541127226711
0.558418972332
0.572103274559
0.55954611701
0.548171898433
0.528819675245
0.56896267385
0.538487557381
0.553202168239
0.569260808926
0.547571593412
0.56134290495
0.542926829268
0.567308231861
0.518545789231
0.568342245989
0.559328184127
0.574503680571
0.555270729793
0.534528039549
0.560517941402
0.583160463697
0.54970293075
0.523157944233
0.566208551483
0.55901814301
0.557273971908
0.54166870326
0.565805790694
0.57985120546
0.568187869429
0.554695424697
0.575668721202
0.557020232986
0.562822079371
0.586875773834
0.557996822092
0.573524275236
0.579521199885
0.565184800784
0.556487989091
0.556886851427
0.561002349256
0.576649399442
0.553366347066
0.528365384615
0.546443180684
0.549434037864
0.562314779891
0.542601569137
0.56163848429
0.537670226315
0.562920574365
0.551614347545
0.540865149888
0.557607514857
0.565606309215
0.560339274211
0.565690107654
0.532632874249
0.526901322863
0.560408575837
0.574322759898
0.575407050052
0.55844361259
0.55642608831
0.549714814244
0.552880346791
0.569197167251
0.550462466145
0.549082522812
0.590551181102
0.581480632592
0.588745095743
0.575356078172
0.551651477638
0.559230563719
0.551442430431
0.547628781684
0.563673208191
0.571760874622
0.573230151906
0.562836375742
0.540876197927
0.545473052064
0.589522380595
0.526290767329
0.556920295635
0.535810810811
0.555281798583
0.570007822103
0.565745370625
0.544249354855
0.592215072944
0.561243144424
0.563101823397
0.579294677629
0.570380661295
0.54945964114
0.580739870816
0.554235780441
0.582214462039
0.555101195714
0.56260938743
0.579923529076
0.565205613047
0.546331173723
0.544381657249
0.556598392533
0.544921573669
0.569614015877
0.563316858869
0.568736383442
0.579462948024
0.542579075426
0.561379310345
0.566511179025
0.553270834412
0.555225745977
0.556673373575
0.569242375256
0.576662068966
0.569191470458
0.564660485557
0.566781189607
0.574107985128
0.549098196393
0.547950798755
0.562928816467
0.543282972642
0.533474007289
0.561678113187
0.551050366996
0.567117018958
0.563687150838
0.572412624922
0.548402379323
0.57855361596
0.540246406571
0.572296811979
0.564006259781
0.581856883491
0.539615241931
0.595090920002
0.545372641273
0.524571905889
0.571920470954
0.54982280592
0.59414430969
0.578862906923
0.546801212905
0.560966236618
0.569674580323
0.565141421863
0.542264752791
0.573033106916
0.566739723098
0.566568285484
0.569722861212
0.535516494101
0.592108477889
0.568056146321
0.543660137268
0.561843127103
0.554138482987
0.553711884495
0.541924784157
0.554363700458
0.55984772142
0.547977713578
0.560870691889
0.574261648363
0.558752746678
0.547424935375
0.575271540323
0.546370459926
0.551608156401
0.551484999246
