0.143070686438
0.127651114761
0.123028869036
0.120653460739
0.118684728708
0.118571872415
0.11643127465
0.116367711081
0.116080117985
0.115126389272
0.114099607477
0.114252670814
0.11313814463
0.11284033758
0.112085901471
0.111165189503
0.111785678643
0.110722038376
0.110969779753
0.110120661609
0.110813125555
0.109489485514
0.1099217863
0.109426727604
0.109281966375
0.108674125687
0.108286769681
0.107904652453
0.108885188969
0.108313522258
0.10775687442
0.10735620063
0.107757138859
0.108201437394
0.107423046209
0.107626707169
0.107528400177
0.107409919008
0.106637596026
0.107383827834
0.106461644325
0.106641278689
0.106420704278
0.106899598914
0.106378704108
0.1056016166
0.106278144007
0.106373165642
0.106092687349
0.106335986006
0.10636243796
0.106192944048
0.105994843736
0.106240289703
0.105346402602
0.10590770522
0.104958509436
0.105630314584
0.105966708854
0.105647704405
0.104964111489
0.105407942256
0.105080858007
0.105424251479
0.105593522431
0.104938718159
0.104861758471
0.105074842192
0.104877570034
0.104183909475
0.10493257086
0.104818353956
0.105087836282
0.104943109505
0.104794837367
0.104391815556
0.10447026934
0.104249670948
0.10444607583
0.104481629038
0.103794375352
0.104356956624
0.103768731313
0.104724582199
0.103708088745
0.104105422884
0.103872963042
0.104047123001
0.103973013769
0.103684273671
0.103813417827
0.103682599987
0.104189774976
0.103405813413
0.103915424008
0.103953221021
0.10382451746
0.103737214612
0.104322739058
0.103954841199
0.10354429483
0.103942281515
0.1039471904
0.103636861357
0.1029387084
0.103944671825
0.103502122708
0.103790202961
0.103499391342
0.102932961873
0.103319824915
0.103603070738
0.103196712499
0.102781215829
0.103319984327
0.103723023232
0.103429108874
0.103237394856
0.103460198414
0.103103008979
0.103138144867
0.102709135705
0.103175552831
0.103365774426
0.102428480228
0.102763287993
0.10252401366
0.102636407172
0.10288249816
0.103091266659
0.103712009568
0.102530088647
0.103504425784
0.102907226692
0.102727216948
0.102881066108
0.102633885889
0.102550597797
0.102345288387
0.102899593308
0.103175374498
0.102422212207
0.102753628966
0.102131502897
0.102636886683
0.10309879595
0.102785827186
0.102732644232
0.102323286053
0.102113839401
0.102257181869
0.102623902881
0.102122417156
0.102951465374
0.102333989483
0.101777520728
0.102985372205
0.103114404788
0.102812098668
0.102719829311
0.102738382852
0.103371840042
0.10258746144
0.102388312385
0.101872897756
0.102961455936
0.103429295686
0.102539077866
0.101992924553
0.102706988596
0.102976039007
0.102014893368
0.103116308587
0.102577884438
0.101924846034
0.102741402467
0.102581921113
0.102462190183
0.102633858616
0.102198885914
0.102081901512
0.10238293295
0.102171456314
0.10269859061
0.10248943365
0.102240379626
0.102285468929
0.10211516924
0.103046840828
0.102052512813
0.102122741907
0.102709228502
0.102618550983
0.102076268208
0.10204819744
0.102209993881
0.101591320181
0.10197909142
0.102581297271
0.102057498263
