0.548198212021
0.543143710058
0.588962517869
0.575077553438
0.557281789176
0.574792102679
0.600016696286
0.602671284476
0.602210201508
0.598530378514
0.617979601667
0.609882139287
0.605941581221
0.620212113796
0.614188366114
0.61570197741
0.577060286298
0.628321289561
0.61380249288
0.61454644877
0.597429550042
0.626166678123
0.608812889305
0.617436864377
0.629187613811
0.610673480051
0.633443154626
0.615066211783
0.615869571021
0.601445396685
0.625586980426
0.606704678913
0.618430486414
0.625587093549
0.61445266285
0.621537813884
0.60446860512
0.62010619628
0.619676160466
0.633343568576
0.611292489745
0.616158662287
0.616919487234
0.613472687575
0.621924897193
0.626811274209
0.621497857428
0.598598386075
0.612982795921
0.611692462234
0.63493902616
0.636163738156
0.60960423007
0.630475290819
0.615623771629
0.631585899298
0.615353482795
0.620473188238
0.614189576189
0.625226354214
0.594698236956
0.606378095904
0.60358533297
0.624043000716
0.631731241935
0.613197129947
0.632362530629
0.612361547761
0.619913468769
0.616902618178
0.614264141463
0.633353993042
0.620186561684
0.613691532814
0.630079411331
0.612186107519
0.623780332267
0.620930404451
0.61505760757
0.606168499337
0.620467274984
0.62536214309
0.603802436798
