0.0701309437329
0.0667546962661
0.0646069986521
0.0624293075088
0.060581425829
0.0594815983073
0.0571075456268
0.0554194730038
0.053929941809
0.0527443324835
0.0517985228603
0.0518925327833
0.0502915215731
0.0501198838459
0.0493757922592
0.0489502734
0.0490715745078
0.048045677858
0.0476203215915
0.0474088577277
0.046841456965
0.0464748690875
0.0464348262682
0.0461068582114
0.0459535983089
0.0457159245752
0.0455101838663
0.0454816022098
0.0452061096019
0.0451178325184
0.0447789650014
0.0447800251193
0.0446076533592
0.0445892803832
0.0443982870702
0.0443666500936
0.0442549716541
0.0441632438897
0.04413247826
0.0439544652956
0.0438925908462
0.0440135321034
0.0439851718607
0.0437433638483
0.0435746407503
0.0436213809252
0.0435152258043
0.0434846680495
0.043484654247
0.0433445905193
0.0434237349187
0.0432316452901
0.0433354418787
0.0430728432866
0.0431668329649
0.0430593470684
0.0429462384235
0.0430477607825
0.0429625718057
0.0429204797094
0.0427804774469
0.0427883457436
0.0427644139101
0.042809751529
0.0428765763943
0.0425985912707
0.0427267842933
0.0427260303539
0.042809935783
0.0425326766812
0.0425025306915
0.0426135448993
0.0424924114262
0.0424693059394
0.0425136315001
0.0424821615225
0.0424806008183
0.0424900910406
0.0423920237881
0.0423979481153
0.0423015944402
0.0423565867632
0.042341177853
