0.205226515992
0.184827302632
0.357124714249
0.308220415537
0.241781754522
0.313083696522
0.387614678899
0.4054897068
0.399872904917
0.391856287425
0.444115250722
0.420491423273
0.412627006903
0.450270982862
0.439379457393
0.434160450601
0.31907166268
0.470455027953
0.431435079727
0.433585476551
0.382133180064
0.460243080978
0.414815977399
0.442078618225
0.470998009667
0.419276732016
0.479814319876
0.429003021148
0.433773570502
0.401101061738
0.459751643535
0.405894601954
0.445690672963
0.457724656928
0.432956871068
0.450793650794
0.406726386924
0.44662795891
0.442189747861
0.478960745552
0.42318974834
0.436289346247
0.437462144155
0.427846153846
0.447552447552
0.457181288298
0.447788008084
0.389961389961
0.430143431737
0.420426065163
0.480471523931
0.482027190547
0.413519517613
0.469162675954
0.432436575458
0.474460354777
0.42900395932
0.443957372837
0.427731352522
0.452265861027
0.373388773389
0.402076068445
0.393291680368
0.451646785205
0.478187919463
0.426386528658
0.471043598919
0.418530858321
0.445043426176
0.438413990653
0.4242043222
0.477834612106
0.443975267682
0.424394057858
0.467551407321
0.420870929776
0.451293588301
0.448245092207
0.433115203165
0.401267159451
0.445727136432
0.45384961729
0.400736471342
