0.0677126971238
0.0548206702216
0.0495181790862
0.0442855290106
0.0401834930178
0.037317340878
0.0360585940516
0.0345004810716
0.033424581346
0.0323530055842
0.0317135266876
0.0306578560195
0.0302950997195
0.0293531026246
0.0290554850644
0.0285514165789
0.0281191613352
0.0280367530519
0.027680034208
0.0274884442096
0.0271148377861
0.0269709469067
0.027071930552
0.0263616539412
0.0260611020399
0.0257661532551
0.025738054263
0.0257356685103
0.0254656801716
0.0252126187424
0.0252691891082
0.0251688227273
0.0247524286444
0.0246810791862
0.0251308124869
0.0246378916629
0.0248279265365
0.024682783303
0.0245697353957
0.0243181296892
0.0245294244295
0.0243633452178
0.023991437231
0.0239666640086
0.0242147901883
0.0239691345521
0.0235208661219
0.0237344044087
0.0237929842194
0.0232304701179
0.0233055541125
0.0233749159773
0.0236928717079
0.023208769544
0.0233093147074
0.0231808219834
0.0231399344814
0.023178060502
0.0230226093481
0.0231420202151
0.0231529654013
0.0232586852975
0.0234096626447
0.0229524086938
0.0234108540283
0.0228187313076
0.0227857707517
0.0229993134111
0.0229169763995
0.0225056543623
0.0224958349569
0.0225751129615
0.0224255438082
0.0224683377371
0.0225845732945
0.0224062841757
0.0224690128961
0.0223058771993
0.0223644542741
0.0219155318706
0.0223193968131
0.0222169034855
0.0227450800324
0.0220828152155
0.0222502072074
0.0220122683888
0.0221848296897
0.0222816507809
0.0222419845019
0.0220049510133
0.0220763282618
0.0223872454863
0.0224134184408
0.0238924938463
0.0226442268414
0.0224520044759
0.0226652306581
0.0226558901923
0.0226308748743
0.0222271151659
0.0218442344403
0.0217554009923
0.0219275652564
0.0221338331053
0.0216859627022
0.0218412825632
0.0219547959172
0.0216414671105
0.0266190690724
0.0230566628751
0.0229267782617
0.022317795125
0.0223083148765
0.0219345780941
0.0216892961574
0.021918265634
0.0218666183204
0.0216461731762
0.0218540686931
0.0213040732759
0.0214518739037
0.0217396534652
0.0216982786094
0.0216594812794
0.0220367876719
0.0221933339431
0.0224692980041
0.0219695412894
0.0220714708563
0.021587485789
0.0213142389367
0.0215875391713
0.0221196096387
0.0224373740068
0.0213112018283
0.0219027521665
0.0215572331756
0.0216066854786
0.0215116133271
0.0216376189077
0.0216996438364
0.0215123250004
0.0215921388309
0.0215054908921
0.0214385260701
0.0212651383076
0.0213791446431
0.021348056449
0.0212178646239
0.0215197716847
0.0213281789947
0.021212239063
0.0216644716275
0.0214939669697
0.0208893916398
0.0213997922476
0.0213970875941
0.0212833983978
0.0212670309244
0.0212698472868
0.0210299120833
0.0213069403665
0.0214636084615
0.0212638014774
0.0216047864404
0.0210279166229
0.0217314430289
0.0217545088043
0.0223332694839
0.0216212507336
0.0213184896607
0.0213954351942
0.0214494042858
0.0342214578038
0.0325188671306
0.0425719896793
0.051987989534
0.0467096182303
0.0469136896791
0.047334007927
0.0503230871741
0.0502540104863
0.0494294936476
0.0471490284239
0.0454670249057
0.0459680680636
0.0470416527851
0.0450982977941
0.0478428329343
0.0465510610224
0.0456591495608
0.0444605964433
0.0446998612125
0.0395405397539
0.048791205227
0.0441586277543
0.046881270645
0.0455636421109
0.0479035645023
0.0462468254487
