0.590928022514
0.631970813917
0.691532726003
0.717866281738
0.740586013552
0.771537722783
0.767915958693
0.78921710516
0.771641497591
0.793632449871
0.800305100264
0.797710613708
0.815198297721
0.77943696931
0.800190302291
0.819192028187
0.78053687176
0.798277768632
0.803697035728
0.801769348854
0.797706832675
0.795943707983
0.82264908467
0.801439671876
0.819422060407
0.820970102501
0.829367340136
0.800255452395
0.821257780929
0.821989730715
0.804547797199
0.807878363592
0.813883894371
0.811235571724
0.803635724827
0.810894493478
0.820636848084
0.815393748033
0.806329739801
0.820437238636
0.808629334881
0.821740502482
0.809545217372
0.793169040671
0.807330201087
0.81082919795
0.815692624136
0.815750095835
0.795763643566
0.816141083714
0.802152367479
0.816367334901
0.823633752873
0.813730471693
0.816635671892
0.802236771766
0.817053156086
0.810607047729
0.816961567837
0.830218130692
0.809234881831
0.80209489578
0.803183396961
0.813879938829
0.807698037411
0.817486375194
0.812492503375
0.808836273717
0.828447443935
0.818958098594
0.811798829276
0.782173390022
0.817497980056
0.827837941443
0.815520296293
0.822434292921
0.828309581661
0.809882689094
0.827082985527
0.814910822887
0.817992306471
0.800722933477
0.813032987475
0.824917791621
0.82702176188
0.818938902581
0.831570780644
0.825615014074
0.808675521652
0.822687127677
0.820625214137
0.806598076792
0.818689819773
0.804900451223
0.832467816139
0.794487428648
0.809468636914
0.818072697046
0.796261809183
0.831459967297
0.802328796288
0.825688191602
0.818785741667
0.820671575417
0.826638656
0.836603102657
0.819095931783
0.824745085675
0.806011464092
0.81185627189
0.822575878058
0.821127364382
0.830923525993
0.797951989027
0.827393437407
0.818839577758
0.811331406364
0.821778923592
0.835365308849
0.822637537978
0.832249388782
0.80404573421
0.814501017098
0.822487983587
0.814654236182
0.834084992964
0.835384010419
0.829666303494
0.814527746091
0.826247493612
0.797879102348
0.829762225388
0.788435798353
0.835483887856
0.824492250919
0.80056575885
0.826627022053
0.829516894527
0.810227635627
0.816221794222
0.838634506171
0.8140679725
0.810990386288
0.842719679461
0.836097374974
0.81974394264
0.804769976505
0.812845041059
0.819678676196
0.812465861636
0.814309493243
0.822913320695
0.840887798142
0.811431051121
0.815873153911
0.797752757682
0.809898133159
0.80616142567
0.837775862701
0.805459985911
0.83180491383
0.819046400253
0.819502392812
0.840692493254
0.799312666402
0.810308055287
0.83656846258
0.816930737877
0.831985123672
0.834426245719
0.820506489707
0.812450475741
0.84112934797
0.711032355752
0.680735695917
0.585013440117
0.590202849503
0.655735914053
0.647063300888
0.603041840909
0.629827200983
0.607422283779
0.62010069763
0.638021746174
0.630007992522
0.613412399577
0.603019329222
0.656675093522
0.615325776697
0.641489942162
0.639715503456
0.614317171648
0.646216291365
0.640773843629
0.63853125489
0.631111821428
0.63994579744
0.589236650191
0.613600724097
0.590808018349
