0.317022742936
0.431859700402
0.557219251337
0.603387080418
0.641328265653
0.686120463898
0.681179907643
0.706872121856
0.689469120339
0.715350759005
0.725896557938
0.724832214765
0.74194665743
0.700781398895
0.728289775332
0.749715286903
0.701761030108
0.724650908095
0.73181777013
0.730741012472
0.725559046387
0.721257539755
0.755134281201
0.729210310593
0.751235003529
0.748141184514
0.759153852689
0.72832263978
0.752160628546
0.751905751906
0.731895777179
0.737031376427
0.742882327016
0.739372514361
0.731888657177
0.739257552937
0.750521557719
0.742021966618
0.731235718052
0.745459153502
0.734841151104
0.74987133299
0.734505571031
0.719153281961
0.734788418708
0.737081402466
0.741428203145
0.741249142073
0.721935958778
0.742689554041
0.727810120914
0.744916659394
0.751491392535
0.740889276373
0.746119442252
0.729161022307
0.742603044296
0.738856889677
0.748514148851
0.759489390481
0.735601864064
0.727974161134
0.730087300873
0.741024747299
0.733933615819
0.745196468755
0.738672928081
0.734808570425
0.756820677422
0.747210931419
0.738136775994
0.70415879017
0.746853146853
0.754180602007
0.743275006529
0.752182556833
0.758426486902
0.737915742794
0.754250126241
0.74112464369
0.746291959407
0.727602795679
0.740688809044
0.755012477412
0.755710282755
0.746680462149
0.757118098539
0.751066142654
0.737785746302
0.750683994528
0.748390419779
0.732379438262
0.74690663667
0.733182844244
0.761528769425
0.72068072512
0.735430724739
0.744969905417
0.721643835616
0.762285325625
0.72989391604
0.75678010019
0.748689269486
0.754331408263
0.757688000689
0.765282392027
0.745262079563
0.751052720229
0.728452751817
0.737536911586
0.748941216331
0.750280923157
0.763633235851
0.724071878136
0.754821864735
0.751621789745
0.739796370075
0.751406074241
0.765968189851
0.754324654901
0.761752316765
0.731312404426
0.744854506742
0.752796323593
0.74375219993
0.760670354165
0.758626262626
0.759870660313
0.743364387414
0.753415415753
0.723037882907
0.761749291176
0.712564222326
0.762344406891
0.752532561505
0.726845151954
0.755487493619
0.760698390962
0.738570794496
0.746234475469
0.769914472581
0.744877961874
0.740562248996
0.768695933382
0.767555705604
0.750767611194
0.730601724291
0.738243430152
0.748914742143
0.741415929204
0.746257954647
0.752064693737
0.768112390754
0.739888485707
0.747748551048
0.724685577894
0.739644970414
0.735659265972
0.76648989062
0.733591428829
0.762933968686
0.749693036309
0.748934689973
0.77047958254
0.727473538886
0.737715041906
0.762873073139
0.745830786693
0.76445891526
0.763529903806
0.749567324334
0.740558147724
0.769990941283
0.591331572253
0.54008097166
0.333333333333
0.343399482312
0.492781520693
0.469027569501
0.378939912643
0.447663353775
0.393734994855
0.416992862077
0.45707349371
0.437364394199
0.411303675902
0.365807668133
0.492626979792
0.395411938826
0.468003820439
0.463892157912
0.407479192794
0.467343641819
0.458366556555
0.461274035879
0.438968481375
0.459672933585
0.352637143193
0.400517707966
0.356087262491
