0.579065002935
0.579945081952
0.594676771138
0.647171002154
0.728259526603
0.741624052488
0.762558351516
0.776995818178
0.783020981242
0.770621491274
0.782101521313
0.778080887344
0.793514074458
0.780905871479
0.793936793928
0.798278815687
0.78499977023
0.801790115449
0.799214272294
0.802380276504
0.804694617613
0.798233501463
0.801123024919
0.806330408753
0.810033726813
0.797547302175
0.802426346935
0.805384685188
0.806032405196
0.808737995948
0.80806052212
0.809382080348
0.815479897412
0.816460784582
0.813149326947
0.808309575844
0.811666754891
0.808152633897
0.814862716515
0.804446552774
0.818775794642
0.814077512336
0.812103231503
0.815453401097
0.82409899442
0.813268225887
0.814200512243
0.812812756856
0.812705637287
0.815583468626
0.803998558554
0.815185471294
0.816963952796
0.819757467104
0.822409279934
0.822915094872
0.820864989788
0.820623207281
0.813564280757
0.818339463454
0.815208099321
0.816905812145
0.816718651021
0.818059608855
0.819477554335
0.819849491626
0.816285228319
0.816725747728
0.81152167957
0.816205128593
0.824095795084
0.815952032072
0.818665301229
0.816599257638
0.808425159109
0.811789987476
0.808907531643
0.81460301773
0.820297660355
0.81852746804
0.811950332353
0.820979555083
0.805320000442
0.812965568752
0.772528789656
0.800476002948
0.779883422032
0.790376893352
0.805033020051
0.801963344923
0.802499233614
0.808612785592
0.813790153842
0.812023277201
0.820937643788
0.813211655819
0.816856687804
0.818546256865
0.822390403855
0.81228777499
0.816706609885
0.805734721573
0.813146011272
0.819362407343
0.810325826141
0.822348114457
0.807171746727
0.821509045103
0.818029011574
0.809444612814
0.812338033642
0.815848024585
0.819519552884
0.812801588266
0.808938536112
0.816199980571
0.821271479902
0.814882348801
0.815622093331
0.814587282816
0.812997125833
0.815732732169
0.819462081185
0.819163234168
0.822079602957
0.811575137557
0.814851722435
0.813690596339
0.816284501197
0.812234084324
0.819623647626
0.820834479762
0.808160341387
0.813789223126
0.813678846052
0.808367338391
0.810015345176
0.811575108472
0.809160453654
0.813836369697
0.817480732729
0.812031246455
0.806868827827
0.81049777588
0.807508811261
0.809386384908
0.8071677621
0.81822030275
0.810421428102
0.811360403977
0.809762190486
0.814092287449
0.813406873452
0.817542072716
0.814387673368
0.819818952514
0.818075256514
0.806887849331
0.807075650323
0.81539229379
0.808723686193
0.812436805853
0.813560383385
0.814560495653
0.813237512267
0.814560699247
0.81210835044
0.801154611086
0.801572269789
0.813744054326
0.797574380187
0.804652880827
0.798491018884
0.801932689472
0.796544106911
0.807561222193
0.79799305686
0.801407445843
0.799280411283
0.797221929758
0.779515469369
0.773839411974
0.782106494826
0.782784957539
0.79750986995
0.790550326419
0.782585726194
0.772449358882
0.758038272196
0.779654582292
0.773859422363
0.761633249123
0.798341319069
0.800345964504
0.786828452214
0.786066108741
0.786054562049
0.800150688701
0.784019115739
0.798582461708
