0.145067494017
0.135939892166
0.133017166838
0.12420096153
0.114013187717
0.106313951923
0.101146840513
0.0961779078992
0.0931222984078
0.090518138047
0.0887292203435
0.0860161798391
0.0837261285305
0.0822000196721
0.0817959524126
0.0799863922359
0.0787410862484
0.0785129162438
0.0780651459731
0.0766164065784
0.0793436689225
0.078714819294
0.0770476450796
0.0755312042481
0.0760112688716
0.0748092926505
0.0703683388829
0.07003224941
0.0698306511066
0.0693531109723
0.0695454505751
0.0701904371322
0.0698032969082
0.0685087218415
0.0682546616592
0.0684584317969
0.0675764450041
0.0668244220115
0.0664026092313
0.0658170859232
0.065369398944
0.0652281685669
0.0640267105531
0.064264768032
0.0643313197232
0.0635838473273
0.0637820368943
0.063091608773
0.0636655642945
0.0631867647617
0.0629684921861
0.0631268309203
0.0618898010473
0.0619121726771
0.0616688888538
0.0607519542227
0.0610279452493
0.060987933257
0.0604827167528
0.0606501543433
0.0610480134124
0.0611083509478
0.0605012606836
0.0599636702774
0.0595028958382
0.0602421830031
0.0594702814263
0.0596578563701
0.0595866107847
0.0589477028888
0.0587444091583
0.058655815513
0.061285096473
0.0613906251602
0.0613879677404
0.0605145363644
0.0607507269637
0.0601723263221
0.0599874175127
0.0596984406746
0.0601160831135
0.0601030093238
0.070148154039
0.0790549157126
0.0773018888748
0.0759316678863
0.0765033963587
0.0773897123655
0.0742822417244
0.0751955908986
0.0745335282584
0.0598367182898
0.058563454968
0.0581430164018
0.0588969562149
0.0590687893511
0.0579695765992
0.0585376856472
0.0577966493668
0.0568145399161
0.0578615308112
0.0564702345795
0.057047667453
0.0576352187931
0.0564853748894
0.0569234678658
0.0560999746152
0.0574019801312
0.0569884186148
0.0570946074511
0.0566670102402
0.056944017075
0.055959590558
0.0563670680337
0.0556224301434
0.0564309290435
0.0564497935695
0.055504886227
0.0563449547485
0.0565197906568
0.0550051040791
0.0553943009046
0.0561599619379
0.0550692380202
0.0564338106159
0.0548664513165
0.0565911085311
0.0558980420175
0.0553530038922
0.0553552266273
0.055108512892
0.0555787023634
0.0551845942579
0.0549283743529
0.0554528911215
0.0555330570381
0.0545826747553
0.0550119205051
0.0555148764404
0.0553467675236
0.0547709246903
0.0543923209763
0.0549598168149
0.0541116177359
0.0534440701458
0.0544420790843
0.0542090810458
0.0539159903147
0.0543141909665
0.0548143842016
0.0536386151814
0.0541074271212
0.0533949301292
0.0528513974308
0.0532470911362
0.0538571304566
0.0536964358093
0.0535323169314
0.0543462831447
0.0537438843649
0.0532870956373
0.0536379987881
0.0539158107457
0.0541404567785
0.0555766845695
0.0574269666747
0.0580911883248
0.0595535941197
0.0595832684855
0.0581133099644
0.0604408242393
0.0769959223725
0.0744178248674
0.0741041017084
0.0742967924671
0.0739316560392
0.0741559535188
0.0738748350265
0.0736322086475
0.0719163694185
0.0730548225223
0.0731034980507
0.0716831617517
0.0727971528416
0.0721571851701
0.0716827520308
0.0867978895134
0.088881588345
0.0812674266195
0.0796531920369
0.0794280689717
0.0791451173961
0.0778632189805
0.0777109666032
0.0775030395468
0.0794127140985
0.0773809775212
0.0779721600834
0.0773508062116
0.0762110314234
