0.452683872531
0.430210873619
0.457066488473
0.521855594789
0.607508073197
0.623030961434
0.649172046029
0.665782493369
0.674686788155
0.654685835996
0.676287451469
0.669936526255
0.68216633905
0.675795706884
0.691711565429
0.693953755565
0.686266864228
0.703915662651
0.697715419085
0.704022773241
0.701440137565
0.700090881551
0.701021768103
0.696813559322
0.710341805434
0.697726592881
0.704862419902
0.704094247691
0.704932343955
0.705823579789
0.714176245211
0.708559831848
0.716997663551
0.71539947071
0.710807347287
0.713763145862
0.715773698014
0.715712847518
0.714915768925
0.711713818097
0.719227443067
0.719146698716
0.711680416848
0.720581621946
0.722097272983
0.711818246972
0.723364775012
0.717701910062
0.719731112978
0.718088235294
0.715889813394
0.724313483493
0.728308364544
0.726208345842
0.725271521248
0.724851642785
0.726339285714
0.722367275892
0.722372383968
0.725241545894
0.720125786164
0.720651369356
0.727825409197
0.724052532833
0.724355641388
0.726807228916
0.723288086752
0.721196784757
0.721965000392
0.727770820288
0.729137460341
0.725711633663
0.726403641882
0.720892193309
0.720788587915
0.72259789275
0.71523787635
0.724824902724
0.724494315665
0.72791465193
0.715726559582
0.721850010806
0.708679245283
0.712673611111
0.673073816831
0.707135583927
0.681388513782
0.692731362966
0.713299874529
0.712166172107
0.70562376838
0.719001737482
0.719776062944
0.717174766073
0.724535507087
0.721652663224
0.728768411156
0.723562704796
0.728546932081
0.718018632129
0.721455738683
0.71800661237
0.7161170804
0.722328104384
0.719556907715
0.726977567887
0.717453278429
0.72917923959
0.724749189108
0.721835771968
0.723076923077
0.719549262362
0.722605251577
0.721402641539
0.71916134626
0.713217661165
0.72957404881
0.719975995799
0.721427495859
0.720126496499
0.722511461652
0.71605295522
0.722732280573
0.723464100666
0.724082934609
0.719722115014
0.720324958628
0.720676777685
0.715370290789
0.717576856258
0.729892141757
0.728066872505
0.716195212931
0.710063335679
0.71784914115
0.716857610475
0.718718407341
0.719390112429
0.715213570719
0.722397719393
0.721649484536
0.720606435644
0.715448426984
0.714029314987
0.71554206553
0.713404543403
0.715715402658
0.721145374449
0.717253008354
0.718243036425
0.716132486805
0.713268608414
0.719099425808
0.72192513369
0.716468341413
0.728212927757
0.727804727805
0.713898986774
0.714164152549
0.72294669412
0.716341689879
0.713470820535
0.72161622369
0.720556017224
0.71125704904
0.722887864823
0.726118743472
0.71054313099
0.71001980198
0.718517962949
0.700137341676
0.705412008588
0.707927565392
0.712188076707
0.706006151854
0.702969598646
0.710374402111
0.709575393374
0.707577204712
0.701174289246
0.680729579699
0.67374301676
0.68564535585
0.687353155635
0.7066591513
0.702689033128
0.687688421739
0.68218155978
0.657863145258
0.691585504957
0.681001118087
0.662791691598
0.70529722902
0.709889405353
0.693498452012
0.695966386555
0.695448460509
0.711737395129
0.689503661513
0.702407507115
