0.415940224159
0.506599334328
0.507305669199
0.48402594283
0.591248444629
0.52318640955
0.547666889931
0.57275439178
0.5657953035
0.626583592939
0.63167587477
0.649376759148
0.607120152575
0.667522211254
0.607554072958
0.624132856843
0.70025426123
0.712729869666
0.689784442362
0.646034023365
0.705982582355
0.698879817733
0.711851851852
0.678813221824
0.725599504469
0.730674196964
0.720647773279
0.703139866794
0.718980427856
0.669992019154
0.699981283923
0.725433526012
0.692825543374
0.694407072843
0.701067951989
0.703327693175
0.719905083508
0.737296345222
0.743542123924
0.676987614862
0.696876796321
0.72533572068
0.677538033211
0.703296703297
0.712950850308
0.702517162471
0.727139989049
0.721426591518
0.700477554919
0.716746681728
0.710464127044
0.732297687861
0.720771318918
0.747492521556
0.642209484106
0.694200351494
0.674341108755
0.750125944584
0.73982802943
0.736286554767
0.699066499856
0.667820773931
0.729505959421
0.695963604685
0.718284467217
0.721679334057
0.725897576089
0.709885931559
0.721653323403
0.715761539191
0.718883924501
0.717044815301
0.721031635588
0.730448950036
0.714765727086
0.729394734461
0.708877531705
0.6947265625
0.662914449447
0.719506495934
0.719078152588
0.713114754098
0.719412420974
0.712081784387
0.721535338623
0.646557104223
0.704075829384
0.713519616145
0.693080901727
0.720910702622
0.715310781847
0.699990368872
0.731750219877
0.704219936557
0.721378288255
0.670378619154
0.691367680125
0.712468193384
0.741175440133
0.732084394325
0.720007399871
0.722257393506
0.70343770947
0.720894018503
0.702702702703
0.695131527287
0.7249561444
0.730814320498
0.726689282112
0.729805013928
0.735791366906
0.640917701537
0.705308464849
0.71782499768
0.727891156463
0.725886459673
0.681413271945
0.733180778032
0.714393796104
0.694941634241
0.716314057358
0.729356129502
0.713645697219
0.724504768892
0.712639334971
0.724767293302
0.729382138682
0.737149946827
0.725437540513
0.72208367969
0.678754910849
0.694452540562
0.688534221091
0.699129754571
0.671105730428
0.728508017031
0.729838709677
0.731587561375
0.712099610303
0.71449869549
0.718909394417
0.671938361719
0.711995473406
0.676594888308
0.700932763311
0.695330018524
0.739947322212
0.687407113841
0.741294861519
0.708505526189
0.71073286052
0.70147384645
0.743834664814
0.713571630671
0.704257989765
0.71664167916
0.720938967136
0.716287878788
0.727372362773
0.698381939735
0.715303825956
0.727876106195
0.691257911392
0.710971068462
0.716142399699
0.712648034107
0.726165205353
0.735190695158
0.68400675072
0.721474931803
0.730602053084
0.69402546523
0.683448959366
0.716152243893
0.673125956145
0.688725975827
0.697201017812
0.692819409118
0.700538876059
0.738516532618
0.729547114682
0.743889479277
0.687007874016
0.735638393661
0.723273942094
0.718694967096
0.721898956313
0.675802740822
0.738620199147
0.711344137274
0.730123388069
0.714489311164
0.709781883989
0.737839771102
0.723862581244
0.729859571323
0.657766739108
0.717452564343
0.68680445151
0.739320431642
