0.625976742576
0.666218769396
0.667272892263
0.656756356643
0.710618972525
0.674807705396
0.686995253931
0.700302075438
0.696580608421
0.730824637443
0.734174225339
0.745162226668
0.719388234706
0.756824764253
0.719399868653
0.729123056331
0.779996416744
0.792440435645
0.77372234538
0.742448899341
0.783200551216
0.778532429919
0.788723156848
0.763118031629
0.801857126985
0.805540260147
0.796986022394
0.781023665194
0.794816872946
0.757748528742
0.780299132049
0.799776221026
0.773837579627
0.77486855094
0.780237908402
0.782073687095
0.795188664813
0.810212220647
0.819176293273
0.761845626828
0.776616202482
0.800554153988
0.762431977765
0.780130788834
0.788658093999
0.780475619028
0.799906637574
0.795058480944
0.779076724136
0.790432678129
0.786128670292
0.80429106507
0.7934719014
0.817199103953
0.739635898173
0.773634596334
0.759664959773
0.824453771638
0.811220273084
0.811407812312
0.777643392761
0.755399314877
0.801738606148
0.775317039603
0.79071637193
0.797139386903
0.799235911435
0.78531237439
0.794525820673
0.789233130922
0.794606094909
0.790969206687
0.794437635354
0.802861514728
0.789907521754
0.80221379472
0.785032548876
0.773941209011
0.752302590822
0.792801175261
0.793038740462
0.789029827695
0.793211213729
0.788558391072
0.795253931256
0.742188415264
0.781901301082
0.788443534928
0.772986876326
0.793843635097
0.790390417816
0.778156973359
0.806605697028
0.780912619168
0.79480171973
0.757200598916
0.771825604805
0.787638698464
0.813420077982
0.803467119848
0.794046676559
0.797560972063
0.780720949889
0.795499145777
0.779931470234
0.773833944019
0.797396380795
0.803467032593
0.799170819501
0.803156551628
0.807031354069
0.738566680259
0.781970377644
0.792368014324
0.799695917706
0.798469466997
0.764352189829
0.803540006527
0.788558565581
0.774343598159
0.79025636566
0.801684944567
0.789194651642
0.797729751551
0.787550571314
0.798362085664
0.802788628049
0.809453425528
0.797430904534
0.795514560757
0.762401438654
0.774132791036
0.770001285551
0.776528249841
0.757809955983
0.801508603013
0.801255768256
0.80316050717
0.786703619961
0.789880676421
0.793111539887
0.758039959118
0.78728610261
0.76119031567
0.778088071307
0.774424105073
0.812331634971
0.768556494738
0.811707066518
0.783576298625
0.786266648906
0.779057644463
0.816183314942
0.788271090747
0.780598386255
0.790762238767
0.793303296421
0.789635549154
0.799979466083
0.776731291304
0.78985007914
0.799423828767
0.770990200145
0.785626694557
0.790011092969
0.787312977028
0.798208895665
0.806368335421
0.766394907356
0.793483448093
0.800868765004
0.773312685016
0.766164933305
0.789566559848
0.75841178007
0.769353681883
0.775294149812
0.772661125805
0.778559391591
0.809488007436
0.801420534033
0.814048747402
0.768740398358
0.806801409104
0.795848047853
0.793023383652
0.795395749072
0.761056118089
0.810101174621
0.785990778933
0.800259407937
0.788229004943
0.785086268627
0.808982105244
0.796173827458
0.800489323818
0.748814995227
0.791065041327
0.768012287775
0.81023918232
