0.063556122009
0.051571194634
0.046681802825
0.0444539486494
0.0434007441555
0.0421581871969
0.0404765807324
0.0400496220117
0.0387345118675
0.0386461667906
0.0379974008977
0.0376014017138
0.0373192537487
0.0363715460054
0.0363505828041
0.0362150969925
0.0360478026511
0.0359759902733
0.0354384628069
0.0351363333341
0.0351859862555
0.0346462054329
0.0348958198781
0.0347126675286
0.0345505998536
0.0342608736041
0.0345118001214
0.0339608311976
0.033782686353
0.0339661389478
0.0338769137276
0.0338553827266
0.0335160348191
0.0332735179167
0.0330664659922
0.0333089950795
0.0330905686228
0.0328960173067
0.0326315226292
0.0327511445089
0.0327086513767
0.0327353910864
0.032694818605
0.0324474433791
0.0323461593892
0.0324698061116
0.0325229894874
0.0323373497633
0.0326998716474
0.0324958845112
0.0320573023196
0.0324655896221
0.0324683331509
0.0324354179631
0.0320905517242
0.0320956782558
0.0320133525761
0.0320600651244
0.0323085695008
0.0317418067179
0.0322454979101
0.0317897431234
0.0318669807279
0.0316507617209
0.03164505195
0.0317734170631
0.0316189360368
0.0318289525328
0.0316285471372
0.0314505196886
0.0318969250825
0.0318017168201
0.0315136419797
0.0314001213015
0.0316281809631
0.0309908035641
0.0314558045631
0.0316286077574
0.0311725091446
0.0314302876256
0.0310133070509
0.0314264361398
0.0313589307853
0.0312588536159
0.0313955465742
0.0310398105491
0.0309715053158
0.0309112524952
0.0312671753321
0.0307528908
0.03121469896
0.0310240680243
0.0310148100233
0.0310131199601
0.0309713427964
0.0309464264018
0.0310048170317
0.0309500172795
0.0307005081494
0.0309990587307
0.0314612226994
0.0309394453511
0.0307952848448
0.0305451049375
0.0309767267701
0.0310112216943
0.030662053341
0.0304546947532
0.0308239245868
0.0307803519724
0.0308640776192
0.0307447417999
0.0305572887175
0.030402799794
0.0306439503505
0.0307427350057
0.0306548932903
0.0307160780095
0.0306010028792
0.030150704484
0.030552769175
0.0306076609541
0.0303411945436
0.0301302212114
0.0304202847202
0.0309499250279
0.0307462949749
0.0305217476398
0.0299193360992
0.0307369897179
0.0307610843802
0.0306066620717
0.0303323612905
0.0303537567563
0.0301776432831
0.0304061440119
0.0310734879766
0.0304003271937
0.0302582629996
0.0300752820588
0.0304094418584
0.0300403428764
0.0304014940325
0.0303462426244
0.0303177868159
0.0302849710206
0.030251618108
0.0299647172851
0.0302466998069
0.0301558116841
0.0300156438542
0.0302411949381
0.030647440849
0.0301996635623
0.0299968392474
0.029860995461
0.0298612950157
0.0301280391024
0.0306219783915
0.0302055759135
0.0298663020574
0.0301181973362
0.0305365387307
0.0303236525429
0.0297740187118
0.0298364630143
0.0300813280759
0.0302358904017
0.0297798411231
0.0296904811579
0.029985297247
0.0305071862332
0.0295570300216
0.0300029096984
0.0301455939565
0.0300733872269
0.0297903286496
0.0304469569035
0.0302711167833
0.0299887742815
0.0302428886547
0.029665877066
0.0300279584748
0.0302541230443
0.0296603876627
0.0300318770167
0.0300439536756
0.0299564569548
0.0296524887604
0.0296269721125
0.0300489363764
0.0301912071222
0.0302968978496
0.0301047384396
0.0297605206003
0.0299869841076
0.0295410528235
0.0299832515293
0.0295291879001
0.0299737048253
