0.560116441943
0.56657572048
0.575265317244
0.572285853175
0.581482436896
0.576469406552
0.607994255019
0.572567210934
0.577865805159
0.618163724965
0.593193874333
0.595102268165
0.567152614095
0.590968338129
0.621698623536
0.577978393512
0.585573188181
0.587462892704
0.621116879339
0.633107514911
0.58313634828
0.591819195364
0.581956974658
0.599633253485
0.616923964167
0.578176050449
0.610654338249
0.540138015139
0.585836082876
0.604223981522
0.594420101492
0.616081406055
0.61715076916
0.596624788763
0.625478903286
0.598147614451
0.613924940083
0.617626222191
0.596639385073
0.607153064668
0.608804285093
0.592967521832
0.609732172314
0.569482134439
0.607710319424
0.573848861565
0.612745374495
0.615514823783
0.603457887781
0.599972420584
0.579618736978
0.640387971291
0.611552354112
0.618684019314
0.606886981958
0.605331593952
0.61138949796
0.607853310471
0.597885477338
0.57889187639
0.610860599398
0.60004569694
0.577221548443
0.615283315611
0.598949266558
0.61753720801
0.613942792968
0.599479951094
0.598481930968
0.607780260362
0.573720161738
0.605206003297
0.628048083522
0.575083353569
0.610664762715
0.582326318206
0.619985116837
0.597761933183
0.635193395486
0.59223129945
0.597406767732
0.598461839617
0.60201209208
0.635936593794
0.602290340667
0.626731100771
0.642712109717
0.609081436728
0.600816075648
0.616052292278
0.580258595605
0.63607003108
0.618150417573
0.621893623793
0.607053173528
0.609496458019
0.579114135891
0.615083804141
0.599240291202
0.637920615572
0.598971596376
0.640488959383
0.617899993845
0.602530984387
0.611881854327
0.601113126668
0.580893298561
0.615160302792
0.60106627313
0.620991628053
0.615664790756
0.580929083173
0.641372910272
0.588629908482
0.598672306889
0.598370744656
0.593863072982
0.620988179512
0.609047506649
0.610510058284
