0.262119503946
0.27210626186
0.326792905492
0.306054914587
0.342566709022
0.325420204471
0.41879029782
0.309181317706
0.31847360913
0.449319432378
0.376080926742
0.382940986778
0.281575037147
0.372331758188
0.456208585422
0.31802751474
0.348559740924
0.35376918511
0.457594531083
0.48692722372
0.335924534894
0.370705988961
0.332749562172
0.398462021343
0.450882687927
0.329529737206
0.427601809955
0.174498033533
0.341480446927
0.408083645443
0.371268500711
0.441539256961
0.444346419644
0.379239211156
0.46020534479
0.384973458555
0.441193595342
0.45785467128
0.386998394864
0.420654149001
0.419235511714
0.373355263158
0.417357310399
0.293167928487
0.41654425976
0.310489261207
0.429504709815
0.43760760536
0.409090909091
0.394963340771
0.333103329308
0.502813767831
0.428225317989
0.447507331378
0.40957951312
0.409418022528
0.424130501693
0.416473138257
0.387732041969
0.320492241841
0.430415640624
0.39066677469
0.313063875857
0.435143914784
0.384400197466
0.440949599341
0.433531671311
0.39754581924
0.389835960116
0.415064975488
0.30856017192
0.411116286291
0.473086832393
0.309092547535
0.426055268752
0.335796887227
0.448314026415
0.386861904377
0.488722826087
0.371644986004
0.385873967277
0.390736437215
0.403009640254
0.491981480239
0.402080542202
0.467484575562
0.510651828299
0.428199598423
0.395813358901
0.441506646972
0.333650272279
0.489901394084
0.444015730504
0.451669984517
0.411676999137
0.421963547251
0.33131592599
0.439831572727
0.387785016287
0.497488101534
0.39278589099
0.502170195975
0.444608567208
0.403082488008
0.42446209609
0.393804952811
0.333506944444
0.436802277665
0.400628683694
0.452777980048
0.440381911035
0.326505276226
0.500802568218
0.358793378708
0.385609157809
0.387248539909
0.370234113712
0.456611865618
0.420405654579
0.427548790596
