0.0665164042913
0.0602378597616
0.0585022739703
0.0572788425834
0.0563728052191
0.0555206124244
0.0548844225661
0.0543340814826
0.0537399468693
0.0534663530209
0.0531362773335
0.0528379688495
0.0523789681056
0.0520882426906
0.0518903216343
0.0516203197741
0.0513576011532
0.051308760108
0.0509660459252
0.0508081450103
0.0506167742168
0.0505237028651
0.0505058636393
0.050076519246
0.0500160863085
0.0498461683209
0.0498617951012
0.0497924878202
0.0496594993675
0.0494830295311
0.049417657658
0.0492349926676
0.0492969278486
0.0490893894557
0.0489799362015
0.0489324457777
0.0490682294848
0.0488963289411
0.0486853942572
0.0487206023085
0.0486976062943
0.0485525179332
0.0484872183634
0.0485516771111
0.0484577610469
0.0483009830593
0.048318152851
0.0483160937755
0.0481819675765
0.0480316799221
0.0479581248616
0.0480208494228
0.0478783911754
0.0479646105101
0.0479215512616
0.0476829690553
0.0476816772556
0.0476410183819
0.0477055903713
0.0476063713387
0.0476294221261
0.0476236648064
0.0474213511526
0.0474280533713
0.0474705579994
0.0473650338759
0.0472790540023
0.0472300260023
0.0473162851993
0.047306657429
0.0472582884127
0.047278455829
0.0472986367181
0.0471799633108
0.0472870149796
0.0471891710057
0.0471721875693
0.0469690264664
0.0470268902164
0.0470859160394
0.0470676123292
0.0472166994805
0.0469613035096
0.0469690483
0.0470490737278
0.0468326167422
0.0467742025059
0.046872734419
0.0468396008769
0.0468502107107
0.0467897723331
0.0468750766135
0.0466934580886
0.0470154258314
0.0467304317581
0.0467484313407
0.0468941162552
0.0466698660083
0.0468126097174
0.0466716207038
0.0465034191328
0.0465902526695
0.0466491109415
0.0466176346308
0.0464859730222
0.0465987609896
0.0467439448407
0.0465722313617
0.0464442996767
0.0466574408737
0.0465383756255
0.0464670126736
0.0465201266595
0.0464305072693
0.0464985801822
0.0464392593998
0.0465197652813
0.0464515368014
0.0465424955872
0.0464899610963
