0.450009485866
0.450009485866
0.450009485866
0.450009485866
0.450009485866
0.450009485866
0.450009485866
0.450009485866
0.450009485866
0.450009485866
0.450009485866
0.450009485866
0.450009485866
0.450009485866
0.450009485866
0.450009485866
0.450009485866
0.450009485866
0.450009485866
0.450009485866
0.450009485866
0.450009485866
0.450009485866
0.450009485866
0.450009485866
0.450009485866
0.450009485866
0.450009485866
0.450009485866
0.450009485866
0.450009485866
0.450009485866
0.450009485866
0.450009485866
0.450009485866
0.450009485866
0.450009485866
0.450009485866
0.450009485866
0.450009485866
0.450009485866
0.450009485866
0.450009485866
0.450009485866
0.450009485866
0.450009485866
0.450009485866
0.450009485866
0.450009485866
0.450009485866
0.450009485866
0.450009485866
0.450009485866
0.450009485866
0.450009485866
0.450009485866
0.450009485866
0.450009485866
0.450009485866
0.450009485866
0.450009485866
0.450009485866
0.450009485866
0.450009485866
0.450009485866
0.450009485866
0.450009485866
0.450009485866
0.450009485866
0.450009485866
0.450009485866
0.450009485866
0.450009485866
0.450009485866
0.450009485866
0.450009485866
0.450009485866
0.450009485866
0.450009485866
0.450009485866
