-0.182706640449
-0.215952357111
-0.215572112782
-0.216147551925
-0.216103459625
-0.215976863664
-0.216042891218
-0.2155851479
-0.216371975089
-0.216169552389
-0.216491529806
-0.216129397639
-0.216355511377
-0.215902466607
-0.216048386066
-0.216971754341
-0.216136022264
-0.21573026493
-0.215362463631
-0.216592431357
-0.215429908935
-0.215330248076
-0.216606317388
-0.215841402441
-0.215755366334
-0.215711950254
-0.21553010212
-0.216064595478
-0.215824998511
-0.216399114975
-0.216047831671
-0.215962721445
-0.215807890206
-0.215986661503
-0.21576081963
-0.21624689986
-0.215840838446
-0.215935928056
-0.21590300426
-0.216479123451
-0.216272392726
-0.215428676212
-0.215582738343
-0.215684656319
-0.215876128905
-0.215956582518
-0.215752335809
-0.215886658164
-0.216298892386
-0.215979718327
-0.216245417047
-0.216354903555
-0.215594367252
-0.216743945866
-0.216073437739
-0.216829411895
-0.216426367319
-0.215964799224
-0.215859815531
-0.216166881563
-0.215667348856
-0.21535520869
-0.216398939265
-0.215335825792
-0.215935634285
-0.216214104297
-0.216338563524
-0.216518001603
-0.216575586963
-0.215509301598
-0.216055900283
-0.215808349206
-0.216077600422
-0.215786703329
-0.216032931821
-0.216607590483
-0.216206517802
-0.215832590108
-0.2162730852
-0.215478301216
