0.0857187876115
0.0711290545442
0.0659087562074
0.0638834331237
0.0630414362015
0.060715394923
0.0600618380164
0.0586009857131
0.0585410184903
0.0579358834792
0.0576458910518
0.0567129271735
0.0564728020956
0.0560740997198
0.056343422424
0.0566957748923
0.0556774381863
0.0556091516895
0.0550824643134
0.0552554139232
0.0551095645171
0.0545123913296
0.0549528312808
0.0544031034607
0.054631754288
0.054692736992
0.0541275740725
0.0543030001896
0.0544766533149
0.054268411208
0.0537636449107
0.0541416891411
0.0536178673823
0.0540368827846
0.0538603484383
0.0534522632428
0.0530921300214
0.0532118908951
0.0536442778416
0.0531632987386
0.0533315492001
0.0531443265515
0.0527790865394
0.0532305313466
0.0533597742035
0.0530184357854
0.0536115844075
0.0529446730929
0.0534672870895
0.0528869118668
0.0532249522511
0.0528034850087
0.0526610047751
0.0520986584969
0.0526755432199
0.0523801743381
0.0532497404704
0.0524383718757
0.0524914582931
0.0526613784183
0.0523050086334
0.0532948454943
0.0529027920342
0.051815787578
0.0519472934308
0.0522684387202
0.0523061264741
0.0525813091974
0.0519891708138
0.0523540931901
0.052544993045
0.0526400489594
0.0521441459135
0.0518629478181
0.0524733821002
0.0516149475286
0.0525604122974
0.0521846987965
0.052402374722
0.0522766092669
0.0523165534116
0.0521035714306
0.0520773697979
0.0518965211085
0.0524039822647
0.0521368755337
0.0521246667225
0.0518323435349
0.0522974864717
0.0524750634101
0.0520078567886
0.0520105849739
0.0521823010295
0.0520309506962
0.0518029097082
0.0516920637813
0.052674742624
0.0519905840601
0.051894795763
0.0514786988726
