0.0749738906935
0.0693337203387
0.0664751355374
0.0646032773912
0.0630617990232
0.0617427462845
0.0606673022858
0.0596515026839
0.0588805275718
0.0581713626863
0.0577324070146
0.0572331295612
0.0569635073704
0.0565567706141
0.0562367993368
0.0557009482352
0.0556314555342
0.0552495857662
0.0550007360563
0.0549550874114
0.0548989520363
0.0543643737951
0.0543107216104
0.0542563910875
0.0537960282923
0.0537110443721
0.0536794967545
0.0534799199189
0.0535778189261
0.0532159536073
0.0531264479611
0.0529643933584
0.0527491043699
0.0527111266059
0.0524647111392
0.0524121623727
0.0523899708141
0.0521518728846
0.0523595544206
0.0523495048863
0.0520652441257
0.0518362778512
0.05171176534
0.0518727444479
0.0516403707335
0.051657740544
0.0515944090009
0.0513676116357
0.0515821204807
0.0513150590281
0.0511676632074
0.0513634802882
0.0511684649752
0.0507784723172
0.0508703154126
0.0511389286405
0.0509245361014
0.0508521605627
0.0507748320964
0.0506887707401
0.050513471395
0.0506672085655
0.0507958982267
0.0503769644895
0.0505484066877
0.0505128010262
0.0503143472788
0.0501963355174
0.0502828599468
0.0500536108207
0.0501451621489
0.0501334893429
0.0500474953919
0.0500131121013
0.0498762731608
0.0498420261125
0.0499699687789
0.0499694067433
0.0500721475644
0.0496162234408
0.0498086365147
0.0498422379809
0.0498570094735
0.0496982207052
0.0495626764105
0.049686931564
0.0498010631686
0.0496389044855
0.0496336406589
0.0495675334669
0.0494033909191
0.0493527471096
0.0494751729368
0.0495803377981
0.0493325985846
0.0491820132569
0.0493814403355
0.0492938677696
0.0493638165186
0.0492394518947
0.0491076765418
0.0491352034133
0.0492004565169
0.0491060294579
0.0491034819892
0.0491696852945
0.0489455424934
0.0490683047873
0.0490094589619
0.0492372971366
0.0489244750944
0.0488741332126
0.0491101878515
0.0490114203828
0.0489209915831
0.0488205604824
0.0489098477243
0.0488901964999
0.0490202950633
0.048787060535
0.0488545126077
0.0486486526393
0.0488664071097
0.0488178294086
0.0489308564185
0.0486725186887
0.0488000364623
0.04872943215
0.0487300496123
0.0487169669534
0.0487529625112
0.0489033681239
0.0485427698423
0.0486352191129
0.0488928497545
0.0484301057039
0.0485665518076
0.0486067101295
0.0487115890556
0.0487654989007
0.048515097134
0.0484316768807
0.0486566880809
0.0484061730853
0.0486021645812
0.0484968964452
0.0484178482221
0.048449356396
0.0483330603754
0.0482079966572
0.0481980728955
0.048418861199
0.0483584432155
0.0483872936287
0.0483075139363
0.0483894220738
0.0483059705544
0.0480496659005
0.0483023438824
0.0483072972146
0.0484135865
0.048268291761
0.0480102764311
0.0480544390786
0.0481982253198
0.0482764399159
0.0482321546666
0.0480792329235
0.0482364882995
0.0480593898259
0.0481477876278
0.0481239433646
0.0479992436367
0.0481707237404
0.0480150028265
0.0479233009813
0.0479731688356
0.0479933655567
0.0480672459408
0.048010518302
0.0480622232793
0.0481816321204
0.0480170515099
0.0479529379483
0.0480161205197
0.0479178866075
0.047884216341
0.0480733109502
0.0477353926875
0.0478170780823
0.0480168072889
0.0479688271941
0.0479535742983
0.0479445431515
0.0477281950428
0.047587274253
0.0478813435828
0.0477460576118
0.0477667199477
0.0479174735979
0.0479037453413
0.0477911375481
0.0477835472589
0.0476209601735
0.0477438489138
0.0477941267839
0.0476595202575
0.0476203458442
0.0478028887275
0.0477879413386
0.0477997058433
0.0476133888895
0.0476680747575
0.0477879758151
0.0476740928827
0.0478237526868
0.0477682126637
0.0477108930645
0.0475969230661
0.0475439599584
0.0477630353426
0.0476808947242
0.0475694831357
0.0474593446513
0.0475282295234
0.0476536808243
0.0476714355771
0.0477053136197
0.0476075926258
0.0474350347383
0.0476072009588
0.0477273043761
0.0475795331837
0.0475801549812
0.0476285535924
0.0475081816013
0.0474827849772
0.0474888954322
0.0474458461322
0.0476098508629
0.0475160398937
0.0475175682953
0.0474399110599
0.0477311332548
0.0475177152473
0.0476664694184
0.0474854313637
0.0474932222025
0.0476245520891
0.047341466048
0.0475505482398
0.0473713045956
0.0474956264832
0.0473336995935
0.0474103140713
0.0476562715211
0.0472744988136
0.0473615766664
0.047484806593
0.0474032638716
0.0473734343445
0.0473763362742
0.0473196471476
0.0473097144884
0.0472316997211
0.0472588778933
0.0472729567459
0.0472317956934
0.0473639341117
0.0472105792108
0.0475580840291
0.0473160408819
0.0472163592236
0.0470846739996
0.0473355089566
0.0471395265559
0.0473926736529
0.0471954812633
0.0472065981607
0.04719177752
0.047217043869
0.0471355520891
0.0473967325102
0.0471868744514
0.0475039928411
0.0472840966252
0.0471212579967
0.0470905978544
0.0473548118106
0.0471056230467
0.047397393618
0.0471323588287
0.0472680018838
0.0471239676269
0.0473708184977
0.047356736964
0.0470203800293
0.0471733401891
0.0472195972225
0.0470224709801
0.0472884445769
0.0472775274786
0.047016188288
0.0472364190833
0.0471672729209
0.0470789065936
0.0471735867542
0.0471794046508
0.0471191038015
0.0471497708633
0.0471082803869
0.0471101014881
0.0471066862272
0.047049607498
0.0470620872295
0.0472617892225
0.0469723238032
0.0471098334766
0.0470668109732
0.0470107218757
0.0470996564852
0.047035845621
0.0471023383999
0.0469184089611
0.0469403253897
0.0470574253163
0.0471312419231
0.0469536805074
0.0468510586007
0.0469188007114
0.04714174736
0.0470767188305
0.0469434489687
0.0469986187467
0.0471308357414
0.0469587298917
0.0473302241572
0.0469540478129
0.0468975187275
0.0469399953552
0.0471721658905
0.047068599089
0.0468971266333
0.0469188259143
0.0470105116036
0.0469695184157
0.046923878492
0.0468593466967
0.0472172399613
0.0468940442343
0.0468761636633
0.0469129394811
0.0467617917464
0.0470122752633
0.0467951766855
0.0470636768519
0.0471636040405
0.0468521366587
0.0469259202303
0.04699609017
0.0469948809381
0.0469390256923
0.0467977107844
0.0468669659871
0.0468815799649
0.0468849592422
0.0467621141174
0.046779104985
0.0468265733543
0.0469122106579
0.0467553292424
0.0468610714163
0.0468902524372
0.046911002013
0.0469460508426
0.0469599446186
0.0469910642001
0.0467100357524
0.0469401455564
0.0469431095684
0.047016612878
0.0468379765563
0.0469572474789
0.04689986625
0.0468182084665
0.0468389676289
0.0470285407652
0.0468476795876
0.0468331028043
0.0468768670769
0.046865226904
0.0468918188628
0.0467981623603
0.0468300987373
0.0468570353924
0.0466377721222
0.0469225704702
0.0467528616414
0.0467786977971
0.0466835859376
0.0467444920665
0.0466674118692
0.0467267849119
0.0466979788995
0.0467316657854
0.0467383831254
0.0469533345634
0.0469718001697
0.0468564560104
0.0468208327866
0.0467361443977
0.0466540343077
0.0468129224138
0.0468229998912
0.0467676459049
0.0466125622565
0.0467153270942
0.0467288175116
0.0467222894924
0.0467667023189
0.0466896401179
0.0467845586697
0.0464805187121
0.0466125270407
0.0468096646719
0.0468620965704
0.046702471036
0.0466754935488
0.0468386844227
0.046729340414
0.0466658329337
0.0467866687978
0.0466815064122
0.0467904353843
0.0467296668145
0.0465513609555
0.0467420535434
0.0466085256718
0.0467001278551
0.046770548245
0.0467570570305
0.0467313170765
0.0467297427815
0.0466432649459
0.0467005119617
0.0466257856347
0.0465956672872
0.0467136751986
0.0466484716376
0.0466629478434
0.0463766281848
0.0468706759915
0.0465453471291
0.0468583363862
0.046683820794
0.0465831649988
0.0467340008624
0.0465471756943
0.0466146440601
0.0465365580882
0.0465762906919
0.0468150688456
0.0467875356981
0.04660316512
0.0466398409939
0.0466486540191
0.0467211442539
0.0465462601674
0.0467035680876
0.0465119954156
0.0468114201255
0.0465516967494
0.0464597801601
0.0466075730899
0.0465471779713
0.0466681481335
0.046729506034
0.0465836961906
0.0465856195876
0.0466860353295
0.0466339998306
0.0467203844005
0.046571828689
