0.0
0.000235460324935
0.200850710655
0.318551022314
0.408832807571
0.352148420408
0.416453265045
0.424630086313
0.447689657755
0.412495057335
0.445736726833
0.37675282987
0.406088082902
0.360184620744
0.406738868833
0.410783678756
0.416760134594
0.437785520712
0.452665613956
0.427725586169
0.417027417027
0.437786229915
0.424974346831
0.446618137701
0.446507380916
0.368097110617
0.461786946627
0.462396786432
0.448865777376
0.452988256414
0.444849866971
0.462652717829
0.436186650185
0.470825529463
0.462825829384
0.411951684679
0.466104160605
0.419592613141
0.473937099592
0.481929425157
0.457730444363
0.454558998808
0.441216730038
0.44574868322
0.461130742049
0.466210311681
0.472998407413
0.477058991166
0.452379173825
0.470758960964
0.465354503549
0.45806979686
0.460723742277
0.45104608741
0.482279458208
0.470188624702
0.43646071701
0.470673425054
0.459668508287
0.45428910656
0.449626307922
0.467354951287
0.471492818802
0.465143104318
0.445877061469
0.456158509537
0.45684754522
0.468467163855
0.454800590842
0.448788464397
0.450752495902
0.476530175489
0.462601028655
0.454234261051
0.471184477266
0.441354292624
0.435445740868
0.453258210394
0.45218945487
0.442716981132
0.489565156697
0.472450007193
0.473481608212
0.439815862954
0.479886484569
0.478583021664
0.454605601706
0.464077952298
0.463105807015
0.443340109931
0.449711153903
0.44852722404
0.436992640923
0.469300471185
0.447253574116
0.447135745598
0.464433026992
0.475158600043
0.467235221226
0.444860092773
0.473184759166
0.465315609792
0.486292703501
0.45521945433
0.480604818766
0.473211075153
0.469321384693
0.467176684882
0.42647629394
0.476924174335
0.474366359447
0.463471654004
0.450613588746
0.47358598909
0.459373848987
0.48
0.475629890173
0.450365726228
0.470427596119
0.463599558336
0.474843895787
0.450157397692
0.439515206952
0.472188065099
0.440347402103
0.460868281158
0.449758599879
0.459906535124
0.445424811744
0.482966917188
0.47213633422
0.462048148421
0.472181976239
0.483227176221
0.468007312614
0.442807825086
0.468649752114
0.471152448772
0.453081704486
0.463340947609
0.470306374328
0.477434168042
0.487179487179
0.43511803734
0.446905339806
0.488300406333
0.455132052821
0.463293577302
0.482866486563
0.482379797403
0.464590067587
0.486799378794
0.466553329884
0.491664351209
0.4717603106
0.489944642982
0.470690655833
0.450220398237
0.469653916211
0.454989113297
0.480080396239
0.466945483895
0.466202856097
0.465296569882
0.45140598195
0.456299828627
0.474693583273
0.450200105716
0.481831757093
0.490673323625
0.511982141685
0.469288362288
0.490650293051
0.492942153335
0.480154749964
0.461618488519
0.468768158048
0.457831325301
0.469517080632
0.474157955865
0.489144137834
0.446818181818
0.483818656138
0.480165820885
0.453281506952
0.463699889665
0.480536147155
0.487452684705
0.491585783116
0.464748094991
0.455832771409
0.474639769452
0.500034333585
0.462504617658
0.46080760095
0.427041813208
0.466462078036
0.47994289793
0.447310522722
0.477790597058
0.445480247574
0.500446091552
0.464091643413
0.461913557444
0.448511543135
0.473630684295
0.47355090817
0.464691139614
0.469213813373
0.445460782072
0.487515031478
0.447650702523
0.442488712023
0.489864392563
0.470156914504
0.48638351912
0.496503980616
0.489509508105
0.45581953084
0.485534413242
0.442597957006
0.441257247482
0.467833698031
0.480433387982
0.449227038497
0.406632324533
0.484241490405
0.484162573849
0.449456849728
0.496557422198
0.470758750634
0.459035788228
0.487302581229
0.476340920514
0.486146451795
0.450666064574
0.463355229168
0.425786163522
0.462432850099
0.474974758402
0.489489910314
0.488904494382
0.459218541079
0.458643842692
0.492921759547
0.506075577514
0.46621572478
0.449365663238
0.46363168346
0.479801559178
0.469916112236
0.455714810731
0.449539900437
0.495803480041
0.493716953924
0.480934290136
0.481692318504
0.489233538738
0.469071038251
0.489650846749
0.496656083226
0.479788978399
0.424521671222
0.476468910439
0.474339810663
0.473078030521
0.477721895587
0.485993119427
0.458209839953
0.470911324709
0.463377304861
0.449289527103
0.46760400058
0.460167869239
0.47700779518
0.461141043619
0.49668194568
0.474003280793
0.465363087883
0.481218993622
0.4909621802
0.485585272664
0.455444072835
0.468014440433
0.474751092329
0.474890437531
0.471821379855
0.488139825218
0.436072883832
0.478288678843
0.449848942598
0.459812806418
0.438477381951
0.488240630888
0.443248977118
0.413765697027
0.466627890068
0.46356453029
0.496852764094
0.499419121164
0.490667401336
0.486799832379
0.463766006985
0.472110408281
0.466535576433
0.467538126362
0.480678205581
0.47035030697
0.467489114659
0.45697854457
0.47925355199
0.470545821617
0.450999331302
0.462870026911
0.464012692918
0.495707862107
0.401289802499
0.471033105023
0.493046426347
0.456986867345
0.475605400386
0.493747423389
0.452751507931
0.460635409788
0.478536342279
0.500806668459
0.45321659123
0.478440890919
0.478347295187
0.470765478155
0.470443527965
0.465598491989
0.482233502538
0.47237767255
0.466914715109
0.495694702762
0.468867651318
0.468174264865
0.450202794051
0.466110379154
0.477248451186
0.477530899478
0.491682838924
0.475106275668
0.475778546713
0.433583765781
0.488258317025
0.462566059894
0.434862808393
0.490458281098
0.458024237973
0.485678180286
0.500677690431
0.49277357192
0.498054474708
0.466389314649
0.483323991031
0.470825529463
0.485034965035
0.471456199413
0.481988981495
0.476692050388
0.472349570201
0.4832167338
0.501186199417
0.475493362038
0.46487829837
0.451002310157
0.475275702597
0.429530201342
0.482116191424
0.461357798165
0.453448532698
0.443087592341
0.48329229687
0.46644903881
0.463521188292
0.473421690181
0.47385620915
0.478094427903
0.478918842824
0.463728323699
0.478186727299
0.492006615215
0.48913346336
0.489722222222
0.477496785255
0.465383218307
0.486646050042
0.455563743552
0.449431478157
0.446879250416
0.468294092157
0.456898458816
0.480198019802
0.486044071354
0.439293091577
0.472496070867
0.474035768153
0.460881725178
0.446971979512
0.486142217245
0.474754004166
0.509192645883
0.47979437384
0.497029155728
0.493317637283
0.427161836687
0.504837409299
0.497800989555
0.489687478151
0.446781148347
0.494382022472
0.469196720122
0.504465198718
0.494570104448
0.450961176027
0.479029957204
0.458490426554
0.47586900316
0.471804511278
0.483490065757
0.488895097081
0.469134017638
0.416408299547
0.503071626274
0.510878323932
0.485183114342
0.476710753306
0.473290136789
0.448606532814
0.472374100719
0.452748240228
0.443050411911
0.456491150115
0.459590755189
0.472344414798
0.459609000369
0.451651561681
0.447637676798
0.494374218641
0.470144927536
0.463071512309
0.470596703376
0.486202549377
0.471410053291
0.504964539007
0.461990020546
0.467961306277
0.486169912504
0.489659958362
0.458716947779
0.492401637638
0.503151548369
0.461403764775
0.457645927351
0.483969141482
0.468641114983
0.451342658389
0.483521126761
0.477842003854
0.488508148767
0.486441034265
0.501620307858
0.484318838537
0.461098062243
0.442090929722
0.427448844628
0.457755266828
0.496344323355
0.48719558998
0.476617552851
0.443273356922
0.487995533222
0.479453020371
0.487613165836
0.50003407155
0.482987434703
0.50149497146
0.452324195471
0.486630267395
0.432328514303
0.45555227407
0.487240605721
0.467964960544
0.468149646107
0.480905830227
