0.5
0.500058872012
0.551805855612
0.585529399251
0.606159782001
0.591607586576
0.612396574791
0.611883787704
0.62149656851
0.608586536805
0.621413851516
0.598822726355
0.608318294472
0.594904419262
0.607404054012
0.61086988235
0.612716181875
0.619994704878
0.624916414015
0.616832598396
0.612949092088
0.620310445209
0.615278612432
0.622428966944
0.622800356992
0.59612374934
0.627419859436
0.629346637489
0.62297428207
0.62446219385
0.621717991584
0.627518156569
0.6187984622
0.630643415766
0.629066455525
0.608954704558
0.628913571347
0.612833168318
0.6337502119
0.636047927508
0.625042954219
0.624884609279
0.619663915746
0.620955120138
0.627353253917
0.629115434407
0.632535166789
0.633198757275
0.62393814587
0.631443134497
0.629160128322
0.626823518929
0.627003888597
0.622745125487
0.634740272272
0.630633748882
0.617309035256
0.631155863484
0.62655944844
0.624250550783
0.622382226529
0.629618746576
0.631854594124
0.627268264176
0.620555260773
0.624906520884
0.625145231228
0.629806962875
0.623971013278
0.621195650736
0.622655206321
0.633018918943
0.628004068346
0.624565002195
0.631449579087
0.61894831605
0.616693779193
0.623520128531
0.623448367339
0.619568083326
0.638716388705
0.631468912856
0.631056051188
0.617867239561
0.634472561275
0.63305178635
0.623280660605
0.627653300985
0.627152566652
0.619633399928
0.621293947868
0.621134845347
0.616913687103
0.630448754879
0.621834978027
0.620170223964
0.62728642215
0.632082766878
0.629845856659
0.619710316791
0.631851903165
0.628272423802
0.637433562279
0.624693057563
0.634455692219
0.631909486259
0.630105834149
0.629759159788
0.613859013302
0.633253762533
0.632756363618
0.627844852701
0.623112004322
0.63191528639
0.626383476862
0.634103104604
0.633176201211
0.62265005065
0.630122590082
0.628819898551
0.632678044713
0.623048621097
0.618982698621
0.631950957879
0.619394802707
0.627549961304
0.623616718533
0.627536427666
0.622126873375
0.63526560917
0.631235358184
0.627910282426
0.632122418244
0.636269124337
0.630686933887
0.621692213226
0.630725070089
0.631849438452
0.62466405691
0.628787562479
0.631236115766
0.634233319595
0.637619845201
0.618010456854
0.62263340784
0.638323731512
0.626095787637
0.629387995986
0.636548661842
0.636626336287
0.629177641837
0.6382125452
0.631066170565
0.639523083362
0.633145380304
0.639378916519
0.631384906944
0.624798138654
0.631254918199
0.62609385426
0.635903760666
0.630442423412
0.629773451008
0.629073431451
0.62317989876
0.625939794287
0.633104440019
0.623995197629
0.635932116861
0.638707253157
0.646887963866
0.630763206291
0.639362691922
0.639916385014
0.635733589219
0.628763073039
0.630354968959
0.626619722493
0.631138463092
0.633553504512
0.638823176927
0.62243154478
0.636221852586
0.635476720901
0.624552113016
0.628792718151
0.635425582397
0.637852755414
0.640034886621
0.630095749051
0.62633449798
0.632989273831
0.643635633129
0.628603857394
0.628150394811
0.615129708131
0.629662796032
0.635187516512
0.622896720747
0.635010369139
0.622729884718
0.64384265186
0.6288269876
0.628251914239
0.623715128788
0.633316727545
0.63282952685
0.629637017674
0.631963428846
0.622414144388
0.638880873145
0.622557022312
0.621200501318
0.639063820648
0.632292058355
0.637891649198
0.642231840384
0.639257305741
0.626362967298
0.6376490721
0.620771528176
0.620094822264
0.630283852226
0.635338241067
0.62386778672
0.607805846754
0.635743674316
0.637483524989
0.623440746955
0.641691567807
0.63130014345
0.626636478426
0.636937226036
0.633644599473
0.63794472108
0.623858006712
0.628988136621
0.615201582446
0.628087542922
0.633308880915
0.639085845376
0.638961656762
0.627297717322
0.626144122059
0.639687986014
0.644663298368
0.62897244336
0.622780152518
0.628734490598
0.634299811992
0.630543829716
0.623926319363
0.62347050519
0.640253279367
0.63958828684
0.634175510255
0.634530675705
0.637626821126
0.630902975043
0.638603800353
0.639727829347
0.634956539675
0.61360676932
0.632932222072
0.631412505556
0.6319360222
0.6329522003
0.637114599654
0.626395834705
0.631073677826
0.627499998595
0.622922499106
0.629393569871
0.626795580948
0.633597972181
0.627668349788
0.641095645513
0.631435819202
0.628387589991
0.635179669881
0.63916856237
0.635680822427
0.625125897459
0.629199440319
0.632390773701
0.632821680219
0.630858812464
0.637122864498
0.618108109527
0.633675533503
0.623818581592
0.627649660478
0.618481964288
0.637866289052
0.6203781134
0.609980775789
0.629178817632
0.628075185079
0.641212745078
0.64274148402
0.637965761979
0.63704272534
0.627534268043
0.631177775089
0.629320519761
0.629592855095
0.634485450454
0.630664796035
0.629477688906
0.625061112193
0.633662531201
0.630581965918
0.622457854475
0.626948770215
0.626621960959
0.640023591449
0.605103534321
0.62964570073
0.639975257026
0.625147164605
0.632604237022
0.639674339252
0.623771196718
0.62665903449
0.634022320987
0.641913827307
0.623605536484
0.634277900387
0.633590770009
0.630127745753
0.63092359773
0.628219351921
0.635224895132
0.631124703208
0.629755293034
0.641191477932
0.630041806465
0.62937347852
0.62333589211
0.629657640361
0.633258918205
0.63380627983
0.63929532882
0.633282344974
0.633750098777
0.617647557896
0.638037749417
0.62786043284
0.617375753899
0.639045662674
0.625218925796
0.6369095143
0.642679921049
0.639229254636
0.64174774886
0.629490046749
0.635214470665
0.630643415766
0.636071014908
0.630367100556
0.635277967013
0.632850036414
0.630924129066
0.636097663972
0.643031219745
0.633059746104
0.628752535449
0.62283053344
0.631941709207
0.614813854678
0.636108088439
0.627127432752
0.624210481204
0.619630177633
0.635642154889
0.628804205289
0.627473462654
0.630969354317
0.630890390954
0.633272451843
0.632971534069
0.626675032841
0.633588192173
0.638873444727
0.638224032338
0.638262812999
0.633777166054
0.628330651356
0.637639292093
0.624153429445
0.622379648693
0.622145562685
0.629403881214
0.625031353957
0.634306256582
0.636744498525
0.619324330434
0.630697663443
0.632265296168
0.627177926798
0.621802641955
0.636860309172
0.632705225113
0.646488975206
0.63512800004
0.642355384539
0.640236636557
0.614412819517
0.644496462338
0.642284154683
0.6389751904
0.622230326179
0.640426786232
0.630504404596
0.645740734349
0.640914631386
0.624234552432
0.63454443559
0.62628517973
0.633379997647
0.631659175654
0.636330574185
0.638362512173
0.630017203901
0.611475889741
0.643835981024
0.648398884203
0.636102062062
0.633993320334
0.632082235542
0.622082066337
0.63143915462
0.624458971555
0.619945273504
0.62531218038
0.626415168474
0.631696022938
0.626701795028
0.623842426574
0.62204070784
0.641224571586
0.630919086518
0.6279535743
0.630411150012
0.636975475361
0.630966889604
0.645124720704
0.627480020367
0.630028272826
0.637773905174
0.638147646811
0.625973306153
0.639878248812
0.645402437955
0.626440946833
0.625872431185
0.636738167058
0.630210044535
0.623494350172
0.635902889961
0.633868374137
0.63781386163
0.637179271797
0.642897251123
0.636487098871
0.626980574951
0.619502766724
0.614760895919
0.624986015583
0.641744639689
0.637192160977
0.632820278178
0.619575172375
0.637719431251
0.633465823813
0.63808373225
0.642838492234
0.6358369289
0.643492528959
0.623564822446
0.637182494092
0.615995806135
0.624382472905
