0.559931064196
0.583162947818
0.645610625202
0.645191629438
0.650927211829
0.665585994489
0.675677763188
0.663797303882
0.681115591398
0.695666080281
0.7017652524
0.696419813634
0.70398938376
0.699962839093
0.710136899581
0.703903522691
0.72053277702
0.71631696257
0.724854662738
0.71190493984
0.715580692647
0.722025634977
0.719244321164
0.724686448455
0.72460293677
0.725266184814
0.723145254154
0.726596404216
0.725431804646
0.721267944569
0.730506155951
0.737302703547
0.728518713759
0.727397613119
0.732749618443
0.733615553465
0.713467912022
0.724744001223
0.724365004704
0.735626840229
0.733603238866
0.728508838193
0.73340655892
0.714838709677
0.731932264893
0.726362118683
0.727751937984
0.733507563158
0.734220347233
0.73162075376
0.736235595391
0.736160467504
0.71418366537
0.718672456576
0.723943207486
0.709763117113
0.724607329843
0.734010068499
0.731699503444
0.725917791026
0.732717425932
0.726599326599
0.733559108451
0.735831084299
0.73419983753
0.706923403653
0.732407774693
0.729042982664
0.72778036296
0.723716381418
0.72850643843
0.730047694754
0.734807953366
0.738933764136
0.715630550622
0.723433982768
0.720619822031
0.718488363162
0.726485518065
0.723695589507
0.724240619416
0.715803259604
0.730195532885
0.721942682126
0.718194049933
0.727119681665
0.715693594147
0.728469468676
0.726689109841
0.715700141443
0.728797763281
0.715166090485
0.715037128713
0.724452842072
0.732654511011
0.714871412598
0.700058241118
0.729556690169
0.722926359698
0.717964629227
0.729135923922
0.723676012461
0.720580033463
0.721095805603
0.715633085719
0.716319496478
0.714948112166
0.715995983626
0.72384219554
0.717423349057
0.728565590519
0.719624573379
0.711523467956
0.498738738739
0.703844980165
0.731578102424
0.727185705169
0.514678030303
0.412097812098
0.521881582027
0.659200968523
0.693115302425
0.729467375707
0.724113475177
0.701315545674
0.673845556849
0.668934467234
0.710358638267
0.723477364488
0.671474515154
0.708120649652
0.727272727273
0.713553113553
0.683996120272
0.698087052953
0.713495876008
0.734905020353
0.723097228333
0.725669896133
0.734690458239
0.72843956044
0.709759650401
0.741726315789
0.66976560182
0.679015975693
0.723054960742
0.727432384967
0.714442613948
0.720644872369
0.724315677213
0.649643947101
0.737247031276
0.724210526316
0.733129355771
0.692825543374
0.729706390328
0.731052181352
0.72965242264
0.737107340837
0.713816988699
0.743509865005
0.735544710067
0.716897408591
0.729111320593
0.731960517359
0.729636048527
0.724709637379
0.703665702826
0.737707669072
0.701347658091
0.722076100298
0.745528911701
0.725126475548
0.739366805245
0.737347006285
0.715464852608
0.743879317451
0.718824173818
0.733412122235
0.731259207904
0.744378513429
0.732724902216
0.740663232453
0.736579476861
0.740704260034
0.737039147066
0.738630684658
0.739207270891
0.740381341505
0.725426123819
0.731093855503
0.72529782761
0.73780638772
0.723929558011
0.730083636056
0.743413516609
0.732858878667
0.736036725325
0.743617463617
0.741622864652
