0.690262008124
0.706225266955
0.752196692818
0.753464909398
0.755649997353
0.766799041595
0.777633329397
0.765369491253
0.775591513501
0.789993991066
0.797474909939
0.788683485088
0.792888051762
0.799911960105
0.801752392376
0.796831319982
0.808110897111
0.8094058136
0.812115912506
0.808880395461
0.80800316676
0.811349235388
0.814368768203
0.816430972592
0.818691972053
0.815085913791
0.807463467952
0.816423468696
0.820071641847
0.805213811589
0.815174477214
0.82364425251
0.821190914818
0.806080366144
0.817029451919
0.820459372221
0.809294418556
0.8165612728
0.813449482784
0.823364368826
0.816761260352
0.820823020324
0.820210260327
0.809570463037
0.823425388879
0.81861547885
0.817274317422
0.819206221602
0.816995073605
0.81067935271
0.820041858942
0.821528764644
0.804488929427
0.810283594913
0.810065603828
0.808481641922
0.818883583163
0.814937144692
0.816584831543
0.814557121808
0.817972179742
0.807548046748
0.819880699689
0.82068181329
0.816834117946
0.810508566366
0.818182928695
0.815910149863
0.817243661971
0.812303597158
0.818458536903
0.816193814579
0.819229314987
0.820954134908
0.79483577811
0.813821129226
0.812939479625
0.811149655024
0.820600579254
0.822458956889
0.804800166598
0.81489345922
0.819493376503
0.81964595572
0.813855158521
0.818251481729
0.811996315529
0.815277786665
0.81535811907
0.806642751149
0.817864565731
0.810873436034
0.807754025782
0.813054772042
0.818945563016
0.81150955118
0.801981319371
0.813695162663
0.809908400117
0.809708703414
0.812143077772
0.813641035724
0.80887734155
0.812357026061
0.800618547886
0.812107506979
0.8129427953
0.808643179279
0.813648714129
0.814786310567
0.812054892453
0.801304834429
0.804262590985
0.664038364104
0.800475683014
0.816243753297
0.813671982023
0.671439066911
0.626747346151
0.674712045265
0.750800066546
0.776454926889
0.809280428734
0.800680527739
0.781920235331
0.761615391014
0.756966698408
0.789198229081
0.803317041929
0.75990991253
0.786139984306
0.804286876849
0.790762006088
0.767843421032
0.780038386209
0.791616577677
0.812603374892
0.80071877434
0.803248227132
0.813779857798
0.80441342511
0.788791971646
0.818175948327
0.758074221093
0.764168024445
0.799362168847
0.803846182931
0.791386719966
0.797399900064
0.800577072864
0.744836563402
0.815788138842
0.801768883496
0.811124002171
0.773837579627
0.807084579378
0.808993128409
0.806666862505
0.815205627108
0.791344517822
0.825664312925
0.8157841833
0.795747937737
0.807460094107
0.810181187093
0.80668219023
0.801071457449
0.782893793115
0.815742184751
0.780628809027
0.800373798722
0.826676175479
0.806336952848
0.822479403551
0.817106439564
0.792843028386
0.822176979094
0.794460466975
0.812047592151
0.807785990052
0.82912107856
0.808483561524
0.822644285667
0.819639498879
0.820383257121
0.818696800141
0.817221499302
0.816474250876
0.816022126604
0.801929926409
0.810434050935
0.802642709267
0.817669813455
0.803144626832
0.809625375268
0.822721127888
0.808728834215
0.813128473097
0.820962133247
0.820981154751
