0.0761920390919
0.0617110024919
0.0557851916878
0.0522940392507
0.0492190259216
0.0488462619081
0.0472200624809
0.046615042069
0.0460004211023
0.0451856358472
0.0443388322204
0.0441774320943
0.0426762270886
0.0430928368782
0.0420104418121
0.0420772943093
0.0417388215819
0.0414047219366
0.0412278980293
0.0411418941636
0.0404562761176
0.0409626271022
0.0406862367826
0.0403593042511
0.0406563981003
0.0405742450639
0.0405858299586
0.0401367926462
0.0397840456829
0.0401896629974
0.0399194444309
0.0401646419177
0.0400638493705
0.0399730095983
0.0405725813445
0.0397100245657
0.041424624682
0.0415120785381
0.0396431278287
0.0401517540006
0.0406361315866
0.0398156271279
0.0397574304827
0.0413940961648
0.0404451783995
0.0400996900017
0.0396152901005
0.04072262257
0.0404963979368
0.0402833615563
0.0403820646089
0.041568102675
0.0406961687326
0.0398629174911
0.0398676490803
0.0421206711413
0.0418469624068
0.0417176666266
0.0421990920065
0.0401627535874
0.0409925265115
0.0426187597095
0.0401600003655
0.040397124045
0.0409137145528
0.041101188527
0.0418531490329
0.0411807298313
0.0408382894131
0.0407256310528
0.0410912008986
0.0415305099791
0.0428592605804
0.0416815880834
0.0415708468853
0.0429128684434
0.0421399140629
0.0429065541825
0.0436482243522
0.0428810356743
0.0418792459045
0.0439240185234
0.0473250947456
0.043239911468
0.0439588478632
0.0458157065962
0.0461954796388
0.0464865333783
0.0517519432996
0.0466658058516
0.0479673849102
0.0469796795172
0.0464983569572
0.0483669842614
0.045690969471
0.0484081922433
0.0468526149279
0.0471816699582
0.0470962882544
0.0476504268952
0.0473946867315
0.0477470287399
0.048456197425
0.0464859304722
0.0480778849575
0.0475687098497
0.0471053574992
0.0490804326047
0.0481777694283
0.0472248390004
0.0474433859222
0.0491350122231
0.0518385703295
0.0597830272691
0.0482654686031
0.0525885286664
0.0494775469964
0.0499824332309
0.0487846581434
0.0569774388319
0.0537996436846
0.0453675272435
0.0434138333975
0.0421739148417
0.0418993383911
0.0412042620166
0.0403750073771
0.0418459097524
0.0405444348677
0.0398330592909
0.0398701790938
0.0406199235592
0.0403087305975
0.0395641122859
0.0394064239662
0.0398488943937
0.0394727886231
0.0408136122755
0.0391837052518
0.0389254647992
0.0386043576164
0.0388280419186
0.03832039686
0.038533449306
0.038774384029
0.0381918046299
0.0380551088064
0.0378361924297
0.0374690722926
0.0378725086929
0.0383153963342
0.0377546684678
0.0378128273529
0.0370080119158
0.0370053550327
0.0371700423137
0.0377445114497
0.037914982251
0.037146931253
0.0371818153583
0.037407872561
0.0368735993179
0.0374956181405
0.0369778555473
0.0378043959853
0.0377974327464
0.0366836936652
0.0369293244961
0.0368108598851
0.03634689645
0.0362486748151
0.0363012538115
0.0373937691074
0.0367788943737
0.0364737348034
0.0363686665264
0.0361104951939
0.0363234201145
0.0367243746941
0.0366695173603
0.0356729284629
0.036414837527
0.0365235533049
0.0367372734495
0.0360794178165
0.0357581951182
0.0359242148393
0.0356681454605
0.0359589593842
0.0358138246013
0.0360746404689
0.0358673292058
0.0357746356983
0.0358021435387
0.0359957741444
0.035989497587
0.0355732769553
0.0353467177433
0.0358240337427
0.0359147774016
