0.569474762188
0.58088472678
0.597745137446
0.593900525098
0.599350942088
0.607119074031
0.588126509868
0.61405799639
0.612700431096
0.62877860424
0.633484157763
0.63202627876
0.63059722286
0.631051150394
0.634777939942
0.640270268226
0.634693506571
0.63623154347
0.638392316476
0.63039246539
0.635134345913
0.638954846906
0.632478286692
0.634911555825
0.628400268279
0.629676512282
0.635824587998
0.642531354942
0.644508282498
0.641434477319
0.634931508045
0.635332850137
0.626958560462
0.637066162839
0.637552927188
0.631838710447
0.631785048865
0.637338368118
0.633348767703
0.632612775121
0.63651779674
0.63620734486
0.641251329906
0.638361661025
0.637149956344
0.636461284841
0.635912569724
0.634574898479
0.636514015707
0.636820337536
0.636730058106
0.641140080286
0.64002519913
0.636235062739
0.636093361263
0.638759745612
0.638311344204
0.63657599556
0.628178321652
0.631589918487
0.638905431715
0.636801286947
0.635387558773
0.635452796132
0.636913118264
0.635965155165
0.632298396784
0.634735737799
0.630033296357
0.636188294271
0.639749096479
0.63264389593
0.633984999189
0.631732143491
0.633045877889
0.632056643362
0.63880651408
0.635042903089
0.632862003354
0.631559612054
0.629436184019
0.628591704879
0.636093157668
0.631263237251
0.63172353437
0.631305788412
0.634236815975
0.638676650145
0.637311202851
0.632023457528
0.636027513122
0.628741550119
0.632988551614
0.633092326423
0.636457183875
0.635058492578
0.636272785813
0.636947903766
0.628841427555
0.639642122334
