0.451164644911
0.460571098933
0.472631136213
0.472076483619
0.474726326494
0.486274961156
0.452331063384
0.481755616154
0.48561593312
0.500844753144
0.487770789658
0.496194824962
0.491117025102
0.504289858651
0.500409948073
0.505842494641
0.500982451386
0.495677233429
0.503432494279
0.500831308351
0.500988613895
0.508699902248
0.498198871746
0.503520431664
0.494127176995
0.495720735899
0.499614711033
0.509356645267
0.515031491462
0.51182377713
0.499024797994
0.505544094894
0.496353191764
0.502243390626
0.502695976773
0.494510135135
0.494476887357
0.502049607448
0.496305158702
0.496235359732
0.503309469134
0.503003712454
0.507485235545
0.503364550815
0.505250564934
0.497384481255
0.500726392252
0.49965616834
0.503016744627
0.50494720765
0.494449898059
0.507906215921
0.504322158971
0.49772841999
0.49687363676
0.506618531889
0.506024096386
0.499217081851
0.491658013153
0.492025690987
0.506539674022
0.504317558069
0.49975679244
0.499335803678
0.500527834471
0.506635891518
0.496505915727
0.500612995505
0.493951752264
0.502347737326
0.50486381323
0.493287137289
0.496970550937
0.489263346257
0.496649916248
0.498036560596
0.502335456476
0.497622595983
0.495853829937
0.48950218859
0.487937229596
0.49553987485
0.498174790638
0.497436589315
0.495630461923
0.495071497987
0.503829676749
0.499450750641
0.503931670282
0.489383971292
0.501069481819
0.493401709402
0.495548961424
0.493750451557
0.499074733096
0.495982627579
0.501447277739
0.498776802418
0.492038105834
0.502779757662
