0.141691392719
0.133965652418
0.132078597347
0.131474093919
0.129124208315
0.127371011411
0.126214792295
0.124474719324
0.124033338779
0.121937137629
0.120605537315
0.11937128305
0.118834930308
0.11737941771
0.116517942944
0.116568274335
0.114941864217
0.113956980541
0.113362735781
0.113330234988
0.112663541828
0.111839565124
0.111610330501
0.111253206437
0.111012695005
0.110382422548
0.110061119513
0.109839329767
0.108879291939
0.109065349044
0.109040504624
0.108871988112
0.10843473295
0.108939960965
0.108108767228
0.107994868206
0.107231941297
0.10737307296
0.106911753348
0.106867142777
0.106416069425
0.105727171031
0.107081645632
0.105758784931
0.106164791664
0.10580715896
0.105628311841
0.105529805656
0.105276665882
0.105266024091
0.105237995236
0.104506143624
0.104960303048
0.104795108415
0.105124399037
0.104365830902
0.104411436369
0.104166568029
0.104477439164
0.104103222634
0.104359751059
0.10499609114
0.10366420571
0.104341735726
0.103689544299
0.10388260319
0.103762814567
0.103432423917
0.103640391974
0.103160275384
0.103570960614
0.103558703655
0.104068838283
0.103230088391
0.103404757314
0.103200410256
0.102896088872
0.10307287086
0.103191715394
0.103719309135
0.10299296287
0.102625477089
0.102347958736
0.10301504535
0.102367123231
0.103265884298
0.102536331562
0.102861463352
0.102562871385
0.1018993654
0.102555796538
0.102512204852
0.102421056019
0.102264657795
0.102524499556
0.102131014093
0.101937512185
0.101998661146
0.102750302456
0.102919611383
