0.138834681194
0.124093260603
0.1189727812
0.115626989433
0.113545566538
0.111549541504
0.109382949052
0.107422856676
0.105963386037
0.104081675472
0.103919252534
0.102296477186
0.102266270378
0.101067841955
0.100071162406
0.0999102534505
0.0988890086153
0.0985471651359
0.0986717551118
0.0988694128858
0.0973604475853
0.0980486939625
0.0971707154647
0.0962232734436
0.0960364214444
0.0958525091882
0.0966890490261
0.0946488657758
0.0950502937058
0.0950632011367
0.0960913238566
0.0947726171419
0.0944182427402
0.0946128833842
0.0943402914838
0.0941265773167
0.0937118767384
0.0938312818285
0.0941265081694
0.0930602418627
0.0934716593684
0.0931161599526
0.092788098165
0.0929643828907
0.0934333482339
0.0928698137303
0.0922144826339
0.0930509431239
0.0931598043632
0.0924029674271
0.0922868635235
0.092719225479
0.0930573651744
0.0914786041195
0.092369817255
0.0928229070154
0.091825064138
0.092171204239
0.0918256373975
0.0910131370571
0.0912748518623
0.0916884033682
0.0910495755975
0.0910527333879
0.0916009603303
0.0914601243595
0.0909211330055
0.0916032849167
0.0910856617152
0.0913925856105
0.090973955566
0.0916053892587
0.0911552336193
0.0913429452928
0.0910332129808
0.0909466741241
0.0915447837011
0.0900914464133
0.0901911565556
0.0900151633214
0.090945449256
0.0905810700629
0.0906638621951
0.0909742487373
0.0901883973292
0.0909241412024
0.0904655286755
0.0904750700681
0.0904361396467
0.091594465208
0.090625255503
0.0916181321319
0.0904789589644
0.0899650187852
0.0895150895194
0.0894258578546
0.0901685766115
0.0900088123765
0.089889428575
0.0903756598982
0.0906774747008
0.0894258568558
0.0910932600582
0.0900159173178
0.0905480639567
0.0897794142261
0.0898986802417
0.0903472305825
0.0899623447372
0.0893026818597
0.0897086632938
0.0901327796928
0.0896742648742
0.0900769242184
0.0894409308825
0.0898096115786
0.0912783610242
0.0893808881556
0.0892387350758
0.0885681193204
0.0899058723748
0.0902001837309
0.0892732988382
0.0895365773544
0.0891471527016
0.0898376051861
0.0899427689017
0.0892327386128
0.0893539283923
0.0883291180794
0.0893820085019
0.0885656083214
0.0887046595557
0.0905868478138
0.0894016488839
0.0883744648467
0.0882317563591
0.0896232129585
0.0898022901484
0.0892641043001
0.0892471734141
0.0886983241542
0.0895431952028
0.0883819745705
0.0893060949111
0.0900736017314
0.0905174960636
0.0902221649623
0.0892939583138
0.0885230379178
0.0893202517326
0.0890177416692
0.088793858482
0.0897132047399
0.0888299665897
0.0897163745084
0.0880047773141
0.0890733234029
0.0889601548026
0.0892235116612
0.0888728347334
0.0893277467126
0.0888357411291
0.0884887133866
0.0893245802643
0.0893599807385
0.0886323702961
0.0894824826381
0.0895068719459
0.0884866039796
0.0889336150965
0.0895270693767
0.0903396700993
0.0895420052164
0.0897141645658
0.0904152890815
0.0887430158537
0.0894236224995
0.0884751487093
0.0892259775858
0.0892767399395
0.0883097601497
0.0890695835915
0.0888312688447
0.0894012285015
0.0887970949479
0.0902036618006
0.0888791354432
0.089187790411
0.0893822055268
0.0894410553101
0.0881151091714
0.0883018261977
0.0912187886683
0.0894502728016
0.0888650720961
0.0890531292373
0.0892805834298
0.0885938335391
0.0882569298838
