0.554552801724
0.557476847354
0.567645561025
0.580635580636
0.589130819614
0.599342969777
0.615586690018
0.626089525779
0.618807512921
0.604480265497
0.630131189166
0.631886636589
0.627405844363
0.647190041016
0.634577344059
0.645941036747
0.641235728677
0.621884759047
0.65518707483
0.65037873162
0.652768556633
0.648618860646
0.643373493976
0.630162470544
0.638469931327
0.654565306401
0.604134806004
0.639561961105
0.642998760843
0.647475893364
0.652585476123
0.626996332663
0.652122062434
0.651702786378
0.652835034129
0.648007108403
0.641004502505
0.645480225989
0.649813834999
0.644165390505
0.647506103941
0.642647994908
0.650433665275
0.647502356268
0.652321958994
0.656400384986
0.65667882002
0.655430220357
0.648668684747
0.66027002947
0.648689998088
0.657308554106
0.662900188324
0.660010306622
0.656176853056
0.637176756921
0.654600085849
0.637159666165
0.657815017725
0.646932863081
0.643020453562
0.642852602809
0.65607827369
0.657343611433
0.657861883172
0.660099833611
0.660688216893
0.641633935585
0.656140574266
0.658133879432
0.652173913043
0.637719509261
0.657920446615
0.65324734545
0.65379762806
0.650585539715
0.647161178063
0.644507249939
0.653014207091
0.656513285807
0.64973899594
0.660594059406
0.655125594026
0.650101163379
0.653290322581
0.653413112012
0.655200323756
0.628260483823
0.652505515285
0.579020979021
0.65621440536
0.651184030269
0.653573151402
0.642341128934
0.651635605369
0.644393761943
0.653856942496
0.656056701031
0.666801920606
0.659603004292
0.640220592843
0.654664897985
0.645281379909
0.651496853747
0.647771745992
0.630843059423
0.660559579605
0.66011179204
0.647219803458
0.650597930479
0.664332726509
0.627501312642
0.635281051398
0.652162618522
0.662105405772
0.631685527099
0.651641983258
0.652941568392
0.644918598915
0.654673283706
0.635802469136
0.620421245421
0.622966450152
0.643729743206
0.655481132701
0.658293118265
0.645793051831
0.643078283945
0.630999401556
0.646
0.648977760687
0.560277113724
0.637339714093
0.650957290133
0.647349823322
0.626660452109
0.647043961597
0.650272531373
0.640641253136
0.654982397061
0.632836527088
0.649505980239
0.654376091597
0.642152911267
0.656076983918
0.653466666667
0.651760228354
0.646263807667
0.621299412469
0.652229790515
0.653000425592
0.639848741687
0.643345543346
0.648970137106
0.646564183419
0.65162583231
0.654029766919
0.636634084148
0.641994878673
0.632115749526
0.636656730945
0.652363584352
0.645976559942
0.620938628159
0.651395471301
0.645728008089
0.643858457358
0.637300731152
0.650371529136
0.656066124965
0.651280750697
0.658038825286
0.655884144278
0.66037988229
0.632121776949
0.653783764722
0.634017841106
0.618276821719
0.65598661777
0.633646762892
0.653819683414
0.649242763116
0.630749170223
0.655735501646
0.650668714405
0.637970209543
0.65318361618
0.627580123493
0.650198026448
0.632142427523
0.640216855594
0.642134547294
0.642353544417
0.63789346247
0.643709940933
0.596696234132
0.651801258872
0.649507665462
0.644729064039
0.658712259003
