0.681524390279
0.683286846019
0.690888699773
0.704532993002
0.71308033764
0.721444767545
0.73298625391
0.74108860007
0.740507688003
0.728430109353
0.746219897889
0.752442634461
0.747981539253
0.759477246035
0.753129211852
0.760063247954
0.758134892127
0.744546849033
0.767031167926
0.760324662746
0.769073071077
0.763159826584
0.757119975662
0.751974688021
0.758061423751
0.768889487391
0.729172907795
0.76014992086
0.764323424894
0.760534859087
0.765038156438
0.751088617521
0.765068724634
0.764532196076
0.767996349267
0.767589190202
0.761081363755
0.764530916342
0.767443969456
0.766139920319
0.76147747057
0.762403678189
0.769068766517
0.763535108635
0.763313801875
0.770001052872
0.772675726409
0.772280812073
0.769949688996
0.773557695943
0.76794952263
0.773645299565
0.77459657834
0.777730560111
0.773549290416
0.759731651375
0.765950490574
0.753616470644
0.775664778283
0.767064004742
0.764503518396
0.76267960633
0.77140727715
0.771330871202
0.774350462188
0.775458275721
0.77294083498
0.750663280412
0.774982389112
0.776469527493
0.763375083692
0.760915754517
0.770323196869
0.770747661431
0.773426203256
0.76981982506
0.765853230776
0.766285606422
0.771717060078
0.774081979772
0.768229464484
0.776492969897
0.769713432614
0.769796731675
0.771429730668
0.771728635856
0.770203919826
0.752361051406
0.77226490265
0.702672521257
0.771541416561
0.768773875041
0.767406391807
0.764403728215
0.769256771103
0.765975212712
0.766559614963
0.774066564792
0.780222464338
0.774484892447
0.761012199939
0.774150590975
0.76642373046
0.770758800936
0.767711753835
0.754871453609
0.771392734716
0.774638256956
0.768125456996
0.771605432355
0.77554329079
0.752249685447
0.757141004021
0.769958094522
0.7759759282
0.755446432363
0.770038456012
0.769000300738
0.766454298656
0.768341557564
0.757620089965
0.745822045981
0.746727196155
0.76466461948
0.77157576579
0.774316054789
0.766588612576
0.763239082849
0.754522842383
0.766657630968
0.767876781375
0.67973308235
0.759432833442
0.76693457708
0.766217286068
0.751456308421
0.7669873952
0.769800599963
0.762786347796
0.762241355541
0.756960212482
0.767470727535
0.772249953028
0.763464926849
0.772526172018
0.769429564303
0.766700996506
0.764531090851
0.746875965254
0.770716802386
0.765137859365
0.75848324159
0.765549642925
0.769371161888
0.764147984971
0.769766396158
0.766636282675
0.759321525653
0.76431551381
0.756101743521
0.759237237705
0.764114653713
0.763814497876
0.74630881033
0.768390740076
0.765718800517
0.765346688717
0.760697239904
0.768087821177
0.768502745902
0.770720437995
0.769196652681
0.7705872293
0.775362528336
0.753756892387
0.766145766378
0.757496973719
0.743897936545
0.774104869563
0.757109883213
0.767701486877
0.768309825974
0.754756481127
0.770920570971
0.769543955088
0.758494264755
0.77208111537
0.751950867514
0.766091435844
0.755400594611
0.761981598586
0.762311595497
0.76173306839
0.760720391459
0.764158833627
0.722487692738
0.76766661412
0.770179779385
0.762499949101
0.768284783902
