0.100999577296
0.081091364202
0.0688839349561
0.0623268256866
0.0559437488757
0.0546888782263
0.0505762772188
0.0491816151421
0.0473656628968
0.0490131407411
0.045287049363
0.0451791340329
0.0439316239736
0.0437981977005
0.0432875578676
0.0430818199748
0.042889919616
0.0426142324047
0.0415734738507
0.0418607239938
0.0418370752199
0.0410638330009
0.0412282955044
0.0408134753934
0.0402169329043
0.0403553638309
0.0400814275139
0.0402692923919
0.0417558480006
0.0408976593787
0.0401742684732
0.0398513744067
0.0404119748002
0.0442077529146
0.0407436561363
0.0394531483942
0.0400812060305
0.0420820058633
0.0409419828823
0.0401281771731
0.0401574894494
0.0397322304225
0.0397007496864
0.0395197033191
0.0391630822217
0.0395286713686
0.0389431401803
0.0390183929581
0.0390465018014
0.038743431633
0.0385382574292
0.0381887444855
0.0380157531799
0.0379383691526
0.0380855066047
0.0377856407604
0.0376774233531
0.0378017001458
0.0379816270014
0.0378097700595
0.0410475853508
0.0443546489821
0.0454149914776
0.0460932508457
0.0442587822301
0.0438374467456
0.0407706654141
0.0404533340644
0.0399715247853
0.0392076847891
0.0384003250361
0.0389116756221
0.0384011460097
0.0420493208331
0.0546619562704
0.0626661620063
0.0637771253907
0.0723437859351
0.0723338730497
0.0731683349182
