0.494049832652
0.588788649857
0.635538053524
0.665515346574
0.699216198563
0.70641460656
0.72907012666
0.729851315288
0.744174597965
0.740091647239
0.7538334954
0.750119293781
0.754937023791
0.758065788436
0.755058988984
0.760509856702
0.761770022793
0.759188239054
0.7637104356
0.757148676171
0.762165545298
0.76415317805
0.763032806047
0.768221457717
0.765355310216
0.770471654632
0.76721467715
0.757500600048
0.774532431357
0.773826236157
0.769458858414
0.764643927732
0.738311011308
0.7604743083
0.767236667447
0.773195066384
0.76697948147
0.76559454191
0.776938369781
0.775852692099
0.768997445722
0.771000788022
0.778859745563
0.776025731545
0.778504451974
0.770302739068
0.778609120265
0.776472481493
0.779663718225
0.774761790376
0.780964487169
0.776700559628
0.771318135205
0.777679646728
0.774647887324
0.777364341085
0.781240163676
0.781282112086
0.775245356477
0.785118053899
0.740786910791
0.749128649988
0.727089158124
0.725395732966
0.729869528295
0.734278054385
0.747645339396
0.758658690176
0.749763779528
0.761609907121
0.761407455013
0.776311605723
0.770618762475
0.729875047331
0.677899235637
0.64845890411
0.553846153846
0.494205550473
0.473354474437
0.507602339181
