0.649211451062
0.710815149959
0.74511772682
0.768768639765
0.79081441702
0.79702316377
0.818707677882
0.82078864201
0.822943452618
0.822364489238
0.842086356463
0.831133431485
0.837713795593
0.83815472219
0.837154289989
0.839503852872
0.841439247237
0.837292530366
0.843351693641
0.83324932654
0.842374354825
0.842608255333
0.843585419639
0.843819523741
0.845674178512
0.851342499333
0.844091554511
0.835859140821
0.84926563617
0.851687620375
0.840723090535
0.83945813146
0.821329649638
0.839680136257
0.846502079277
0.85014315572
0.843727470134
0.839814595601
0.851178111659
0.853799356294
0.84472016576
0.848042908324
0.854485526497
0.852492544094
0.853711374568
0.845218447717
0.853860841704
0.849120124576
0.852906654443
0.848560502633
0.85432852638
0.852304801272
0.848134903761
0.850327379273
0.84855666343
0.85529405674
0.855976445911
0.855328784072
0.847069757729
0.85733715237
0.82664517101
0.833766135558
0.816557637192
0.816990536366
0.819366886413
0.823690003007
0.826726143283
0.838886730145
0.832133631007
0.836491736698
0.838212426568
0.850768015022
0.845892954889
0.821604908828
0.774836237651
0.751595595853
0.684259036814
0.637190093461
0.622135678582
0.645180608304
