0.537313432836
0.740051238258
0.76679245283
0.772227772228
0.780897009967
0.783246763954
0.783598712977
0.780278670954
0.791278784909
0.785638167063
0.791108205296
0.78430734169
0.788170115692
0.782102761616
0.78995951417
0.78280062127
0.790807981681
0.790533901081
0.792769318459
0.791087257055
0.790238328436
0.78781461269
0.787663890492
0.785737491878
0.784699991792
0.785255882837
0.79157446111
0.783065363174
0.788990825688
0.786585365854
0.787583292703
0.789620170269
0.786640407024
0.787088359961
0.787675161845
0.790465268676
0.78813559322
0.788478847885
0.783518747425
0.783694937541
0.78566131026
0.789843239713
0.786732186732
0.787444389521
0.789798436857
0.791234140715
0.787662714534
0.793627330213
0.786550435866
0.787574985619
0.786635309383
0.784659793814
0.788989317995
0.788697788698
0.78964721398
0.786526107725
0.788827552113
0.785790995456
0.785649633835
0.789214074318
0.787138584247
0.785525446134
0.789985175424
0.786330457863
0.789537811713
0.786463062319
0.785069932964
0.786761073604
0.784426229508
0.786226213032
0.788022969647
0.786855392765
0.783839721831
0.786178527355
0.787804076266
0.785197368421
0.78188754354
0.783759349059
0.786494538232
0.786080343858
0.788542266853
0.787353475318
0.784814296302
0.786025482943
0.784057010275
0.784569634892
0.790064367057
0.784866468843
0.786343068696
0.785878867676
0.784933774834
0.782021731972
0.78368764993
0.782859022866
0.782579897334
0.786109048915
0.784458682438
0.782872610942
0.78275862069
0.784461563678
0.781569403231
0.783873099802
0.786946920749
0.784113381674
0.781247397785
0.783087932878
0.784940944882
0.784086199751
0.781242246299
0.785907859079
0.784191025113
0.780933563843
0.783672798949
0.783745989965
0.783670103093
0.784268363216
0.784401022343
0.784472769409
0.785096034952
0.782601518653
0.782637563283
0.783812742108
0.787617229646
0.782379145356
0.785567180163
0.784888961731
0.787258623535
0.782219273511
0.781507074696
0.786694045175
0.783542630535
0.784889475421
0.787462785313
0.782825346732
0.78406190829
0.780281690141
0.783304462592
0.779909427748
0.783228372556
0.78516075845
0.784851992724
0.783638320775
0.784391207706
0.785419077533
0.783097659803
0.784210091667
0.78760842627
0.784489187174
0.787200530548
0.783549426047
0.785867591217
0.787470196498
0.7853602115
0.786080343858
0.788590326581
0.785731897756
0.784921292461
0.781092471697
0.785152042423
0.785057566471
0.784578630859
0.784546805349
0.785363825364
0.784459907223
0.783687057844
0.786222884584
0.784579748511
0.781778957849
0.78116435512
0.784547790765
0.785352486922
0.784083388484
0.787174414771
0.785779247623
0.785381285381
0.784820546592
0.786077108835
0.787193662843
0.781986181637
0.787964190981
0.781601533206
0.786811726601
0.7865615927
0.78563763929
0.784862882387
0.779240253249
0.782428168078
0.786063873911
0.784015852048
0.784164320027
0.780293605374
0.786635792259
0.783291562239
0.78380834366
0.784242323926
0.779442191509
0.784837247631
0.782500826993
0.782529722589
0.78132231405
0.782262743473
0.782160950087
0.785507486144
0.784501236603
0.788054749067
0.786779856589
0.785666997683
0.787018592297
0.784929356358
0.783363651397
0.78440745014
0.784232708041
0.787042393191
0.784174444536
0.784401022343
0.786828135368
0.786763492325
0.785382059801
0.781265570503
0.785121222185
0.784690580731
0.78244400527
0.781810665564
0.784753363229
0.783897954112
0.783084577114
0.785155599933
0.782206816869
0.783388704319
0.78524156188
0.782804298925
0.781492288454
0.78566131026
0.782601477546
0.784720507121
0.783986655546
0.782120135504
0.783739029641
0.784482047049
0.785631325701
0.784778643674
0.778919456414
0.783071422632
0.784593674774
0.783111625217
0.783404007649
0.781818181818
0.785584092792
0.783484723369
0.781242205039
0.781523715088
0.782457879088
0.784529479389
0.784479192521
0.784843711135
0.781343036718
0.782981530343
0.783862148952
0.783937866645
0.785373085159
0.784956925116
0.782961796635
0.779951710932
0.784631945019
0.782248029863
0.782485640556
0.784026348291
0.782206816869
0.782529270115
0.783111625217
0.780616885802
0.783448505537
0.780147730102
0.781613010289
0.785081117244
0.785554912817
0.783216783217
0.784868802251
0.78200347999
0.78538963722
0.781595902858
0.782795698925
0.781122999088
0.779849200431
0.78252184769
0.781307167803
0.781971173873
0.78240013233
0.781658665784
0.781809145129
0.786015373171
0.781502120935
0.78518150174
0.780701754386
0.785814664793
0.78301107255
0.784908789386
0.783551216283
0.785554543196
0.780252659574
