0.68022636171
0.815431936465
0.836411578802
0.841252115197
0.847771401082
0.850523149519
0.85068029506
0.848384539182
0.85777438519
0.853098614571
0.857525273296
0.853186683551
0.855858041413
0.850584402251
0.858107726861
0.851450549617
0.857207172096
0.856808593066
0.859299741087
0.858272579892
0.857092170528
0.855635745768
0.853681242645
0.854547244587
0.8522247888
0.852274640264
0.857425657623
0.853374397289
0.85563964314
0.853014355709
0.855823517675
0.856195367711
0.85366585675
0.854995704165
0.854623999553
0.856708948309
0.855808219035
0.855428836018
0.85079142834
0.851316468376
0.85233598025
0.8567549024
0.854026101924
0.853658236515
0.855566872801
0.856390905278
0.852868785945
0.858609964359
0.851876148489
0.854133454171
0.855436398083
0.85149280993
0.855168264686
0.855451842148
0.855172132974
0.85304501116
0.854643224651
0.852063891311
0.852546758288
0.855256420921
0.852186600369
0.851860762594
0.855540056553
0.851853142358
0.857314408004
0.852669438261
0.851278221774
0.853263467603
0.85223243812
0.852792060064
0.85471599499
0.852535327935
0.850346895219
0.852953015723
0.85428676051
0.852305295715
0.848695049232
0.851350963029
0.852313032289
0.852186542199
0.854585723867
0.853297991341
0.851822399653
0.852964504246
0.85036990135
0.85119771486
0.855298623064
0.851726594098
0.853071827408
0.852700064627
0.851144082364
0.849867751106
0.850358383742
0.850592109741
0.84943089639
0.852512292719
0.851941182253
0.850998338091
0.85078372085
0.852282260499
0.849350360391
0.85067264574
0.8543901863
0.851232180429
0.847652618482
0.850745416079
0.852508395347
0.850354573625
0.84862603084
0.853025815147
0.85139697529
0.849070563961
0.851396946205
0.851220662821
0.850779939818
0.850944763764
0.851354831316
0.850837469686
0.851879900437
0.849902274844
0.849124312797
0.850979229332
0.852688663358
0.849814118609
0.852316813322
0.852604200902
0.853278824413
0.848932672603
0.849591793879
0.853570051195
0.850435022369
0.851646116269
0.853106380231
0.849162646653
0.851327985983
0.847687054965
0.850492494068
0.84830787147
0.849775842923
0.85191439509
0.851255215644
0.850178261155
0.851565609354
0.851711295457
0.849982781758
0.850975419215
0.85337081985
0.850691841753
0.852562173268
0.850500172473
0.852228686173
0.853983987035
0.851741950908
0.852186542199
0.853953389754
0.852776703253
0.851013782156
0.848637519363
0.851167088494
0.851147921566
0.85160394321
0.85127819269
0.850783866275
0.850707169478
0.849465449213
0.852044753468
0.850986936822
0.848545582096
0.847974529799
0.850661186302
0.850994644312
0.850630501766
0.853389957693
0.851933591103
0.850638238341
0.851887549757
0.851098157357
0.85324432976
0.84822750998
0.853121737041
0.847809764023
0.852014127102
0.852006448697
0.852075379834
0.850086352973
0.846161728153
0.848890528629
0.851650013641
0.850871935255
0.850519368486
0.847541427032
0.852512321804
0.848641474905
0.850638151087
0.850684163348
0.847238624472
0.851741921823
0.84954202967
0.849802630086
0.848790825702
0.849047645086
0.848687399912
0.851665312281
0.851439148349
0.853075753865
0.853117839669
0.851718973863
0.85224791127
0.851420010505
0.850185910476
0.851419981421
0.850894941385
0.852914740037
0.850925596836
0.851354831316
0.852209577414
0.852922389357
0.850979316587
0.848058846832
0.850841337974
0.850860475817
0.850124541404
0.849082110654
0.850553892224
0.850316239769
0.849576553408
0.850550082107
0.84963015682
0.849553576363
0.851462183564
0.848691268199
0.847660296887
0.85233598025
0.849074490419
0.851803232725
0.849377322063
0.849400211854
0.850262578187
0.851243698036
0.851328073238
0.850814492641
0.846686739103
0.849170325058
0.850500230643
0.850113081966
0.849407948429
0.849147260758
0.851489028897
0.85046567782
0.847863396519
0.848959459766
0.849702985329
0.852040827011
0.85090261979
0.850848987294
0.848710347872
0.850320020801
0.85026641739
0.850707140393
0.852213329362
0.851063604534
0.849572714206
0.846751947377
0.850891131268
0.848917344877
0.848583945037
0.851278163605
0.84963015682
0.848974845661
0.850113081966
0.848200606478
0.84924699277
0.847342137517
0.84842677041
0.849768280857
0.851845434868
0.850814405386
0.85110958771
0.848909666472
0.851726623183
0.849059104523
0.849729830662
0.848135485458
0.847365114562
0.848633767415
0.847897891173
0.848097209772
0.849457712638
0.848817671035
0.848806182512
0.852152047546
0.848001375133
0.851151760769
0.848154623302
0.851983413482
0.850028764934
0.850883481947
0.850224244332
0.851504356622
0.847215676511
