0.0967189332852
0.0905412322239
0.0867136704075
0.0840172640243
0.08146418085
0.079597237594
0.0780034697235
0.0764965216061
0.0751674682004
0.074139205362
0.0729346039124
0.0721787257182
0.0720910899692
0.0710569399617
0.0698544038047
0.0700984319507
0.0692117332765
0.0683377603886
0.0685077064194
0.0676563616782
0.0677396550678
0.0672100460515
0.0667788158023
0.0668388246195
0.0668643355294
0.0667582934724
0.0667170526789
0.0662783497117
0.0655662816825
0.0663652817563
0.0661772793338
0.0657775561043
0.0655007514733
0.0653420051201
0.0653259565944
0.0652491507382
0.0650248986916
0.0646049461107
0.0652874464131
0.0643974521232
0.0648217304563
0.0651292192791
0.0644515472819
0.0645478158399
0.0646901769566
0.0645781991063
0.0645898720354
0.0646038751126
0.0646816588844
0.0644451684045
0.0642754739107
0.0644239154077
0.0642130103403
0.0640210927747
0.0636889848827
0.0635417450978
0.0633932632125
0.0640827487049
0.0637604166366
0.0640438576088
0.0643529352567
0.0642236345733
0.0638592916604
0.0640753950291
0.0641053328264
0.0639037019852
0.063958843778
0.0638988182705
0.0638438161852
0.0639188141942
0.0635256790179
0.0635543006809
0.0638679007742
0.0632629322116
0.0632932016326
0.0634311752434
0.0639522772323
0.0637873200153
0.0633331110798
0.0635306646544
0.0637441591198
0.0633539333992
0.0635427311318
0.0627226656897
0.0635628021695
0.0633313171493
0.0632800298706
0.0630869998359
0.063057466745
0.0636016446435
0.0637580342643
0.0635377332374
0.0636996392817
0.0629097697182
0.0632873750459
0.0632768247505
0.0631248542775
0.0637304838799
0.0633732410302
0.0629286830288
