0.49035199911
0.48958855996
0.477478071622
0.503631961259
0.516428019726
0.537113730487
0.503817711778
0.486996725101
0.517372707564
0.521332069211
0.526204091257
0.510512725931
0.555590518146
0.524756565359
0.496958945768
0.52169855343
0.524031563845
0.527140650918
0.52009569378
0.506634952429
0.507488876355
0.532860087016
0.525130921567
0.54442956017
0.521527904293
0.524685735107
0.495993846548
0.539388529346
0.537340516019
0.515718467609
0.52821879708
0.522771575403
0.544594222834
0.54374203557
0.528494998837
0.544416735938
0.535375722543
0.538137353832
0.495778279085
0.488340011824
0.529158050222
0.535129146989
0.518638964167
0.507024664377
0.547193123825
0.506232729506
0.534975080622
0.532577234332
0.502526706326
0.537544899937
0.519610769506
0.514990746453
0.526504512042
0.527769474502
0.49454787234
0.505400421496
0.536285221392
0.531240884429
0.504095213719
0.511924882629
0.530843772158
0.537584361182
0.506019491687
0.540447897623
0.533325612369
0.540574424436
0.519483682416
0.516256400765
0.534413427356
0.519177253479
0.515214723926
0.546351512523
0.47487909726
0.530945757997
0.547672336616
0.537188128178
0.543615819209
0.547747747748
0.532447269575
0.530471079308
0.545884884346
0.504796768493
0.528025897728
0.526366022429
0.551773204904
0.522143677119
0.531939324349
0.522245827011
0.547827048546
0.525050344786
0.519888091473
0.527108613784
0.533684210526
0.542994520854
0.51359707237
0.491742877821
0.542084336675
0.537567598665
0.538567335244
0.555909558068
0.493522025115
0.541683018445
0.534230406043
0.542636532717
0.519584826393
0.527101004632
0.526962704103
0.514813907933
0.499068422743
0.497905293894
0.540208995911
0.510776942356
0.51977742833
0.54611718531
0.507726550079
0.510579170088
0.516612299142
0.517840375587
0.528168599517
0.543152022315
0.535418805483
0.499935425546
0.5268823495
0.530376422527
0.519847609684
0.545423690463
0.501714784561
0.531690557991
0.497969543147
0.53118241861
0.537169992651
0.54131952263
0.543947679991
0.499148434429
0.523545706371
0.49630646532
0.541818596171
0.543509030176
0.491050320838
0.513617724463
0.521566025216
0.518234887954
0.543721600355
0.526553672316
0.511046949536
0.51325316376
0.515125324114
0.551325040562
0.508831732259
0.54698472857
0.544157608696
0.523448949682
0.526673132881
0.521388413591
0.50383828045
0.55374628672
0.524831171936
0.539215686275
0.540862815681
0.545643835616
0.515308928681
0.532411112381
0.542537227288
0.54235174056
0.523592085236
0.544363199825
0.535895535154
0.517629774731
0.52498358307
0.525278744617
0.490172482952
0.529051809546
0.534232244566
0.534754608039
0.532222020898
0.510849738977
0.496953370534
0.527158649537
0.524864897687
0.510017980992
0.553608654009
0.517923892395
0.526626150791
0.509688342635
0.521801975428
0.501498246733
0.516590678825
0.543260707954
0.509169090679
0.522571653639
0.540035536195
0.520942408377
0.513719800669
0.520350582303
0.506866734486
0.519471066359
0.535179328042
0.532452985911
0.538287524036
0.544381285527
0.534441805226
0.514431548885
0.528225573467
0.534235907267
0.529100529101
0.520179372197
0.507938508065
0.512650454434
0.547141170518
0.532212885154
0.54810875346
0.524418747693
0.529473807571
0.521049042098
0.521349945567
0.514145913054
0.526445264453
0.508958777096
0.520314308339
0.516529680365
0.536593805871
0.552285668671
0.505276303466
0.52298325723
0.539346212679
0.506329113924
0.499967610287
0.502588057064
0.512555391433
0.527204059955
0.503155768745
0.533681765389
0.513210763424
0.540810598406
0.521580102414
0.515083239454
0.529471850027
0.493366983757
0.517634024743
0.540573724746
0.524462074769
0.51866988668
0.52498950021
0.522636725824
0.549308052741
0.537415353099
0.549097313959
0.519965277778
0.502597081375
0.534358974359
0.548076399848
0.530685710968
0.524558779539
0.515452738117
0.537640513228
0.50660708586
0.509515733936
0.53970855036
0.530640428103
0.53101997897
0.534832246039
0.511748381129
0.541139594761
0.512341478503
0.536692346623
0.539025093741
0.519772644818
0.525165137078
0.528442503639
0.492799368712
0.500460344601
0.541900722229
0.555439960576
0.535774680739
0.515244652078
0.554938473266
0.526379550548
0.516398104265
0.547902351824
0.520683949255
0.550862581797
0.517380168313
0.534467688363
0.530303945858
0.510205355471
0.527298344487
0.530230875882
0.505354919054
0.529178268855
0.530893256443
0.519386503067
0.495627202715
0.504668243496
0.517369802796
0.511479512043
0.526253196171
0.529429198032
0.528627635211
0.526782071458
0.532900081235
0.531284302964
0.506666666667
0.511324424368
0.505991183957
0.537004380226
0.523533671253
0.539617182284
0.516736401674
0.529370300752
0.539774370842
0.532987611639
0.534706373504
0.488139098959
0.489769405651
0.53567495508
0.542302513465
0.55059871902
0.511522431969
0.551079848327
0.523681858803
0.510167052493
0.546043748312
0.491573761991
0.540934703348
0.509535086626
0.551943158575
0.55368073668
0.547986917785
0.523187260682
0.534364940419
0.537885286213
0.524855907781
0.52587299758
0.527953958187
0.551342374758
0.528097175541
0.518753498787
0.559020881421
0.500453074434
0.532810635759
0.506826801517
0.502383939774
0.543772163121
0.519774011299
0.534108877344
0.500927643785
0.501440167583
0.528782845062
0.539425798625
0.533977686296
0.535772547192
0.556997469172
0.526788386711
0.525484998193
0.536525475752
0.510815514669
0.52567591038
0.537121168555
0.537823834197
0.533755274262
0.51912005333
0.541179156441
0.528216435254
0.531759805623
0.529217066859
0.52405002405
0.530205278592
0.52590266876
0.545258986697
0.495126448894
0.552383008582
0.551360174102
0.498554077501
0.515684120591
0.532333972459
0.548738057105
0.550068965517
0.517101377953
0.524605828954
0.527018170986
0.514999372411
0.530750490225
0.512256128064
0.516859287501
0.534471889507
0.523880227666
0.52079476737
0.520943201794
0.514058717646
0.531375166889
0.543247174667
0.535061246228
0.526913840567
0.516538670859
0.535541752933
0.529583381958
0.530352577442
0.543985328672
0.54113304625
0.534857142857
0.54838362069
0.513730407524
0.532777391707
0.52316855271
0.508206991605
0.519922956543
0.529810781864
0.538949066605
0.52028261664
0.521580188679
0.539319513294
0.535627093624
0.530647581669
0.539427136825
0.524578356641
0.546741113384
0.54705629566
0.535009182736
0.540910923015
0.534226792213
0.533763188746
0.531296439398
0.497029323452
0.542115768463
0.526756247053
0.545199483755
0.537143520939
0.535220838052
0.535834591706
0.532949640288
0.528494914846
0.527772951057
0.516121077615
0.526781500708
0.545689558278
0.531879787861
0.530732165942
0.530515891294
0.52028783939
0.540929265689
0.547153220488
0.535442161164
0.524039320822
0.539836481534
0.543783842914
0.524174802417
0.491302667182
0.540636829214
0.522235576923
0.503593429158
0.543264840183
0.540856890459
0.530439814815
0.541852742471
0.513326389314
0.490739524498
0.541811468288
0.530518369995
0.493911221684
0.520231213873
0.497707162695
0.542822815951
0.499842618823
