0.611639602887
0.626481784278
0.624319665579
0.626577661261
0.639635568875
0.643966555953
0.631674313584
0.627516572845
0.638835737021
0.642988695737
0.646086887658
0.639015609633
0.658182535763
0.645115177227
0.632811718529
0.641609166187
0.645889762058
0.643705663194
0.64304316966
0.638220097025
0.638949230359
0.648189716132
0.647390144805
0.654767575119
0.64565772255
0.647945353061
0.633476292843
0.650751275984
0.6507185217
0.646287835449
0.645856973494
0.643733296086
0.653562083769
0.653535016493
0.646430226601
0.654091400544
0.651057157463
0.65562309097
0.63395640449
0.631107460502
0.648512998004
0.65169970705
0.64269585084
0.638228474992
0.653421975648
0.63582287421
0.652119013307
0.651036116564
0.637735813535
0.651401785324
0.64249258574
0.64258166848
0.64767988053
0.64864643529
0.636611253205
0.642801192458
0.65125246281
0.648823356416
0.638849226096
0.641944613935
0.649773912825
0.653350056769
0.639685678988
0.653828540129
0.649672054028
0.653691349212
0.644446012856
0.643490640145
0.651114853681
0.643559597255
0.642161073304
0.6535909713
0.6248471621
0.647938874191
0.657544339702
0.654552325824
0.655249088807
0.65816550902
0.648799929647
0.650386059716
0.652478090075
0.637839797675
0.649105811126
0.647393253976
0.658832740013
0.645587781612
0.652743099829
0.646128698648
0.656593138835
0.648690710992
0.644625851188
0.648148278792
0.650896879147
0.653793286852
0.643941219803
0.633565906919
0.653229813752
0.652277245123
0.652673124612
0.656624343675
0.635851072718
0.653020217185
0.652183154114
0.654261153778
0.646007958575
0.648770737027
0.648823808909
0.641640892079
0.635844175636
0.633685131828
0.653088337869
0.641237505329
0.643971056882
0.656509890505
0.640688436573
0.64194343814
0.641541079782
0.639357851624
0.647411830163
0.65371367903
0.655209279754
0.637000348735
0.645821528251
0.648206166976
0.645645590952
0.656769449782
0.634332497717
0.650644748288
0.633686420746
0.648963125169
0.650290193017
0.653121849735
0.655315694327
0.638038246473
0.646274154408
0.635903918353
0.654630723572
0.655358454865
0.636062184449
0.640761678649
0.645006794997
0.646657065873
0.653534372034
0.647228238201
0.64161276213
0.64347926613
0.642755062222
0.657413140883
0.638694182295
0.656650190593
0.655857255822
0.647603189913
0.649212712471
0.646192839455
0.638644785201
0.660865548706
0.646448079486
0.652663989063
0.652685143086
0.654018124188
0.641822663787
0.647696715306
0.656371218704
0.65459054087
0.647408415902
0.652597349263
0.650140226044
0.643664565223
0.646451946239
0.6454684093
0.634335336079
0.647067507392
0.650714349857
0.64660551944
0.652891891007
0.641693658871
0.634207359554
0.64814956771
0.648063097085
0.643295142832
0.662797064218
0.643983527848
0.648447263189
0.640560154959
0.645012595128
0.636661826094
0.646392577171
0.656083190109
0.641088827274
0.646193370791
0.653816295408
0.647854484346
0.644000736274
0.643616422767
0.64007318051
0.644048731327
0.653932027212
0.650750134469
0.651197875765
0.652766876252
0.652923356374
0.640581727194
0.645574213694
0.653595664195
0.647974014345
0.645851965225
0.639840157173
0.640427249009
0.657555408628
0.651619794138
0.655111976734
0.649014942412
0.647927387053
0.647403486476
0.645114872137
0.643726354441
0.645611931683
0.639947476731
0.645089738237
0.642305240147
0.651769421741
0.656744586692
0.636996673947
0.646968486957
0.652188388629
0.639208789636
0.637371094323
0.636314281028
0.640595487079
0.646933765017
0.636695982419
0.650218771195
0.63990051007
0.652458033003
0.646084117856
0.644144903116
0.650388106216
0.632769941819
0.6442320182
0.651717830744
0.646750286177
0.645589409899
0.646961816122
0.645854961273
0.656445410328
0.651115803229
0.657197325972
0.646640728153
0.634009555215
0.648881889059
0.655335864521
0.647931785143
0.646356226943
0.640406931411
0.651065953643
0.640323604238
0.64061322684
0.65549867611
0.646997453331
0.648789086968
0.651380744424
0.640236454875
0.652439875029
0.640988257395
0.649401199579
0.653645592625
0.643942587564
0.6444460917
0.646513701177
0.634212854595
0.639345144127
0.655253181807
0.661822323458
0.652197863547
0.642388827846
0.660935263397
0.648922219164
0.646047723064
0.657579898069
0.645977442757
0.657032083951
0.643091312116
0.651144611916
0.65154105702
0.640429408632
0.646483411606
0.651256363844
0.636742383465
0.648796402263
0.649407678449
0.645152590127
0.635264059726
0.63621575765
0.643204544928
0.64156549038
0.64699403907
0.649029312476
0.647508838378
0.645366019168
0.649547220955
0.647891602441
0.637225604283
0.641760908849
0.636869794374
0.650765148992
0.646472150714
0.650673601539
0.643558534583
0.648094336205
0.654485380935
0.648927985015
0.646830051687
0.62907840544
0.630763137731
0.651545647077
0.653574667859
0.659439199897
0.639407622367
0.658640656961
0.645286106256
0.640655874255
0.652989893334
0.631738070458
0.651024142653
0.639789550005
0.657490702205
0.657916871265
0.658482538268
0.646945173312
0.64800642926
0.651947858032
0.646930124509
0.643501979881
0.647010037421
0.659492158655
0.647523129598
0.646101857617
0.663044762708
0.637608515749
0.64739708645
0.639418386203
0.635484804062
0.65356413027
0.64663621694
0.647801343905
0.636650225833
0.639506824485
0.650398530683
0.654080365898
0.653023700006
0.652113100053
0.661653859142
0.648055137331
0.647738865665
0.648521228568
0.640414472952
0.643836522644
0.651897477109
0.652538624654
0.651153103006
0.643700010466
0.654301449603
0.648658035551
0.648385247725
0.650353192309
0.646485039893
0.648569179057
0.648259046891
0.656707999934
0.635938300925
0.658095646925
0.657976082647
0.635520701798
0.641944919024
0.64924899414
0.65721355057
0.658185261001
0.643794022632
0.646215813731
0.647749708345
0.644370079821
0.650252091095
0.642065580254
0.640241802513
0.649534749989
0.649200049538
0.646745469875
0.645048266617
0.642560401334
0.648431230558
0.654054666383
0.653053345118
0.645963874839
0.641596085041
0.650694789841
0.647590910913
0.650015314128
0.656837570466
0.652355111535
0.649545705791
0.654671290207
0.643376344662
0.64926123886
0.644876580006
0.639419561998
0.643577642106
0.649689906913
0.65347413226
0.645060624461
0.642654797433
0.651623513489
0.649511323219
0.647308682449
0.652924079676
0.646696569837
0.655713925405
0.653304876082
0.650086622827
0.654913596495
0.650121005398
0.651181572324
0.650690731121
0.633810078025
0.654949686197
0.646469233508
0.655861653911
0.652857700402
0.648934847817
0.651860742948
0.648785638427
0.649825277576
0.645477205479
0.643317246403
0.646583110779
0.656383768514
0.650282380666
0.649148876754
0.646965761719
0.644323644496
0.652630782286
0.655502282338
0.650974327346
0.645550063622
0.652118447691
0.652353483248
0.643089344459
0.63084907702
0.651522412274
0.645108314424
0.638810445435
0.65591430758
0.650908976465
0.64741611513
0.655110835219
0.640669826106
0.632691849161
0.650065095155
0.649341072929
0.634461876282
0.644917633413
0.635503945865
0.655788185589
0.634094544955
