0.0832530627268
0.0747861873387
0.0710134147988
0.0686578043797
0.0672659273535
0.065342074622
0.0644473714098
0.0636575042289
0.0630503803743
0.0617586022711
0.0615119962589
0.0605385040391
0.060715419844
0.0600046212764
0.0595237839779
0.0591368470009
0.0588458625096
0.0587103988369
0.0583343686701
0.058333047592
0.0582131596541
0.0575812979633
0.0576768169705
0.057171688546
0.0574809395638
0.0573963850085
0.0570619441845
0.0567284435669
0.0566008174501
0.0564615817124
0.0565995385331
0.05598670752
0.0564678356963
0.0564566053814
0.0557480351861
0.0560304981111
0.0555714547208
0.0564312179564
0.055852294186
0.0556368487908
0.0557159954103
0.0558928110571
0.0551996216792
0.0552629033895
0.055492214535
0.0552390229456
0.0550362434106
0.0549538573322
0.0550976409838
0.0551981203044
0.0550799065548
0.0544459118802
0.0554010944076
0.0549529358539
0.0548877940691
0.054622231013
0.055116550934
0.0544994388335
0.0548648951411
0.0547223096544
0.0545369622959
0.0547370984355
0.0543692142229
0.0543208098715
0.0544116633446
0.0543880839646
0.0547781794339
0.0546635311507
0.0544346900009
0.054083716225
0.0544252521139
0.0540914373901
0.0541997842826
0.0539909225145
0.0540456221138
0.0537996864988
0.0540070185401
0.0545128946117
0.0540412196554
0.0541408533753
0.0539955658113
0.0541450373121
0.0540001411129
0.0538514052276
0.0543693705124
0.0533360824261
0.0535365753464
0.0540627240056
0.0544211128241
0.0540801235245
0.0540112179273
0.0539802159479
0.0536239639798
0.053532350997
0.0534182310173
0.053559915434
0.0537169488785
0.0541569959187
0.0534809969379
0.0538189811238
0.0535909978762
0.0533564969147
0.0535355447567
0.0541318589811
0.0536745732418
0.0532754350721
0.0535344481614
0.0532725207558
0.0537792877954
0.0534606523501
0.0534426730091
0.0536201959969
0.0537044077332
0.0536935594235
0.0530662754403
0.0536927700714
0.0531800363847
0.0533477375519
0.0534063419813
0.0530243650432
0.0534068699893
0.0532459740445
0.053152274713
0.0534594605716
0.0530340082036
0.0532369180138
0.053475487724
0.0529516620391
0.0535234407058
0.0529949754038
0.0530948196313
0.0533111054623
0.0530437070684
0.0532708482671
0.0531292892814
0.0532754077285
0.0531027840305
0.0535590951147
0.0533258056377
0.0530520791735
0.053099404746
0.052781707849
0.0532634555752
0.0536385497434
0.0531853693389
0.0531933661001
0.0533036093471
0.0531712419376
0.0530825837579
0.0531481641169
0.0533657853873
0.0528181864978
0.053185502697
0.0530250478146
0.0530103525959
0.0533040798822
0.0530354796421
0.0531732905416
0.0531105670933
0.0531141573773
0.0530896381338
0.0529703299068
0.0530559721303
0.0535982194577
0.0533085971003
0.0532470919825
0.0532663091197
0.0531065477248
0.0533797932389
0.0531189050393
0.0530318013478
0.0529790679243
0.0528036499693
0.0532369278972
0.0529004680964
0.0529989821583
0.0529882577028
0.0531264777039
0.0532403127157
0.0529432173072
0.0528731236835
0.0527280286618
0.0531943683133
0.0526207019851
0.0529801087126
0.0526938591353
0.0528097708932
0.0529819797
0.0529805184334
0.0529871021222
0.0527706875591
0.0527833801803
0.0527890556437
0.0532059545131
0.0528990544936
0.0525393965797
0.052823802515
0.0525742764186
0.0526422418855
0.0525568162682
0.0526955866796
0.0526180155074
0.0529379488626
0.0526141031077
0.0528666998595
0.0528063240122
0.0531533024101
0.0528777401054
0.0529069924537
0.0527697234991
0.0524263048389
0.0526060050831
0.0530388672293
0.0524596423317
0.0526301301344
0.0529095523722
0.0523897176767
0.0529634261399
0.0525925127425
0.0526075044352
0.052393883388
0.0524341802892
0.0526367677851
0.052778467742
0.0528679734549
0.0525822692889
0.0530601120723
0.0531252236632
0.0529839124471
0.0524507485668
0.0525204503204
0.052855797752
0.0527614370118
0.0527356379169
0.0525080064367
0.0524973600595
0.0527657353632
0.0530382751014
0.0526572658934
0.0523489028206
0.0522496957689
0.0526622839535
0.0530740819865
0.052342226761
0.0527646138223
0.0522881740225
0.0524372266913
0.0524273986443
0.0529494999763
0.0524117459255
0.0526013747287
0.052277940581
0.0528749715579
0.0525871537468
0.0527235528387
0.0527714194886
0.052822318613
0.0527131086155
0.0525805155489
0.0525073606887
0.0523073730651
0.0529076997825
0.0529439844064
0.0525290682798
0.0528557231483
0.0521003591233
0.0525976894275
0.0524944913621
0.0526493906637
0.0527087208553
0.0524742676862
0.0525670746959
0.0526151805993
0.05241974025
0.0525082189944
0.0520266643081
0.0526434781749
0.0524431415005
0.0528662143726
0.0528094783624
0.0527631584887
0.0523729605746
0.0524372934588
0.0528238631123
0.0526914729923
0.0523133756441
0.0521429137584
0.0526724856845
0.0521036924965
0.0526170484687
0.0524263158379
0.0526919239589
0.052177886246
0.0525846461945
0.0524896756131
0.0527063924047
0.0528471251305
0.0525479192409
0.0525113504828
0.0524347639384
0.0524228184009
0.0524736872149
0.0526285492375
0.0521707383902
0.0526978279261
0.0524880192064
0.0526824619281
0.0530050676541
0.052586618791
0.0521730850047
0.0526931674034
0.0523684017399
0.052459640892
0.0525010224093
0.0524581148852
0.0526249399046
0.0523057034028
0.0524022085812
0.0525310801779
0.0521313012266
0.0527554922024
0.0521438774677
0.0524036437984
0.0521846477338
0.0528553139421
0.0525263250988
0.052575806808
0.0523924283963
0.0521959314843
0.0523817656208
0.0524648287887
0.052194952266
0.0526354484087
0.0519099150361
0.0521692043527
0.0527936368046
0.0523503109809
0.0523666762665
0.0522872242621
0.0526653160857
0.0525298380507
0.0522311405784
0.0525623622778
0.0523019368739
0.0524518391594
0.0521764157332
0.0522742310603
0.0523467885264
0.052577241216
0.0528427799834
0.0520221307648
0.0525168475688
0.0526159864829
0.0525508274814
0.0527558762495
0.0524133731405
0.0523403660925
0.0527247951021
0.0523658408451
0.0524826291253
0.0523460408842
0.05245052228
0.0524123471693
0.0525225065365
0.0526833134631
0.0525239687965
0.052179831832
0.052353835222
0.052528299012
0.0526570584104
0.0526198798614
0.0525043406928
0.052499579944
0.0526087102726
0.0525617005087
0.0523530687589
0.0527911818311
0.0524363182102
0.0523907814648
0.0522035845856
0.052491767563
0.0522881465965
0.0524593378237
0.0522918632289
0.052271796302
0.0526619223284
0.0520944127672
0.0522794095701
0.0525262418978
0.0522887739409
0.0524665679209
0.0526558405829
0.0521346857913
0.0524666666612
0.0522962455887
0.0524680699328
0.0525027672705
0.0524934479025
0.0522280468367
0.0529335484514
0.0524858372679
0.0525365270854
0.0521458456938
0.0524798855094
0.0526588715574
0.0521721158685
0.0523446604735
0.0522609489559
0.0521976907214
0.0524997509654
0.0522172457531
0.0519794633272
0.052879529675
0.0528359264138
0.0522332116655
0.0522120665374
0.0521261018653
0.0529031865687
0.0524169514625
0.0526420468839
0.0524331467079
0.0520022565051
0.0524836847028
0.052065095569
0.0521353287811
0.0522300546501
0.0521388106011
0.0521593111762
0.0528939489672
0.0520589888882
0.0523592315915
0.0519555833643
0.0528913959743
0.0523010654619
0.0523297064375
0.0520720972131
0.0519983082175
0.052018252345
0.0520437771463
0.0522208857686
0.0525002955082
0.0523194996134
0.0525098043455
0.0521679333315
0.0521836076499
0.0523225825068
0.0524845161224
0.0521581622892
0.0523426174309
0.0524908023775
0.0525040313158
0.0524549484023
0.0521648600979
0.0522899289256
0.0526277740337
0.0529842295354
0.0527544283895
0.0523586326824
0.0524093457411
0.0520773766446
0.0524827614795
0.0525565406938
0.0527963610514
