0.936
0.940476190476
0.94324853229
0.936507936508
0.940239043825
0.931506849315
0.939096267191
0.931773879142
0.938123752495
0.927710843373
0.934911242604
0.943025540275
0.949019607843
0.935166994106
0.944881889764
0.943025540275
0.932806324111
0.940711462451
0.932806324111
0.939334637965
0.936758893281
0.927710843373
0.933070866142
0.930139720559
0.922772277228
0.93253968254
0.936758893281
0.932
0.930139720559
0.938123752495
0.936758893281
0.934653465347
0.934653465347
0.93253968254
0.934653465347
0.934653465347
0.936507936508
0.934393638171
0.934393638171
0.93253968254
0.934393638171
0.934393638171
0.932270916335
0.932270916335
0.932270916335
0.932270916335
0.932270916335
0.932270916335
0.92828685259
0.93041749503
