0.931994261119
0.93543758967
0.935963653754
0.931037780966
0.935915829747
0.922764227642
0.932042085127
0.922285987566
0.933955045433
0.923672883788
0.928120516499
0.936441893831
0.942802486848
0.927642276423
0.938880918221
0.936441893831
0.926159732186
0.934959349593
0.926159732186
0.93156384505
0.93055954089
0.923672883788
0.925681492109
0.925155428025
0.915399330464
0.926637972262
0.93055954089
0.927594452415
0.925155428025
0.933955045433
0.93055954089
0.928598756576
0.928598756576
0.926637972262
0.928598756576
0.928598756576
0.931037780966
0.929076996652
0.929076996652
0.926637972262
0.929076996652
0.929076996652
0.927116212339
0.927116212339
0.927116212339
0.927116212339
0.927116212339
0.927116212339
0.922716403635
0.924677187948
