6.371043920516967773e-01
4.903235137462615967e-01
4.191950261592864990e-01
3.238212466239929199e-01
1.002723649144172668e-01
6.243218481540679932e-02
8.094096183776855469e-02
1.430780440568923950e-01
3.919655084609985352e-01
4.420441985130310059e-01
3.821994662284851074e-01
4.931050539016723633e-01
5.981615185737609863e-01
2.892434895038604736e-01
3.699836134910583496e-01
1.300673186779022217e-01
4.647364318370819092e-01
5.012887120246887207e-01
7.751666009426116943e-02
5.666661262512207031e-01
1.515651643276214600e-01
7.488495856523513794e-02
1.257151961326599121e-01
3.504039943218231201e-01
1.224994286894798279e-01
1.324235349893569946e-01
3.325295448303222656e-01
4.745911657810211182e-01
1.024768203496932983e-01
3.812674060463905334e-02
1.689217835664749146e-01
5.315161496400833130e-02
1.549292057752609253e-01
7.323914021253585815e-02
1.327693760395050049e-01
9.602688252925872803e-02
1.575221419334411621e-01
2.124171704053878784e-01
8.893077820539474487e-02
1.276715397834777832e-01
1.270099878311157227e-01
1.703061908483505249e-01
1.611917316913604736e-01
1.773333400487899780e-01
1.105029657483100891e-01
9.460276365280151367e-02
1.511086076498031616e-01
1.275331974029541016e-01
2.740330696105957031e-01
1.773647964000701904e-01
8.025343716144561768e-02
5.646205693483352661e-02
1.027512997388839722e-01
2.423993647098541260e-01
2.067735493183135986e-01
4.408621788024902344e-01
7.801400870084762573e-02
8.634457737207412720e-02
6.898803114891052246e-01
7.919186949729919434e-01
1.623087227344512939e-01
4.845724701881408691e-01
1.095930188894271851e-01
5.480991005897521973e-01
6.312260627746582031e-01
3.055096864700317383e-01
2.375681102275848389e-01
1.055726259946823120e-01
5.263126492500305176e-01
4.416292011737823486e-01
4.986189603805541992e-01
7.552862763404846191e-01
7.024105787277221680e-01
8.786750435829162598e-01
6.913319826126098633e-01
8.253189921379089355e-01
5.434849262237548828e-01
5.577263236045837402e-01
6.303312182426452637e-01
9.622805714607238770e-01
4.290384054183959961e-01
1.148532256484031677e-01
8.261875063180923462e-02
8.646367490291595459e-02
9.520666301250457764e-02
8.544566035270690918e-01
6.669639348983764648e-01
6.186577081680297852e-01
6.574313640594482422e-01
5.153707861900329590e-01
3.939989507198333740e-01
4.766224324703216553e-01
7.455297708511352539e-01
6.461712121963500977e-01
9.032906889915466309e-01
8.611351251602172852e-01
4.735452830791473389e-01
4.591304361820220947e-01
4.286442399024963379e-01
5.857242941856384277e-01
5.566193461418151855e-01
4.623014032840728760e-01
2.751329541206359863e-01
3.826051950454711914e-01
8.257273435592651367e-01
2.875161468982696533e-01
4.641791582107543945e-01
6.818604469299316406e-01
4.789982736110687256e-01
8.463075160980224609e-01
1.647296398878097534e-01
7.794947028160095215e-01
8.905352950096130371e-01
5.996906161308288574e-01
5.522336959838867188e-01
6.914536952972412109e-01
6.899827718734741211e-01
5.557941794395446777e-01
8.826922774314880371e-01
5.060458779335021973e-01
5.480263233184814453e-01
4.439522624015808105e-01
5.654786825180053711e-01
6.428396105766296387e-01
7.364212870597839355e-01
6.583414077758789062e-01
9.862449765205383301e-01
3.840459585189819336e-01
9.587509632110595703e-01
6.928706169128417969e-01
5.139214396476745605e-01
5.308328866958618164e-01
8.212468028068542480e-01
8.429617881774902344e-01
6.883274316787719727e-01
7.504633069038391113e-01
4.733023941516876221e-01
7.143216133117675781e-01
8.602071404457092285e-01
3.058402240276336670e-01
6.914405226707458496e-01
1.102352961897850037e-01
5.239001512527465820e-01
9.492518305778503418e-01
1.962303668260574341e-01
8.717982769012451172e-01
8.919549584388732910e-01
7.897198200225830078e-01
1.024371147155761719e+00
4.417360126972198486e-01
1.850461214780807495e-01
6.046944856643676758e-01
6.006183624267578125e-01
1.015304088592529297e+00
8.307309746742248535e-01
3.867560327053070068e-01
7.209628224372863770e-01
9.331609010696411133e-01
7.995359301567077637e-01
2.164803594350814819e-01
1.684022843837738037e-01
4.056675434112548828e-01
6.775655746459960938e-01
9.631918072700500488e-01
7.960460782051086426e-01
5.555713176727294922e-01
1.447624415159225464e-01
3.850925862789154053e-01
4.508599638938903809e-01
3.011119067668914795e-01
2.523190677165985107e-01
9.691476225852966309e-01
9.065360426902770996e-01
5.539939999580383301e-01
7.352271676063537598e-01
9.154605269432067871e-01
5.357165932655334473e-01
9.604258537292480469e-01
7.345541566610336304e-02
5.032939836382865906e-02
1.438050419092178345e-01
2.884753234684467316e-02
7.620573043823242188e-02
1.485443115234375000e-01
6.048281118273735046e-02
1.821424961090087891e-01
6.805921345949172974e-02
7.114795595407485962e-02
6.778227537870407104e-02
7.740556448698043823e-02
7.399667799472808838e-02
3.284130245447158813e-02
9.058769792318344116e-02
1.125010326504707336e-01
9.666410833597183228e-02
5.835875272750854492e-01
6.544965505599975586e-01
4.326975941658020020e-01
2.331464886665344238e-01
3.948749303817749023e-01
2.025629878044128418e-01
4.633888602256774902e-01
9.106127619743347168e-01
8.104348778724670410e-01
2.406450212001800537e-01
5.743153691291809082e-01
8.099098205566406250e-01
1.077302917838096619e-01
4.140090048313140869e-01
4.034531712532043457e-01
1.179829761385917664e-01
9.527509659528732300e-02
1.207238137722015381e-01
1.246829107403755188e-01
7.730109244585037231e-02
1.308047324419021606e-01
1.520142704248428345e-01
4.065897464752197266e-01
7.239575684070587158e-02
7.634338736534118652e-02
1.296637505292892456e-01
1.149359494447708130e-01
9.714298695325851440e-02
1.212147027254104614e-01
1.394411325454711914e-01
6.280136108398437500e-01
5.322692990303039551e-01
2.888798415660858154e-01
5.095798373222351074e-01
1.393721103668212891e-01
9.659949690103530884e-02
9.535990655422210693e-02
1.617163866758346558e-01
1.376294642686843872e-01
9.860435128211975098e-02
1.047088727355003357e-01
7.828713655471801758e-01
4.676379263401031494e-01
1.476814150810241699e-01
1.360127031803131104e-01
8.411354571580886841e-02
1.523368358612060547e-01
1.190033778548240662e-01
4.487272500991821289e-01
1.222314611077308655e-01
1.175109893083572388e-01
6.772539019584655762e-01
1.004630476236343384e-01
1.514798253774642944e-01
6.517422795295715332e-01
7.421458959579467773e-01
1.423488855361938477e-01
1.224202811717987061e-01
6.100981235504150391e-01
4.705742001533508301e-01
5.327228903770446777e-01
2.728025615215301514e-01
1.048758253455162048e-01
5.029342323541641235e-02
9.550872445106506348e-02
1.418643146753311157e-01
1.469746530055999756e-01
1.531246006488800049e-01
1.612921655178070068e-01
1.539997756481170654e-01
3.889823555946350098e-01
2.485642135143280029e-01
1.409812271595001221e-01
4.902352988719940186e-01
1.212924197316169739e-01
4.172349274158477783e-01
5.628480315208435059e-01
6.396853923797607422e-01
1.583244204521179199e-01
5.371357500553131104e-02
2.572824656963348389e-01
2.188753932714462280e-01
1.312276870012283325e-01
1.419404894113540649e-01
8.111710548400878906e-01
2.916771173477172852e-01
3.191167116165161133e-01
3.964189589023590088e-01
2.318987399339675903e-01
8.973467350006103516e-02
5.812063813209533691e-01
4.107133448123931885e-01
5.189443826675415039e-01
1.519554555416107178e-01
2.226974517107009888e-01
1.202660873532295227e-01
4.438790977001190186e-01
2.141383737325668335e-01
1.715911179780960083e-01
3.717612922191619873e-01
9.341848641633987427e-02
1.349209696054458618e-01
2.095019519329071045e-01
1.189242973923683167e-01
1.777448952198028564e-01
5.063410401344299316e-01
6.523802131414413452e-02
5.903412029147148132e-02
7.810430973768234253e-02
8.482943475246429443e-02
1.535649299621582031e-01
8.547519147396087646e-02
6.664263010025024414e-01
8.898145705461502075e-02
1.535734534263610840e-01
1.919866949319839478e-01
1.466696262359619141e-01
2.522255778312683105e-01
1.049316376447677612e-01
3.370048403739929199e-01
4.741697385907173157e-02
1.072654426097869873e-01
4.255234897136688232e-01
6.156458854675292969e-01
3.808855116367340088e-01
5.512106418609619141e-01
5.750690698623657227e-01
7.569997906684875488e-01
1.969531029462814331e-01
5.127093791961669922e-01
3.089019954204559326e-01
9.583851695060729980e-02
7.274479866027832031e-01
4.969683587551116943e-01
4.869889020919799805e-01
4.836851358413696289e-01
4.372515678405761719e-01
7.230142951011657715e-01
4.580721259117126465e-01
1.879536360502243042e-01
1.907228231430053711e-01
2.268581837415695190e-01
1.734357327222824097e-01
6.024372577667236328e-02
4.280064254999160767e-02
1.113137602806091309e-01
3.116663992404937744e-01
5.683283209800720215e-01
7.655591517686843872e-02
7.797447592020034790e-02
9.720712155103683472e-02
8.203388005495071411e-02
3.948339223861694336e-01
3.016815185546875000e-01
1.173918917775154114e-01
8.154234290122985840e-02
3.905187249183654785e-01
3.550336062908172607e-01
5.447492599487304688e-01
2.151294499635696411e-01
9.168516844511032104e-02
3.576876819133758545e-01
1.085884198546409607e-01
7.783169150352478027e-01
5.940003395080566406e-01
4.968084096908569336e-01
1.630453467369079590e-01
8.768258988857269287e-02
8.375883847475051880e-02
7.459118217229843140e-02
2.253758609294891357e-01
7.033395767211914062e-02
2.186561822891235352e-01
6.115269288420677185e-02
1.159914210438728333e-01
1.003758534789085388e-01
2.154794633388519287e-01
1.075212731957435608e-01
8.920772373676300049e-02
1.331112235784530640e-01
2.242987602949142456e-01
8.667964488267898560e-02
4.137669876217842102e-02
2.448837459087371826e-02
4.923599213361740112e-02
4.023356363177299500e-02
1.535402536392211914e-01
1.253584176301956177e-01
1.101623177528381348e-01
9.519066661596298218e-02
5.825246497988700867e-02
6.947176158428192139e-02
5.954309552907943726e-02
1.004189252853393555e-01
2.623653970658779144e-02
6.586509943008422852e-02
1.202693283557891846e-01
6.190496683120727539e-02
8.743343502283096313e-02
6.418681144714355469e-02
6.799494475126266479e-02
1.005642488598823547e-01
3.258330002427101135e-02
6.439761072397232056e-02
1.852832585573196411e-01
1.285013556480407715e-01
3.490223884582519531e-01
1.246097609400749207e-01
9.024152904748916626e-02
1.223238781094551086e-01
1.475454270839691162e-01
4.418337941169738770e-01
2.161374837160110474e-01
2.593081593513488770e-01
2.278032004833221436e-01
2.744645774364471436e-01
1.564077287912368774e-01
1.963297426700592041e-01
2.155098468065261841e-01
2.817161679267883301e-01
8.346346020698547363e-02
1.622721254825592041e-01
4.032541513442993164e-01
8.380622416734695435e-02
1.072246059775352478e-01
8.759591728448867798e-02
1.138945221900939941e-01
3.832459449768066406e-03
2.863222360610961914e-01
1.923325657844543457e-01
1.635877639055252075e-01
1.209989339113235474e-01
1.279371529817581177e-01
1.254338920116424561e-01
1.608472317457199097e-01
2.119258493185043335e-01
4.536595940589904785e-01
2.465339154005050659e-01
2.330142855644226074e-01
2.143252342939376831e-01
2.332188785076141357e-01
2.765940129756927490e-01
8.245492726564407349e-02
4.178167581558227539e-01
3.714855015277862549e-01
6.343420743942260742e-01
2.958815991878509521e-01
2.303079217672348022e-01
4.170362651348114014e-01
3.540151119232177734e-01
1.491897106170654297e-01
2.614268660545349121e-01
3.699718713760375977e-01
2.011073976755142212e-01
4.185451269149780273e-01
2.715737819671630859e-01
4.395407140254974365e-01
2.179335355758666992e-01
1.670964509248733521e-01
7.196120619773864746e-01
6.365426182746887207e-01
3.093047738075256348e-01
2.259460389614105225e-01
1.073683723807334900e-01
9.604807198047637939e-02
5.708683282136917114e-02
3.842581808567047119e-02
1.566168479621410370e-02
3.259326890110969543e-02
1.259831935167312622e-01
9.837068617343902588e-02
2.794419042766094208e-02
8.707081526517868042e-02
8.732996881008148193e-02
8.544402569532394409e-02
9.440466761589050293e-02
1.095282062888145447e-01
1.581790894269943237e-01
1.278614848852157593e-01
9.046586602926254272e-02
4.920648410916328430e-02
2.645938098430633545e-01
4.258219301700592041e-01
2.392858117818832397e-01
7.656295597553253174e-02
7.311967015266418457e-02
6.617018580436706543e-02
1.345506459474563599e-01
2.282113879919052124e-01
2.488865703344345093e-01
3.394144177436828613e-01
7.875553518533706665e-02
6.636664271354675293e-02
1.039292663335800171e-01
8.578819036483764648e-02
8.422192931175231934e-02
1.697283983230590820e-01
3.404230996966362000e-02
1.122073754668235779e-01
8.187832683324813843e-02
1.441529244184494019e-01
1.872938871383666992e-01
3.393341302871704102e-01
3.978807106614112854e-02
1.430934071540832520e-01
4.949878752231597900e-01
1.981774270534515381e-01
1.800996214151382446e-01
2.266597151756286621e-01
2.420838326215744019e-01
2.143351882696151733e-01
1.846550852060317993e-01
2.137414962053298950e-01
1.089586541056632996e-01
1.093899011611938477e-01
1.708232909440994263e-01
9.086349606513977051e-02
1.014936864376068115e-01
1.007074639201164246e-01
2.624209970235824585e-02
7.413104176521301270e-02
6.439240276813507080e-02
1.770551949739456177e-01
4.859688878059387207e-02
1.853422224521636963e-01
2.090505361557006836e-01
1.099152937531471252e-01
2.228666394948959351e-01
9.458114206790924072e-02
1.345148086547851562e-01
1.005808413028717041e-01
1.126682013273239136e-01
1.226415410637855530e-01
7.529140263795852661e-02
3.670151159167289734e-02
4.814793169498443604e-02
1.404378265142440796e-01
8.488126844167709351e-02
7.688678801059722900e-02
1.317940503358840942e-01
1.122257784008979797e-01
6.982204318046569824e-02
1.133553311228752136e-01
1.307817101478576660e-01
9.548027813434600830e-02
2.120775729417800903e-02
7.842343300580978394e-02
8.381468243896961212e-03
1.273210942745208740e-01
1.262244135141372681e-01
1.148468106985092163e-01
2.700632251799106598e-02
3.072685003280639648e-02
1.112756505608558655e-01
1.097228303551673889e-01
7.461001724004745483e-02
8.655576407909393311e-02
8.639235049486160278e-02
2.116464674472808838e-01
3.374713957309722900e-01
2.580429613590240479e-01
1.421106755733489990e-01
7.931258529424667358e-02
3.598054051399230957e-01
4.133828580379486084e-01
2.066304683685302734e-01
8.769981563091278076e-02
2.460410147905349731e-01
4.139408469200134277e-01
1.354782134294509888e-01
3.377471491694450378e-02
6.996620446443557739e-02
7.125385105609893799e-02
6.403703987598419189e-02
3.312925100326538086e-01
2.604233622550964355e-01
5.748041868209838867e-01
3.562275469303131104e-01
3.413233160972595215e-01
3.478817045688629150e-01
1.700499802827835083e-01
1.887735873460769653e-01
2.331300824880599976e-01
3.079977631568908691e-01
2.014895975589752197e-01
1.396966278553009033e-01
1.594408005475997925e-01
1.585312634706497192e-01
1.285476833581924438e-01
1.139220967888832092e-01
2.165100723505020142e-01
9.576328843832015991e-02
3.268077671527862549e-01
1.356910318136215210e-01
1.514158844947814941e-01
1.192374825477600098e-01
4.358439743518829346e-01
2.055809944868087769e-01
3.231141567230224609e-01
3.509738743305206299e-01
3.175896108150482178e-01
4.376585483551025391e-01
2.176969349384307861e-01
2.732090353965759277e-01
5.319474339485168457e-01
3.706409633159637451e-01
1.038921177387237549e-01
2.070772945880889893e-01
4.452691674232482910e-01
1.876634508371353149e-01
9.260848909616470337e-02
2.833904027938842773e-01
4.115742146968841553e-01
2.990402281284332275e-01
1.415254175662994385e-01
2.817844450473785400e-01
1.890996247529983521e-01
2.061188071966171265e-01
6.032265424728393555e-01
6.702310442924499512e-01
1.838637739419937134e-01
1.412372291088104248e-01
2.266476452350616455e-01
1.217256709933280945e-01
4.230422079563140869e-01
1.651921272277832031e-01
4.225927591323852539e-01
4.897318780422210693e-01
4.880283772945404053e-01
2.987601757049560547e-01
5.609197616577148438e-01
1.495434492826461792e-01
2.941154539585113525e-01
1.438611298799514771e-01
3.092868328094482422e-01
1.097072437405586243e-01
9.593602269887924194e-02
6.790100038051605225e-02
8.509489893913269043e-02
1.349172294139862061e-01
1.718707829713821411e-01
2.002114355564117432e-01
1.091811731457710266e-01
4.088133201003074646e-02
1.613280028104782104e-01
6.560180336236953735e-02
4.851647093892097473e-02
9.887222200632095337e-02
4.717690870165824890e-02
2.191562205553054810e-02
1.157099455595016479e-01
7.761405408382415771e-02
7.453722506761550903e-02
2.829928100109100342e-01
1.094740107655525208e-01
8.280815184116363525e-02
3.181167542934417725e-01
1.806368827819824219e-01
6.835786998271942139e-02
6.398967653512954712e-02
1.560868024826049805e-01
1.398535221815109253e-01
1.065895259380340576e-01
1.048826500773429871e-01
3.219023942947387695e-01
1.632943153381347656e-01
5.931250751018524170e-02
9.105135500431060791e-02
2.623286545276641846e-01
1.512185037136077881e-01
1.296021193265914917e-01
2.629945874214172363e-01
2.819073796272277832e-01
1.821645051240921021e-01
6.666761636734008789e-02
9.329356998205184937e-02
7.629399001598358154e-02
1.163167506456375122e-01
1.668702512979507446e-01
9.740466624498367310e-02
2.716177403926849365e-01
1.240569725632667542e-01
2.081494033336639404e-01
6.555623561143875122e-02
2.570542879402637482e-02
1.037203595042228699e-01
2.451265752315521240e-01
6.976714730262756348e-02
2.579660415649414062e-01
4.255322217941284180e-01
3.442587852478027344e-01
1.812276095151901245e-01
2.436712831258773804e-01
9.729860723018646240e-02
1.741892695426940918e-01
2.239051908254623413e-01
2.020197063684463501e-01
2.616772949695587158e-01
1.116804331541061401e-01
4.539339542388916016e-01
1.128714755177497864e-01
2.133196145296096802e-01
2.423456758260726929e-01
9.459933638572692871e-02
1.480989158153533936e-01
9.555797278881072998e-02
1.070216745138168335e-01
8.546721935272216797e-02
6.036498397588729858e-02
5.471310392022132874e-02
1.887005195021629333e-02
1.677900552749633789e-01
6.126766279339790344e-02
3.993397355079650879e-01
7.359178662300109863e-01
1.753615736961364746e-01
2.843812406063079834e-01
9.293249845504760742e-01
1.014781832695007324e+00
8.696230053901672363e-01
8.117176294326782227e-01
8.874344825744628906e-01
9.200348258018493652e-01
7.932167649269104004e-01
9.128175973892211914e-01
8.811449408531188965e-01
9.120424389839172363e-01
7.223641276359558105e-01
6.772917509078979492e-01
7.966309189796447754e-01
6.342709660530090332e-01
8.233994245529174805e-01
1.235036253929138184e-01
4.316663146018981934e-01
9.171475470066070557e-02
1.525463908910751343e-01
1.403454095125198364e-01
2.312645316123962402e-01
1.389217078685760498e-01
1.832322925329208374e-01
2.070531696081161499e-01
3.062064647674560547e-01
1.149494126439094543e-01
9.434007108211517334e-02
1.384490132331848145e-01
1.534728854894638062e-01
1.220765784382820129e-01
1.321721822023391724e-01
8.042068779468536377e-02
1.305461227893829346e-01
1.071133688092231750e-01
1.485975831747055054e-01
1.117414385080337524e-01
1.304793655872344971e-01
1.207748129963874817e-01
9.189828485250473022e-02
7.556339502334594727e-01
9.782788753509521484e-01
8.483075499534606934e-01
4.084860384464263916e-01
5.558076500892639160e-01
5.826702117919921875e-01
5.477453470230102539e-01
8.994511961936950684e-01
7.713277935981750488e-01
8.346691131591796875e-01
2.661700844764709473e-01
8.686020970344543457e-01
7.711920738220214844e-01
3.299060761928558350e-01
6.051003932952880859e-01
8.010072708129882812e-01
6.116233468055725098e-01
8.595650196075439453e-01
8.408082723617553711e-01
5.778573155403137207e-01
2.052008807659149170e-01
1.035772800445556641e+00
9.163118004798889160e-01
2.226388603448867798e-01
6.456441879272460938e-01
9.652529358863830566e-01
8.338255286216735840e-01
7.752805352210998535e-01
8.793331384658813477e-01
8.896407485008239746e-01
9.408015608787536621e-01
9.968980550765991211e-01
5.015198588371276855e-01
8.592578172683715820e-01
9.535517096519470215e-01
8.518029451370239258e-01
7.111185789108276367e-01
3.727841079235076904e-01
6.898436546325683594e-01
3.269865810871124268e-01
9.789206385612487793e-01
8.682216405868530273e-01
6.499949693679809570e-01
6.515264511108398438e-01
7.146257758140563965e-01
9.683161377906799316e-01
9.306982159614562988e-01
1.012338519096374512e+00
4.936360120773315430e-01
6.809170842170715332e-01
7.498249411582946777e-01
8.783182501792907715e-01
9.627342224121093750e-01
9.918383359909057617e-01
9.775348901748657227e-01
9.736171364784240723e-01
8.828567862510681152e-01
8.454223275184631348e-01
5.194495916366577148e-01
2.184535562992095947e-01
9.389150738716125488e-01
9.199595451354980469e-01
7.538577914237976074e-01
9.376552104949951172e-01
6.114670634269714355e-01
7.274043560028076172e-01
7.329556941986083984e-01
7.446982264518737793e-01
9.639576673507690430e-01
8.464648723602294922e-01
3.097463846206665039e-01
6.960810422897338867e-01
5.305592417716979980e-01
5.635613203048706055e-01
9.564861655235290527e-01
9.450681209564208984e-01
9.634171128273010254e-01
1.012981653213500977e+00
5.598558187484741211e-01
6.427523493766784668e-01
7.299045920372009277e-01
7.243357300758361816e-01
9.286544919013977051e-01
8.659735321998596191e-01
2.961705625057220459e-01
1.048241496086120605e+00
8.654373288154602051e-01
1.027159571647644043e+00
7.913351058959960938e-01
8.511461019515991211e-01
8.448835611343383789e-01
8.665648698806762695e-01
6.669318079948425293e-01
9.188076257705688477e-01
6.187516450881958008e-01
8.409519791603088379e-01
7.870215773582458496e-01
3.752430379390716553e-01
1.039826869964599609e+00
7.617094516754150391e-01
6.193167567253112793e-01
1.756043881177902222e-01
7.257580757141113281e-01
9.184182286262512207e-01
9.810079932212829590e-01
1.083685040473937988e+00
1.077026009559631348e+00
1.004241824150085449e+00
8.821244835853576660e-01
7.746047973632812500e-01
8.374406695365905762e-01
9.266917705535888672e-01
6.480135321617126465e-01
5.583022832870483398e-01
3.206754624843597412e-01
7.440873384475708008e-01
5.562770962715148926e-01
2.219588905572891235e-01
8.548846840858459473e-01
8.453807234764099121e-01
9.298426508903503418e-01
1.023070454597473145e+00
8.178200721740722656e-01
6.728937625885009766e-01
2.229093760251998901e-01
8.261057734489440918e-01
1.153914690017700195e+00
9.878307580947875977e-01
7.369700670242309570e-01
8.544383049011230469e-01
6.396521329879760742e-01
5.434669852256774902e-01
9.971123337745666504e-01
3.738669753074645996e-01
2.982860803604125977e-01
3.310554027557373047e-01
6.994014382362365723e-01
5.940825343132019043e-01
6.394169926643371582e-01
9.346795082092285156e-01
6.281653642654418945e-01
5.388029813766479492e-01
8.701317906379699707e-01
7.762647867202758789e-01
6.640303134918212891e-01
6.563954353332519531e-01
9.490925669670104980e-01
7.504279017448425293e-01
8.974301815032958984e-01
9.958245754241943359e-01
1.036690548062324524e-01
1.983811408281326294e-01
2.185205370187759399e-01
1.341585516929626465e-01
1.366112977266311646e-01
8.738791942596435547e-02
8.588282018899917603e-02
1.276874691247940063e-01
1.638213247060775757e-01
1.156017705798149109e-01
1.264257580041885376e-01
6.386496126651763916e-02
9.590188413858413696e-02
8.919700980186462402e-02
1.271300762891769409e-01
1.233733147382736206e-01
1.210343763232231140e-01
1.170398741960525513e-01
8.786210417747497559e-02
8.526740968227386475e-02
8.981610089540481567e-02
2.517092823982238770e-01
4.441417157649993896e-01
4.464886486530303955e-01
1.878815740346908569e-01
3.443132936954498291e-01
6.349702477455139160e-01
2.876589894294738770e-01
2.323327660560607910e-01
1.843721419572830200e-01
4.845265448093414307e-01
7.017747759819030762e-01
9.593642354011535645e-01
1.533514559268951416e-01
7.127794623374938965e-02
1.079769283533096313e-01
1.042252182960510254e-01
1.723217368125915527e-01
9.894725680351257324e-02
1.324492543935775757e-01
1.263089329004287720e-01
2.273667901754379272e-01
5.264968276023864746e-01
1.770926117897033691e-01
1.044270768761634827e-01
1.988450884819030762e-01
1.782400161027908325e-01
2.197702676057815552e-01
1.512982249259948730e-01
1.632431000471115112e-01
3.306487202644348145e-01
6.404389739036560059e-01
2.953402698040008545e-01
6.243775486946105957e-01
2.893651127815246582e-01
1.928395777940750122e-01
3.830134272575378418e-01
5.518895983695983887e-01
1.987158507108688354e-01
1.086769402027130127e-01
2.944890260696411133e-01
8.702970147132873535e-01
1.469450742006301880e-01
2.141815423965454102e-01
4.881098568439483643e-01
5.377967953681945801e-01
3.425103425979614258e-01
6.304017305374145508e-01
3.023521304130554199e-01
3.859024345874786377e-01
3.970351815223693848e-01
6.728394031524658203e-01
1.883904486894607544e-01
3.573728799819946289e-01
4.258106052875518799e-01
7.471981644630432129e-01
3.025101125240325928e-01
6.341038346290588379e-01
8.725854158401489258e-01
3.015774488449096680e-01
4.304602444171905518e-01
7.565761804580688477e-01
5.731524825096130371e-01
2.654822170734405518e-01
9.552815556526184082e-01
8.950054645538330078e-01
7.340423464775085449e-01
4.833122193813323975e-01
7.852590084075927734e-01
5.451188087463378906e-01
4.393369853496551514e-01
7.039765119552612305e-01
3.390959799289703369e-01
2.957986593246459961e-01
1.080448389053344727e+00
3.631680905818939209e-01
1.600813716650009155e-01
1.362675577402114868e-01
8.152815699577331543e-01
4.345178306102752686e-01
3.443997800350189209e-01
5.128620266914367676e-01
5.231523513793945312e-01
1.833587586879730225e-01
1.091611266136169434e+00
7.183434367179870605e-01
5.958687663078308105e-01
3.886800408363342285e-01
6.605946421623229980e-01
4.111461341381072998e-01
9.757418036460876465e-01
4.725624620914459229e-01
9.371215105056762695e-01
2.036586105823516846e-01
9.173852205276489258e-01
7.710251808166503906e-01
9.404342770576477051e-01
2.795450389385223389e-01
7.479069828987121582e-01
9.038880467414855957e-01
4.166579842567443848e-01
2.333725392818450928e-01
5.420003533363342285e-01
5.220025181770324707e-01
3.305771350860595703e-01
6.756907701492309570e-01
1.935994476079940796e-01
9.015241265296936035e-02
9.118592739105224609e-02
8.736123144626617432e-02
8.767011761665344238e-02
1.275564134120941162e-01
1.438570469617843628e-01
3.328680396080017090e-01
5.847352147102355957e-01
3.368580043315887451e-01
2.524713575839996338e-01
8.614423871040344238e-02
1.433904841542243958e-02
3.198087215423583984e-01
1.165334358811378479e-01
2.900048792362213135e-01
6.664676666259765625e-01
1.029621064662933350e-01
5.340244993567466736e-02
2.724031209945678711e-01
1.860901564359664917e-01
2.083195149898529053e-01
5.044921636581420898e-01
1.025057584047317505e-01
1.736098080873489380e-01
1.241778060793876648e-01
9.314409643411636353e-02
8.657941967248916626e-02
1.523180902004241943e-01
1.456755399703979492e-01
1.578804254531860352e-01
1.003692597150802612e-01
1.127811670303344727e-01
8.334242552518844604e-02
1.674510985612869263e-01
8.639684319496154785e-02
1.079878434538841248e-01
7.295633852481842041e-02
1.197281107306480408e-01
8.865276724100112915e-02
1.101147606968879700e-01
1.345794051885604858e-01
6.568141281604766846e-02
1.262533664703369141e-01
1.303649842739105225e-01
8.267802596092224121e-01
4.721148312091827393e-01
4.223892986774444580e-01
3.507119119167327881e-01
4.164400994777679443e-01
1.903673559427261353e-01
4.229728877544403076e-01
5.197994709014892578e-01
1.098705381155014038e-01
5.544211864471435547e-01
4.726123809814453125e-01
1.674636155366897583e-01
6.418092250823974609e-01
6.443551778793334961e-01
3.601637482643127441e-01
3.937368690967559814e-01
1.454389840364456177e-01
2.144805192947387695e-01
9.590229392051696777e-01
8.142419457435607910e-01
4.801300168037414551e-01
5.969001054763793945e-01
4.428923130035400391e-01
5.889016985893249512e-01
3.569017648696899414e-01
3.461038470268249512e-01
9.310515522956848145e-01
9.331371188163757324e-01
1.708825677633285522e-01
6.815973520278930664e-01
8.565707802772521973e-01
4.863547980785369873e-01
5.514623522758483887e-01
8.246717453002929688e-01
1.535976231098175049e-01
8.104870319366455078e-01
4.480617344379425049e-01
5.132392048835754395e-01
7.373177409172058105e-01
8.591814637184143066e-01
9.014770388603210449e-01
5.266609787940979004e-01
5.934465527534484863e-01
9.061321616172790527e-01
6.117695569992065430e-01
9.492571353912353516e-01
6.035863757133483887e-01
3.173544108867645264e-01
5.102406144142150879e-01
4.206805825233459473e-01
7.901735901832580566e-01
9.217544198036193848e-01
1.117983937263488770e+00
1.195940673351287842e-01
4.285368621349334717e-01
3.429975807666778564e-01
4.872553646564483643e-01
6.717035770416259766e-01
3.281427621841430664e-01
9.694417715072631836e-01
2.337499111890792847e-01
8.755673766136169434e-01
9.033226370811462402e-01
7.244849205017089844e-01
8.506212234497070312e-01
4.473337531089782715e-01
5.929479002952575684e-01
5.142776966094970703e-01
6.361091732978820801e-01
4.912927448749542236e-01
4.797349572181701660e-01
6.478451490402221680e-01
8.216570019721984863e-01
6.685667634010314941e-01
5.662294030189514160e-01
7.583861947059631348e-01
1.447209268808364868e-01
7.546676993370056152e-01
9.959625005722045898e-01
9.636577963829040527e-01
9.494941830635070801e-01
4.821421802043914795e-01
3.890354931354522705e-01
5.702616572380065918e-01
9.071320295333862305e-01
5.751633644104003906e-01
6.175667047500610352e-01
2.020701617002487183e-01
4.941483736038208008e-01
5.132806897163391113e-01
8.489698767662048340e-01
7.473451495170593262e-01
3.251405656337738037e-01
4.404465258121490479e-01
6.370580196380615234e-01
1.503472328186035156e-01
6.413228511810302734e-01
8.630239963531494141e-02
1.163893342018127441e-01
1.502908170223236084e-01
6.016802042722702026e-02
1.833966970443725586e-01
5.829488113522529602e-02
3.706651926040649414e-02
3.822869807481765747e-02
1.306186318397521973e-01
1.192009523510932922e-01
4.825104773044586182e-01
5.074039101600646973e-01
1.628031730651855469e-01
1.382352262735366821e-01
5.145822465419769287e-02
4.105997458100318909e-02
5.504317581653594971e-02
9.295656532049179077e-02
7.811147719621658325e-02
3.708517923951148987e-02
7.845298945903778076e-02
9.923521429300308228e-02
1.065648496150970459e-01
9.529788792133331299e-02
1.628826856613159180e-01
1.074049100279808044e-01
1.365987360477447510e-01
9.718570858240127563e-02
6.315304338932037354e-02
8.413113653659820557e-02
4.436480998992919922e-01
1.245216652750968933e-01
1.424462199211120605e-01
2.404138594865798950e-01
5.903415381908416748e-02
5.454910993576049805e-01
2.995862364768981934e-01
5.599357485771179199e-01
4.441105127334594727e-01
5.014996528625488281e-01
4.511049389839172363e-01
4.780869558453559875e-02
2.044522762298583984e-01
3.106227219104766846e-01
1.368753612041473389e-01
1.531502604484558105e-01
3.306339681148529053e-01
4.131631180644035339e-02
1.243679597973823547e-01
1.613918244838714600e-01
1.773056238889694214e-01
1.847442239522933960e-01
4.667095541954040527e-01
2.864605784416198730e-01
2.750774025917053223e-01
4.429576396942138672e-01
1.276187449693679810e-01
1.902832537889480591e-01
6.031506061553955078e-01
8.226612210273742676e-01
1.156595721840858459e-01
7.788373529911041260e-02
1.294546872377395630e-01
1.533070653676986694e-01
1.198394317179918289e-02
7.174898684024810791e-02
6.513355672359466553e-02
1.118988096714019775e-01
4.358713626861572266e-01
4.447187185287475586e-01
1.364157199859619141e-01
1.971141099929809570e-01
5.083956122398376465e-01
1.326429992914199829e-01
9.874282777309417725e-02
1.087710112333297729e-01
1.517715603113174438e-01
1.149523481726646423e-01
1.094691082835197449e-01
1.053182631731033325e-01
1.040256395936012268e-01
4.371680617332458496e-01
7.236531376838684082e-02
1.670989841222763062e-01
6.789649128913879395e-01
5.612252354621887207e-01
7.672485709190368652e-01
3.190938830375671387e-01
1.025557965040206909e-01
3.707835674285888672e-01
9.410092234611511230e-02
5.925646424293518066e-02
2.038532346487045288e-01
4.557430446147918701e-01
4.427686631679534912e-01
3.208933770656585693e-01
6.983834505081176758e-01
5.973434448242187500e-01
8.295882940292358398e-01
1.229936555027961731e-01
4.949060678482055664e-01
3.669990599155426025e-01
1.887177973985671997e-01
6.009525656700134277e-01
8.628511428833007812e-01
1.546292155981063843e-01
4.975781142711639404e-01
1.636004298925399780e-01
8.280457258224487305e-01
7.843120694160461426e-01
7.782731652259826660e-01
1.034408688545227051e+00
5.148046612739562988e-01
3.546820878982543945e-01
1.773588955402374268e-01
6.260807514190673828e-01
1.381321847438812256e-01
1.147317290306091309e-01
3.029767572879791260e-01
2.428930699825286865e-01
1.162203699350357056e-01
2.805362269282341003e-02
1.103816181421279907e-01
1.402971297502517700e-01
7.085262238979339600e-02
9.108246862888336182e-02
4.020126536488533020e-02
5.378146842122077942e-02
9.624341875314712524e-02
5.204158648848533630e-02
5.738613754510879517e-02
1.349502652883529663e-01
6.248017027974128723e-02
4.694291949272155762e-02
2.717740535736083984e-01
3.758132159709930420e-01
8.593684434890747070e-02
1.345011293888092041e-01
8.513414114713668823e-02
1.009464263916015625e-01
8.007252961397171021e-02
1.069163158535957336e-01
1.152620837092399597e-01
3.852529823780059814e-01
1.216331124305725098e-01
1.040780097246170044e-01
1.062593385577201843e-01
1.120998561382293701e-01
1.413279473781585693e-01
9.751660376787185669e-02
1.733196824789047241e-01
4.782598912715911865e-01
1.219756826758384705e-01
1.152506098151206970e-01
6.312118470668792725e-02
9.553196281194686890e-02
1.703587621450424194e-01
7.353693246841430664e-02
4.382942020893096924e-01
3.340191841125488281e-01
3.479483127593994141e-01
1.223501637578010559e-01
4.418942034244537354e-01
7.326745986938476562e-02
2.053185105323791504e-01
3.078813254833221436e-01
2.565060257911682129e-01
8.999436348676681519e-02
5.740721821784973145e-01
2.921290993690490723e-01
2.255916297435760498e-01
1.756243407726287842e-01
2.761720418930053711e-01
1.494056731462478638e-01
1.515742838382720947e-01
3.147799670696258545e-01
1.095943227410316467e-01
1.616259813308715820e-01
3.581657409667968750e-01
7.214599847793579102e-02
6.241148114204406738e-01
2.955616116523742676e-01
1.937867999076843262e-01
3.860785663127899170e-01
1.782685518264770508e-01
8.884543180465698242e-02
7.701669633388519287e-02
1.911958009004592896e-01
9.081759303808212280e-02
9.007298201322555542e-02
7.221987098455429077e-02
2.133545726537704468e-01
1.070283278822898865e-01
6.980382651090621948e-02
1.429286301136016846e-01
9.963259100914001465e-02
8.256905525922775269e-02
7.354420423507690430e-02
7.374758273363113403e-02
1.674605906009674072e-01
1.408047229051589966e-01
1.357027590274810791e-01
1.323557198047637939e-01
6.973094493150711060e-02
7.658652216196060181e-02
7.616011798381805420e-02
1.299023181200027466e-01
9.751681983470916748e-02
7.924395799636840820e-02
7.759333401918411255e-02
1.238976866006851196e-01
4.754995703697204590e-01
2.476043105125427246e-01
4.502171874046325684e-01
5.728275179862976074e-01
2.935534417629241943e-01
2.440659999847412109e-01
6.359692811965942383e-01
3.950076997280120850e-01
1.942317187786102295e-01
3.799188137054443359e-01
3.789893090724945068e-01
4.494254291057586670e-01
1.215045228600502014e-01
4.353345334529876709e-01
6.906395554542541504e-01
2.629440128803253174e-01
3.249107003211975098e-01
8.147412538528442383e-01
7.141149640083312988e-01
1.619929820299148560e-01
5.088527798652648926e-01
2.945887744426727295e-01
6.424134373664855957e-01
3.077941536903381348e-01
1.441103518009185791e-01
5.951820611953735352e-01
5.806320160627365112e-02
3.614321649074554443e-01
1.944030225276947021e-01
7.490288019180297852e-01
1.649392992258071899e-01
8.244884759187698364e-02
7.606980800628662109e-01
2.401651442050933838e-01
8.846085071563720703e-01
7.616024017333984375e-01
8.689674139022827148e-01
5.491999983787536621e-01
7.007563114166259766e-01
8.184973001480102539e-01
9.271358847618103027e-01
5.856159329414367676e-01
4.538407027721405029e-01
4.800190925598144531e-01
3.444107472896575928e-01
3.837160468101501465e-01
9.358283877372741699e-01
6.280317902565002441e-01
5.666291117668151855e-01
9.219778776168823242e-01
1.249073371291160583e-01
8.029627203941345215e-01
5.641743540763854980e-01
9.814882874488830566e-01
6.088164448738098145e-01
8.123347163200378418e-01
5.623487830162048340e-01
7.628054022789001465e-01
7.511128783226013184e-01
4.799461364746093750e-01
6.130101680755615234e-01
3.843716382980346680e-01
5.234697461128234863e-01
2.598479688167572021e-01
8.638843894004821777e-01
9.194090962409973145e-01
9.127929806709289551e-01
1.649978756904602051e-01
8.009926080703735352e-01
1.075540557503700256e-01
1.635804176330566406e-01
2.898996472358703613e-01
4.076085686683654785e-01
1.401859521865844727e-01
8.500415086746215820e-01
7.395377755165100098e-01
3.242468833923339844e-01
5.837944149971008301e-01
9.276175498962402344e-01
6.155954599380493164e-01
9.399263262748718262e-01
9.071885347366333008e-01
2.081153392791748047e-01
1.386724561452865601e-01
8.914699554443359375e-01
8.758189082145690918e-01
7.051949501037597656e-01
5.351458191871643066e-01
8.156354427337646484e-01
8.551513552665710449e-01
8.502776622772216797e-01
5.392154455184936523e-01
5.024827718734741211e-01
6.307917237281799316e-01
5.448243021965026855e-01
8.729307651519775391e-01
3.652635812759399414e-01
3.896084800362586975e-02
1.659698933362960815e-01
5.014345422387123108e-02
8.910582959651947021e-02
1.381368637084960938e-01
1.011585816740989685e-01
1.123078316450119019e-01
5.564866587519645691e-02
6.468967348337173462e-02
1.320688575506210327e-01
8.614555746316909790e-02
6.202223151922225952e-02
1.425464600324630737e-01
6.779873371124267578e-02
9.673210233449935913e-02
6.318821012973785400e-02
1.214320063591003418e-01
3.651312887668609619e-01
1.465681940317153931e-01
1.672211438417434692e-01
4.543887078762054443e-01
8.621916174888610840e-02
1.059893295168876648e-01
3.152943551540374756e-01
2.873458564281463623e-01
2.645499110221862793e-01
5.854325890541076660e-01
5.116571485996246338e-02
1.120442748069763184e-01
1.396351903676986694e-01
6.046264767646789551e-01
9.287308156490325928e-02
3.897554427385330200e-02
1.480529904365539551e-01
6.510573625564575195e-02
2.663897536695003510e-02
8.046515285968780518e-02
9.912689030170440674e-02
7.104223966598510742e-02
2.437383085489273071e-01
6.880109012126922607e-02
1.526478976011276245e-01
1.182669326663017273e-01
7.334160059690475464e-02
1.169044002890586853e-01
7.413837313652038574e-02
1.527746319770812988e-01
1.032831966876983643e-01
1.016204804182052612e-01
1.166205331683158875e-01
4.345659911632537842e-01
8.802472800016403198e-02
1.022408902645111084e-01
1.202598065137863159e-01
1.452313363552093506e-01
5.202519297599792480e-01
1.777653992176055908e-01
1.850588172674179077e-01
1.804385632276535034e-01
3.377124071121215820e-01
2.327251732349395752e-01
6.481028199195861816e-01
1.017674356698989868e-01
1.260033696889877319e-01
2.530182003974914551e-01
1.783872246742248535e-01
3.333687186241149902e-01
3.126555085182189941e-01
3.802329301834106445e-01
8.365096151828765869e-02
4.317369759082794189e-01
3.382042050361633301e-01
3.257252573966979980e-01
2.484672963619232178e-01
1.014825329184532166e-01
3.848561346530914307e-01
6.926436424255371094e-01
4.734546244144439697e-01
7.815183997154235840e-01
2.969271242618560791e-01
5.087504386901855469e-01
1.479154229164123535e-01
7.109178602695465088e-02
3.036383390426635742e-01
2.003963589668273926e-01
2.024809867143630981e-01
6.319110840559005737e-02
2.684253752231597900e-01
6.808535754680633545e-02
6.585714966058731079e-02
5.503836274147033691e-01
3.801984488964080811e-01
2.940266132354736328e-01
2.270025610923767090e-01
2.166162133216857910e-01
5.102095007896423340e-01
5.121310949325561523e-01
7.921915054321289062e-01
1.046467497944831848e-01
3.073403835296630859e-01
1.090903729200363159e-01
4.547014832496643066e-01
1.100168749690055847e-01
2.501035332679748535e-01
3.686438202857971191e-01
4.023309350013732910e-01
7.352297902107238770e-01
4.262796044349670410e-01
6.514124870300292969e-01
7.175711542367935181e-02
7.113818824291229248e-02
1.086903959512710571e-01
1.132484748959541321e-01
9.058143198490142822e-02
8.257845789194107056e-02
3.707752376794815063e-02
6.206291168928146362e-02
1.610977053642272949e-01
7.868271321058273315e-02
5.962035059928894043e-01
1.069974526762962341e-01
2.332894504070281982e-01
1.316708475351333618e-01
6.723342537879943848e-01
2.984051406383514404e-01
1.501391977071762085e-01
1.081488057971000671e-01
2.423405051231384277e-01
1.271910369396209717e-01
8.279266208410263062e-02
6.996630877256393433e-02
8.108099550008773804e-02
1.442034691572189331e-01
1.582119762897491455e-01
6.824845820665359497e-02
8.139464259147644043e-02
1.009459644556045532e-01
3.500635325908660889e-01
7.517229020595550537e-02
2.420379370450973511e-01
8.909472078084945679e-02
6.393957138061523438e-02
8.625584095716476440e-02
1.678281724452972412e-01
1.044282615184783936e-01
9.115090221166610718e-02
2.914167940616607666e-01
1.653165668249130249e-01
6.710148602724075317e-02
1.020462214946746826e-01
8.282674103975296021e-02
5.279494822025299072e-02
9.716084599494934082e-02
7.742723822593688965e-01
1.457141339778900146e-01
2.541055083274841309e-01
5.793200433254241943e-02
5.567941069602966309e-01
3.717448115348815918e-01
6.887115836143493652e-01
1.739485412836074829e-01
1.602811664342880249e-01
7.542672157287597656e-01
1.501639783382415771e-01
6.065821647644042969e-01
7.288519144058227539e-01
6.651653349399566650e-02
4.374164938926696777e-01
2.877163589000701904e-01
4.702013432979583740e-01
5.860979557037353516e-01
8.285847306251525879e-01
5.505224466323852539e-01
6.202872395515441895e-01
3.118290901184082031e-01
1.713671982288360596e-01
9.768375754356384277e-02
1.144567877054214478e-01
2.400311976671218872e-01
3.967407643795013428e-01
3.186533451080322266e-01
5.596112012863159180e-01
6.420273333787918091e-02
6.838504970073699951e-02
8.665318787097930908e-02
3.485505878925323486e-01
7.081996202468872070e-01
1.372017562389373779e-01
2.678359448909759521e-01
2.673772573471069336e-01
1.961432099342346191e-01
2.577677071094512939e-01
1.136008650064468384e-01
2.655962407588958740e-01
8.622041940689086914e-01
8.735433220863342285e-01
6.852100491523742676e-01
4.397672414779663086e-01
7.175039649009704590e-01
9.032849073410034180e-01
8.025501370429992676e-01
7.810061573982238770e-01
5.079388022422790527e-01
7.551063895225524902e-01
8.698757290840148926e-01
3.043590784072875977e-01
3.985690176486968994e-01
9.288495182991027832e-01
3.406048417091369629e-01
1.776955723762512207e-01
1.480475366115570068e-01
1.217331439256668091e-01
4.737369716167449951e-01
4.234159290790557861e-01
7.669259309768676758e-01
3.152295351028442383e-01
3.628159165382385254e-01
4.640620350837707520e-01
7.190978527069091797e-01
6.150062680244445801e-01
9.634761214256286621e-01
8.805078864097595215e-01
7.552536725997924805e-01
1.562794744968414307e-01
7.428302764892578125e-01
8.310706019401550293e-01
8.262890577316284180e-01
7.144060730934143066e-01
5.475291609764099121e-01
5.792970657348632812e-01
7.404485940933227539e-01
9.693613648414611816e-01
8.277223706245422363e-01
5.385863780975341797e-01
6.061475276947021484e-01
2.664242982864379883e-01
5.416203737258911133e-01
1.148141995072364807e-01
7.791960835456848145e-01
7.263371348381042480e-01
5.060107111930847168e-01
1.645864248275756836e-01
8.210183382034301758e-01
4.686669111251831055e-01
2.173382192850112915e-01
7.831910848617553711e-01
1.625735610723495483e-01
8.048784732818603516e-01
8.308525085449218750e-01
9.182881116867065430e-01
6.210350990295410156e-01
5.889626145362854004e-01
6.811426281929016113e-01
8.407108783721923828e-01
2.006608545780181885e-01
2.923434376716613770e-01
1.482422351837158203e-01
8.195290565490722656e-01
6.274859309196472168e-01
1.389250457286834717e-01
4.890708327293395996e-01
7.007907032966613770e-01
8.599069714546203613e-01
8.703626990318298340e-01
8.434579372406005859e-01
8.886212110519409180e-01
1.726714670658111572e-01
1.634450852870941162e-01
6.956030726432800293e-01
5.874761939048767090e-01
8.932349085807800293e-01
5.900244116783142090e-01
1.852993816137313843e-01
7.780116796493530273e-02
2.152879536151885986e-01
7.038384675979614258e-02
6.285543739795684814e-02
1.292460262775421143e-01
1.201343387365341187e-01
1.141046360135078430e-01
6.091538444161415100e-02
8.070933818817138672e-02
6.249786168336868286e-02
1.106297522783279419e-01
6.067251786589622498e-02
5.584011226892471313e-02
5.820722505450248718e-02
1.577412039041519165e-01
1.478916406631469727e-01
7.190474122762680054e-02
3.431624770164489746e-01
1.000046506524085999e-01
8.636369556188583374e-02
7.346273064613342285e-01
3.573211133480072021e-01
3.900865316390991211e-01
8.344077318906784058e-02
1.128334403038024902e-01
4.727156460285186768e-01
4.985728859901428223e-01
2.785713970661163330e-01
5.160230398178100586e-01
6.233727931976318359e-01
7.788826823234558105e-01
8.023308962583541870e-02
8.442103117704391479e-02
5.888508632779121399e-02
1.008109152317047119e-01
8.111546933650970459e-02
1.605443507432937622e-01
8.690530806779861450e-02
1.361452937126159668e-01
1.064858436584472656e-01
1.272310763597488403e-01
1.250054091215133667e-01
7.276237010955810547e-02
1.973420083522796631e-01
1.963902562856674194e-01
4.592666327953338623e-01
1.018049791455268860e-01
2.712125778198242188e-01
1.347204595804214478e-01
1.431343108415603638e-01
1.075349450111389160e-01
1.718122661113739014e-01
1.572761982679367065e-01
1.322001367807388306e-01
1.800979971885681152e-01
2.375337183475494385e-01
2.619038224220275879e-01
1.205481737852096558e-01
5.682018995285034180e-01
1.424616873264312744e-01
4.120479226112365723e-01
1.134135574102401733e-01
9.299896657466888428e-02
1.077840924263000488e-01
1.548505127429962158e-01
8.758491277694702148e-02
1.570771634578704834e-01
2.338176220655441284e-01
4.400267601013183594e-01
8.547574281692504883e-02
2.220639288425445557e-01
1.116244345903396606e-01
5.322266817092895508e-01
2.073855996131896973e-01
2.596607506275177002e-01
5.903375744819641113e-01
8.190332353115081787e-02
3.061235249042510986e-01
6.421210616827011108e-02
1.036182790994644165e-01
1.985943764448165894e-01
3.685462176799774170e-01
6.970296055078506470e-02
2.100191265344619751e-01
7.763523459434509277e-01
4.649491906166076660e-01
5.632891654968261719e-01
4.212458133697509766e-01
1.432072520256042480e-01
7.321620583534240723e-01
3.231057524681091309e-01
7.254203408956527710e-02
1.261883974075317383e-01
6.160354018211364746e-01
2.421877831220626831e-01
5.678490400314331055e-01
4.631279408931732178e-02
9.054889082908630371e-01
1.457196623086929321e-01
6.916245818138122559e-01
6.686379313468933105e-01
1.172910779714584351e-01
1.776587218046188354e-01
3.074486553668975830e-01
7.070099115371704102e-01
1.073853746056556702e-01
8.444725722074508667e-02
5.849412083625793457e-01
7.490966916084289551e-01
3.660596013069152832e-01
1.467903256416320801e-01
1.871036142110824585e-01
7.291499525308609009e-02
4.006185010075569153e-02
5.268485471606254578e-02
8.136325329542160034e-02
6.559839099645614624e-02
9.694100916385650635e-02
9.317370504140853882e-02
7.423035055398941040e-02
3.469527661800384521e-01
1.630783975124359131e-01
2.165160775184631348e-01
3.816686570644378662e-01
2.413576692342758179e-01
3.107536733150482178e-01
8.784556388854980469e-02
2.123734802007675171e-01
7.118064761161804199e-01
4.378526806831359863e-01
3.461879193782806396e-01
6.183239072561264038e-02
1.522384136915206909e-01
1.093761399388313293e-01
1.347815692424774170e-01
1.182416230440139771e-01
3.868763744831085205e-01
2.086129188537597656e-01
2.886908948421478271e-01
4.228284657001495361e-01
2.066614031791687012e-01
1.743314415216445923e-01
1.800648272037506104e-01
9.219563752412796021e-02
2.400842458009719849e-01
9.715937823057174683e-02
1.223540976643562317e-01
8.881585299968719482e-02
9.031616896390914917e-02
4.254855960607528687e-02
1.528225392103195190e-01
9.777846932411193848e-02
7.196624577045440674e-02
1.306698024272918701e-01
1.038240864872932434e-01
1.758348345756530762e-01
1.383402198553085327e-01
1.290783733129501343e-01
1.536460220813751221e-01
1.107246130704879761e-01
6.747598648071289062e-01
8.328229188919067383e-01
3.521563410758972168e-01
4.705077409744262695e-01
2.639068663120269775e-01
4.586307704448699951e-01
4.991933107376098633e-01
4.204261898994445801e-01
7.072263956069946289e-01
1.875799596309661865e-01
3.899367749691009521e-01
4.789291918277740479e-01
4.251032769680023193e-01
6.998317837715148926e-01
5.810437202453613281e-01
6.554877161979675293e-01
5.159760713577270508e-01
8.408617377281188965e-01
4.139415621757507324e-01
8.249813914299011230e-01
1.200228929519653320e-01
5.247664451599121094e-01
2.277725040912628174e-01
4.602764546871185303e-02
9.635198712348937988e-01
7.333060503005981445e-01
9.730406403541564941e-01
9.208014011383056641e-01
5.332601666450500488e-01
8.077220916748046875e-01
3.065216839313507080e-01
3.273700177669525146e-01
2.765287160873413086e-01
4.898018836975097656e-01
1.154634878039360046e-01
5.313155055046081543e-01
5.823370814323425293e-01
5.928477644920349121e-01
2.243934124708175659e-01
5.979084968566894531e-01
7.463734149932861328e-01
2.037238627672195435e-01
3.145177960395812988e-01
5.206881165504455566e-01
3.457514941692352295e-01
4.167201817035675049e-01
3.453994989395141602e-01
8.450977802276611328e-01
5.427438020706176758e-01
5.676600933074951172e-01
4.797929823398590088e-01
6.759591698646545410e-01
9.390622973442077637e-01
7.024787664413452148e-01
1.584050208330154419e-01
5.993041396141052246e-01
4.093481898307800293e-01
3.239582479000091553e-01
3.675068616867065430e-01
7.102663516998291016e-01
5.713860988616943359e-01
9.300069212913513184e-01
7.778997421264648438e-01
6.811200976371765137e-01
4.209576547145843506e-01
9.140367507934570312e-01
5.936871170997619629e-01
9.155539870262145996e-01
2.665151953697204590e-01
1.281621158123016357e-01
6.092361211776733398e-01
5.111294388771057129e-01
5.704395771026611328e-01
3.280694186687469482e-01
9.397314190864562988e-01
7.481738924980163574e-01
5.851384401321411133e-01
4.700165092945098877e-01
1.186024174094200134e-01
3.693129122257232666e-01
9.165937453508377075e-02
5.823958516120910645e-01
4.881671071052551270e-01
8.651854097843170166e-02
6.247377395629882812e-01
7.848036289215087891e-01
8.027404546737670898e-01
8.753783106803894043e-01
8.606871366500854492e-01
5.500145554542541504e-01
8.556765317916870117e-01
7.512606978416442871e-01
4.646218419075012207e-01
7.621060609817504883e-01
8.061782717704772949e-01
8.584025502204895020e-01
6.047137975692749023e-01
1.843118518590927124e-01
5.154223442077636719e-01
7.615737915039062500e-01
6.929565668106079102e-01
8.674214482307434082e-01
8.393948078155517578e-01
6.259976625442504883e-01
8.128385543823242188e-01
4.325618743896484375e-01
6.122804880142211914e-01
1.761125773191452026e-01
7.393442988395690918e-01
9.199022650718688965e-01
5.254876017570495605e-01
7.790917158126831055e-01
6.991724967956542969e-01
8.272560238838195801e-01
5.536534786224365234e-01
4.591492414474487305e-01
1.566280871629714966e-01
3.989537656307220459e-01
6.699116826057434082e-01
5.429997444152832031e-01
1.027829289436340332e+00
1.038428306579589844e+00
7.593963146209716797e-01
6.189357638359069824e-01
2.171417474746704102e-01
1.021537065505981445e+00
3.181636333465576172e-01
4.158996343612670898e-01
6.409816145896911621e-01
4.534830152988433838e-01
4.908347725868225098e-01
1.239323616027832031e-01
8.588910698890686035e-01
9.293965101242065430e-01
7.933788299560546875e-01
9.428141117095947266e-01
5.118544697761535645e-01
1.564001441001892090e-01
6.745334863662719727e-01
7.413096427917480469e-01
8.588759303092956543e-01
1.406675130128860474e-01
4.808665513992309570e-01
6.614668369293212891e-01
1.042167544364929199e+00
8.036589622497558594e-01
4.075616300106048584e-01
9.289609789848327637e-01
1.802692115306854248e-01
2.279590964317321777e-01
1.590394526720046997e-01
2.353555560111999512e-01
2.146385163068771362e-01
1.629491895437240601e-01
9.906141459941864014e-02
5.461386591196060181e-02
1.259150803089141846e-01
1.066610366106033325e-01
5.642393976449966431e-02
1.242080703377723694e-01
1.810112744569778442e-01
9.408722072839736938e-02
1.004430949687957764e-01
1.113402247428894043e-01
7.896718382835388184e-02
3.843721002340316772e-02
5.285424366593360901e-02
6.297154724597930908e-02
1.669981330633163452e-01
1.445429623126983643e-01
1.043717861175537109e-01
1.089434847235679626e-01
1.468444466590881348e-01
4.304629564285278320e-01
1.351870000362396240e-01
8.540624380111694336e-02
2.691274583339691162e-01
2.854067385196685791e-01
6.383366584777832031e-01
1.566291004419326782e-01
7.563041448593139648e-01
2.380495220422744751e-01
1.366780847311019897e-01
2.559559643268585205e-01
6.236078143119812012e-01
1.686611920595169067e-01
1.529944986104965210e-01
1.105443909764289856e-01
6.747312843799591064e-02
3.625460565090179443e-01
1.848885715007781982e-01
2.995932400226593018e-01
4.094123244285583496e-01
3.588140010833740234e-01
1.749351620674133301e-01
1.420333087444305420e-01
3.717157542705535889e-01
2.205706834793090820e-01
1.006743609905242920e-01
1.068593487143516541e-01
3.436059057712554932e-01
7.815598696470260620e-02
3.236983716487884521e-01
1.829707175493240356e-01
3.252460956573486328e-01
3.858157992362976074e-01
2.237292677164077759e-01
2.441154271364212036e-01
3.476853072643280029e-01
7.806296646595001221e-02
4.135969281196594238e-01
3.709979057312011719e-01
1.181974709033966064e-01
1.311278939247131348e-01
2.491773664951324463e-01
1.979881376028060913e-01
7.607880234718322754e-01
1.099148690700531006e-01
1.134036257863044739e-01
2.218426316976547241e-01
1.604804396629333496e-01
3.329933881759643555e-01
3.818408846855163574e-01
7.147654891014099121e-01
7.114585638046264648e-01
6.908252835273742676e-01
1.036175116896629333e-01
1.962452232837677002e-01
5.059658288955688477e-01
1.350678950548171997e-01
3.491919636726379395e-01
1.709088534116744995e-01
1.125254109501838684e-01
1.674153655767440796e-01
5.371597409248352051e-01
7.282360196113586426e-01
5.441558361053466797e-01
2.861320972442626953e-01
3.829076886177062988e-01
7.185561060905456543e-01
9.618418663740158081e-02
3.341381251811981201e-01
8.808361291885375977e-01
3.067669272422790527e-01
2.990958690643310547e-01
4.828099608421325684e-01
5.528796315193176270e-01
1.077674627304077148e-01
5.153089165687561035e-01
2.297784984111785889e-01
3.087063431739807129e-01
4.758182466030120850e-01
6.438999623060226440e-02
6.765663623809814453e-01
2.374297231435775757e-01
5.020907521247863770e-02
1.756388843059539795e-01
8.752854168415069580e-02
1.221707239747047424e-01
6.638735532760620117e-02
6.911509484052658081e-02
4.708100110292434692e-02
4.705592989921569824e-02
1.049080863595008850e-01
4.980401098728179932e-01
1.415874958038330078e-01
9.995523095130920410e-02
2.359492927789688110e-01
7.033684253692626953e-01
2.626895606517791748e-01
3.323873877525329590e-01
3.724233210086822510e-01
2.011103034019470215e-01
3.041115403175354004e-01
3.544101119041442871e-01
6.554295867681503296e-02
1.235286444425582886e-01
1.937344074249267578e-01
1.510444730520248413e-01
1.098618134856224060e-01
2.201207578182220459e-01
9.121439605951309204e-02
6.538786739110946655e-02
3.092736005783081055e-01
1.979092806577682495e-01
1.243840530514717102e-01
6.048212572932243347e-02
7.636331766843795776e-02
7.978887856006622314e-02
1.036775931715965271e-01
9.258322119712829590e-01
5.443337559700012207e-01
1.030213460326194763e-01
5.638448596000671387e-01
5.560796260833740234e-01
9.102551937103271484e-01
6.605882048606872559e-01
7.700323462486267090e-01
5.529711246490478516e-01
9.081692695617675781e-01
5.293757319450378418e-01
6.004526615142822266e-01
8.126915246248245239e-02
1.118231937289237976e-01
1.075441598892211914e+00
8.887491822242736816e-01
5.237208604812622070e-01
7.052211165428161621e-01
7.529699206352233887e-01
1.216306984424591064e-01
8.191726207733154297e-01
1.824087947607040405e-01
5.507454276084899902e-01
4.177520573139190674e-01
7.097685933113098145e-01
1.292811930179595947e-01
7.744562625885009766e-01
7.108902335166931152e-01
1.892195641994476318e-01
5.649285316467285156e-01
4.270395636558532715e-01
8.317180871963500977e-01
8.041003346443176270e-01
5.680795907974243164e-01
5.077153444290161133e-01
3.024165928363800049e-01
7.679711580276489258e-01
7.542533874511718750e-01
4.497092962265014648e-01
7.731630206108093262e-01
6.173009276390075684e-01
6.214140653610229492e-01
1.008277416229248047e+00
9.220352768898010254e-01
3.612246811389923096e-01
6.182997226715087891e-01
7.009149789810180664e-01
6.863852739334106445e-01
1.024306178092956543e+00
7.844440937042236328e-01
5.825806856155395508e-01
6.343707442283630371e-01
2.676341235637664795e-01
1.823032796382904053e-01
6.498905420303344727e-01
1.338043659925460815e-01
1.122939661145210266e-01
2.280175983905792236e-01
1.524577587842941284e-01
1.969531923532485962e-01
9.947289526462554932e-02
1.154950261116027832e-01
9.886784851551055908e-02
6.793757528066635132e-02
1.072445586323738098e-01
1.289520263671875000e-01
8.984876424074172974e-02
3.979968279600143433e-02
3.878493607044219971e-01
3.945776522159576416e-01
2.415200769901275635e-01
1.434703320264816284e-01
4.585380256175994873e-01
5.999714136123657227e-01
5.292887687683105469e-01
7.433483749628067017e-02
1.360377371311187744e-01
4.177646338939666748e-01
1.326729953289031982e-01
9.147733449935913086e-02
8.809199184179306030e-02
1.181217432022094727e-01
3.543637096881866455e-01
4.081434011459350586e-01
5.249362587928771973e-01
5.908070802688598633e-01
9.548804163932800293e-02
2.554296851158142090e-01
1.518061459064483643e-01
1.875699758529663086e-01
9.660825133323669434e-02
6.727263927459716797e-01
9.426283836364746094e-02
1.415331512689590454e-01
8.330056816339492798e-02
3.443808257579803467e-01
1.487611681222915649e-01
3.132410049438476562e-01
2.161271274089813232e-01
1.982862353324890137e-01
1.033053994178771973e-01
2.998295724391937256e-01
8.592677116394042969e-01
1.098311394453048706e-01
2.007547765970230103e-01
7.946329563856124878e-02
6.320817768573760986e-02
5.595679208636283875e-02
4.711845517158508301e-02
2.422641068696975708e-01
1.188158541917800903e-01
8.739588409662246704e-02
3.034643828868865967e-01
6.016990169882774353e-02
1.339351683855056763e-01
3.036334216594696045e-01
8.254402130842208862e-02
3.099251091480255127e-01
9.786467254161834717e-02
3.443964421749114990e-01
3.243962228298187256e-01
9.514357149600982666e-02
1.129314005374908447e-01
8.432166278362274170e-02
1.289588510990142822e-01
1.002250984311103821e-01
3.145049214363098145e-01
1.870690584182739258e-01
1.548067778348922729e-01
6.669043749570846558e-02
1.205262392759323120e-01
8.300697803497314453e-01
3.523830473423004150e-01
3.505560159683227539e-01
4.200243577361106873e-02
3.235258460044860840e-01
7.825834751129150391e-01
2.081651240587234497e-01
1.098643466830253601e-01
6.216678023338317871e-01
2.714521884918212891e-01
3.348340392112731934e-01
5.125957131385803223e-01
1.404570490121841431e-01
5.420992970466613770e-01
3.271932899951934814e-01
4.462773203849792480e-01
1.075991541147232056e-01
9.904719144105911255e-02
3.714762032032012939e-01
5.231099724769592285e-01
1.632592827081680298e-01
2.825471460819244385e-01
1.156035959720611572e-01
2.595953941345214844e-01
9.142075181007385254e-01
8.312000632286071777e-01
2.128807604312896729e-01
8.225917816162109375e-01
1.013198256492614746e+00
6.263386011123657227e-01
2.909788489341735840e-01
5.298556089401245117e-01
1.809296458959579468e-01
3.714037835597991943e-01
6.322429776191711426e-01
9.214953184127807617e-01
1.703672260046005249e-01
5.271589756011962891e-01
1.768721491098403931e-01
7.978832125663757324e-01
8.623725175857543945e-01
7.038217186927795410e-01
3.837887942790985107e-01
9.457988739013671875e-01
5.111292600631713867e-01
4.818958342075347900e-01
8.073346018791198730e-01
4.754681587219238281e-01
5.776894688606262207e-01
5.655708312988281250e-01
5.203673839569091797e-01
4.320819675922393799e-01
3.885732293128967285e-01
3.988773226737976074e-01
4.761612117290496826e-01
2.838934957981109619e-01
7.193798422813415527e-01
1.669633388519287109e-01
5.943156480789184570e-01
1.447971314191818237e-01
3.535677194595336914e-01
6.527578830718994141e-01
6.483517885208129883e-01
8.449595570564270020e-01
5.768375992774963379e-01
8.289038389921188354e-02
3.778464719653129578e-02
4.432332888245582581e-02
7.803478837013244629e-02
7.375863194465637207e-02
3.168538212776184082e-02
2.039318531751632690e-02
9.368609637022018433e-02
8.147154748439788818e-02
1.313063353300094604e-01
5.429219827055931091e-02
7.793825268745422363e-01
7.245513051748275757e-02
5.338255316019058228e-02
3.542443364858627319e-02
6.824007630348205566e-02
9.003642946481704712e-02
2.207207120954990387e-02
7.405841350555419922e-02
5.461178347468376160e-02
4.208576083183288574e-01
7.152984291315078735e-02
1.198393553495407104e-01
1.075048446655273438e-01
1.677968651056289673e-01
3.774811699986457825e-02
2.345801144838333130e-01
2.502820193767547607e-01
8.638906478881835938e-02
5.082449913024902344e-01
4.723788499832153320e-01
4.088491797447204590e-01
6.419262886047363281e-01
1.704374700784683228e-01
4.630742967128753662e-01
2.745792865753173828e-01
2.945655584335327148e-01
6.730899214744567871e-02
1.740636527538299561e-01
4.229752123355865479e-01
3.752787783741950989e-02
3.360580503940582275e-01
1.276888996362686157e-01
2.612929940223693848e-01
1.792625039815902710e-01
6.884800195693969727e-01
5.587390661239624023e-01
6.614416837692260742e-02
5.611834526062011719e-01
3.852035999298095703e-01
5.769124627113342285e-01
6.681342124938964844e-01
7.600952982902526855e-01
1.124543845653533936e-01
2.713973224163055420e-01
6.168606877326965332e-01
1.130153238773345947e-01
3.081858754158020020e-01
6.959930062294006348e-02
5.039449334144592285e-01
7.361236959695816040e-02
1.140644997358322144e-01
1.292200982570648193e-01
9.367075748741626740e-03
1.823725700378417969e-01
9.316959232091903687e-02
1.717940270900726318e-01
1.032810658216476440e-01
1.090869456529617310e-01
1.376104801893234253e-01
8.042943477630615234e-02
1.143533885478973389e-01
1.075815409421920776e-01
4.470051079988479614e-02
7.774902880191802979e-02
7.179171591997146606e-02
4.436451569199562073e-02
7.327260822057723999e-02
1.381612867116928101e-01
2.025118321180343628e-01
2.162840217351913452e-01
2.058712840080261230e-01
4.813728332519531250e-01
9.968405961990356445e-02
2.343735992908477783e-01
2.198944240808486938e-01
5.339499711990356445e-01
4.729032218456268311e-01
1.812916249036788940e-01
6.276546716690063477e-01
3.727142810821533203e-01
1.057347133755683899e-01
2.454702258110046387e-01
2.091418653726577759e-01
4.761180281639099121e-01
1.470818668603897095e-01
2.245148718357086182e-01
1.841334551572799683e-01
1.534376479685306549e-02
1.069019362330436707e-01
8.906640857458114624e-02
8.879916369915008545e-02
1.020810231566429138e-01
6.372971087694168091e-02
5.021186545491218567e-02
8.005058765411376953e-02
1.234549283981323242e-01
1.112202182412147522e-01
8.202911913394927979e-02
3.956324234604835510e-02
7.246260344982147217e-02
1.158520132303237915e-01
1.285330802202224731e-01
1.676163226366043091e-01
2.870096564292907715e-01
1.556905359029769897e-01
8.645936846733093262e-02
1.557955890893936157e-01
8.415517210960388184e-02
1.486921906471252441e-01
9.291028976440429688e-02
7.323013246059417725e-02
9.163060784339904785e-02
2.074500173330307007e-01
6.549192219972610474e-02
1.410730928182601929e-01
4.276449605822563171e-02
1.384483873844146729e-01
5.616766586899757385e-02
3.406009078025817871e-02
1.725917607545852661e-01
8.332312107086181641e-02
3.561834990978240967e-01
5.233729258179664612e-02
3.452238142490386963e-01
7.391580194234848022e-02
7.171352952718734741e-02
6.987976282835006714e-02
1.148829609155654907e-01
1.219515576958656311e-01
1.270305961370468140e-01
9.109913557767868042e-02
2.676793038845062256e-01
1.052186712622642517e-01
1.098967120051383972e-01
6.693149358034133911e-02
8.149850368499755859e-01
6.452682018280029297e-01
6.689608097076416016e-01
2.103325873613357544e-01
1.026555150747299194e-01
5.360339283943176270e-01
4.611619710922241211e-01
9.138815850019454956e-02
4.061632603406906128e-02
1.267824620008468628e-01
7.822370529174804688e-01
9.217835068702697754e-01
2.921490669250488281e-01
7.696920037269592285e-01
2.168783545494079590e-01
1.585226207971572876e-01
1.677318215370178223e-01
9.653524309396743774e-02
1.401916593313217163e-01
7.603545784950256348e-01
9.098787903785705566e-01
1.614844202995300293e-01
4.572675526142120361e-01
2.329226881265640259e-01
4.493040144443511963e-01
4.630832970142364502e-01
2.692508399486541748e-01
5.046272873878479004e-01
6.500493288040161133e-01
6.418790817260742188e-01
4.138106107711791992e-01
4.457300007343292236e-01
3.847766816616058350e-01
1.650076806545257568e-01
3.635958135128021240e-01
3.631262779235839844e-01
2.458575665950775146e-01
4.148582518100738525e-01
5.680697560310363770e-01
5.901412963867187500e-01
5.275708436965942383e-01
5.982040166854858398e-01
1.014258980751037598e+00
7.258406281471252441e-01
6.549128293991088867e-01
7.049512863159179688e-01
4.555656909942626953e-01
4.438393935561180115e-02
8.352137356996536255e-02
6.867294013500213623e-02
5.400257185101509094e-02
2.236495465040206909e-01
2.204697132110595703e-01
6.624428182840347290e-02
2.576652169227600098e-01
3.780750036239624023e-01
6.157767772674560547e-01
1.673941016197204590e-01
1.600046008825302124e-01
4.784006997942924500e-02
7.268553227186203003e-02
4.741145074367523193e-01
4.347895383834838867e-01
3.551115468144416809e-02
6.020342558622360229e-02
2.425898015499114990e-01
5.104636773467063904e-02
3.903575837612152100e-01
2.098403424024581909e-01
1.658940315246582031e-02
7.861400395631790161e-02
8.065868914127349854e-02
1.473822444677352905e-01
5.809779465198516846e-02
1.434940099716186523e-01
9.231722354888916016e-02
3.092954754829406738e-01
6.117004901170730591e-02
9.386050701141357422e-02
1.216917559504508972e-01
1.988440155982971191e-01
7.849153131246566772e-02
2.302700132131576538e-01
7.210572063922882080e-02
1.846210807561874390e-01
9.912268072366714478e-02
1.861001402139663696e-01
8.937031775712966919e-02
1.907574832439422607e-01
3.437637686729431152e-01
3.566728532314300537e-01
2.214007228612899780e-01
2.219016999006271362e-01
1.431683152914047241e-01
3.883477449417114258e-01
7.366362959146499634e-02
1.064277887344360352e-01
1.691209971904754639e-01
1.148663163185119629e-01
8.682746440172195435e-02
1.891966760158538818e-01
1.816708147525787354e-01
1.424394845962524414e-01
1.087576970458030701e-01
9.812019020318984985e-02
4.452097117900848389e-01
4.229111969470977783e-01
2.311292290687561035e-01
2.143297344446182251e-01
2.022682577371597290e-01
8.412428200244903564e-02
1.407493799924850464e-01
1.380748897790908813e-01
3.074204623699188232e-01
1.058455854654312134e-01
1.075176522135734558e-01
1.984073519706726074e-01
1.439618319272994995e-01
1.547907292842864990e-01
5.869751051068305969e-02
1.509435176849365234e-01
5.122796073555946350e-02
3.408784046769142151e-02
8.705132454633712769e-02
6.258629262447357178e-02
1.431273818016052246e-01
2.290413081645965576e-01
9.472369402647018433e-02
1.368730217218399048e-01
1.592812240123748779e-01
7.128751277923583984e-01
4.506544172763824463e-01
5.523405224084854126e-02
6.636338829994201660e-01
2.406109720468521118e-01
6.109838485717773438e-01
4.233513772487640381e-01
3.727145791053771973e-01
4.598821699619293213e-01
8.847559988498687744e-02
3.312801718711853027e-01
6.848183870315551758e-01
2.314953505992889404e-01
1.567011475563049316e-01
4.102709591388702393e-01
6.295613944530487061e-02
1.529241651296615601e-01
1.385828554630279541e-01
7.744388282299041748e-02
1.068736612796783447e-01
5.320618674159049988e-02
6.379469484090805054e-02
2.113364040851593018e-01
3.012500703334808350e-01
8.718317151069641113e-01
5.828541517257690430e-01
1.340239048004150391e-01
3.987206220626831055e-01
2.596084177494049072e-01
6.052324175834655762e-01
5.547183752059936523e-01
2.079293578863143921e-01
6.678246259689331055e-01
7.766700983047485352e-01
7.210895419120788574e-01
7.515725493431091309e-01
5.878516435623168945e-01
1.906423568725585938e-01
9.730396866798400879e-01
6.770408749580383301e-01
6.907886862754821777e-01
6.302232742309570312e-01
1.462484747171401978e-01
5.696477293968200684e-01
2.385060638189315796e-01
3.518137633800506592e-01
5.323626995086669922e-01
1.765501052141189575e-01
5.598828196525573730e-01
6.638776063919067383e-01
6.153682470321655273e-01
9.130141735076904297e-01
9.749604016542434692e-02
5.464366078376770020e-01
4.152432382106781006e-01
7.964762449264526367e-01
1.235549673438072205e-01
6.920253038406372070e-01
8.371032029390335083e-02
4.999085068702697754e-01
9.331536889076232910e-01
1.726884394884109497e-01
5.566563010215759277e-01
4.200273454189300537e-01
2.464282363653182983e-01
7.048249244689941406e-01
8.149436116218566895e-01
9.370128512382507324e-01
6.942124366760253906e-01
7.469350099563598633e-01
1.087352991104125977e+00
8.439059257507324219e-01
8.843033909797668457e-01
1.927115321159362793e-01
6.896641850471496582e-01
9.543415307998657227e-01
3.691353797912597656e-01
2.161497026681900024e-01
5.250952243804931641e-01
6.856978535652160645e-01
4.514465034008026123e-01
1.222461462020874023e-01
9.601066261529922485e-02
8.142872899770736694e-02
9.888489544391632080e-02
1.204612478613853455e-01
9.999915957450866699e-02
1.128345951437950134e-01
1.168855801224708557e-01
1.344481259584426880e-01
7.439786940813064575e-02
8.395150303840637207e-02
9.611923992633819580e-02
1.108381599187850952e-01
1.183213442564010620e-01
1.389354914426803589e-01
6.762605905532836914e-02
7.608831673860549927e-02
5.225491151213645935e-02
6.172823533415794373e-02
8.447704464197158813e-02
1.067418381571769714e-01
7.784411311149597168e-02
2.913693524897098541e-02
8.692161738872528076e-02
8.472795784473419189e-02
7.288780808448791504e-02
1.109239161014556885e-01
4.439289867877960205e-02
7.063052058219909668e-02
8.621837943792343140e-02
8.114111423492431641e-02
4.931265115737915039e-02
1.194166317582130432e-01
1.224410831928253174e-01
1.739198416471481323e-01
9.473870694637298584e-02
1.585027426481246948e-01
1.175374463200569153e-01
1.026056408882141113e-01
7.963407039642333984e-02
6.129658818244934082e-01
3.402497172355651855e-01
2.850171625614166260e-01
1.380639672279357910e-01
1.136779785156250000e-01
9.047354757785797119e-02
4.109370708465576172e-01
9.295880794525146484e-02
9.032891690731048584e-02
8.854558318853378296e-02
2.567036077380180359e-02
1.122833266854286194e-01
8.373683691024780273e-02
5.470245704054832458e-02
8.086261898279190063e-02
1.328885108232498169e-01
1.361773908138275146e-01
1.201202273368835449e-01
1.136842742562294006e-01
9.921915829181671143e-02
1.103786006569862366e-01
1.501948833465576172e-01
2.052025645971298218e-01
1.452198028564453125e-01
8.228992670774459839e-02
1.189078763127326965e-01
2.426796257495880127e-01
1.958971470594406128e-01
1.137244030833244324e-01
1.003383696079254150e-01
1.388981044292449951e-01
4.664574936032295227e-02
7.747884839773178101e-02
1.081174239516258240e-01
1.542332917451858521e-01
9.702492505311965942e-02
5.252032354474067688e-02
6.929618865251541138e-02
1.128056943416595459e-01
4.521225988864898682e-01
1.616751849651336670e-01
4.666942358016967773e-01
1.350354254245758057e-01
3.044375479221343994e-01
9.603095799684524536e-02
9.031996130943298340e-02
1.877652853727340698e-01
2.678571641445159912e-01
5.384939312934875488e-01
6.969777345657348633e-01
1.803115606307983398e-01
9.435121715068817139e-02
4.134163260459899902e-01
2.643519043922424316e-01
1.700215488672256470e-01
1.617308557033538818e-01
5.324742197990417480e-01
8.769423514604568481e-02
7.145127654075622559e-02
1.810173392295837402e-01
8.830667138099670410e-01
1.747751384973526001e-01
1.084231063723564148e-01
1.622086167335510254e-01
9.359002113342285156e-02
1.262837797403335571e-01
4.377916157245635986e-01
7.513681650161743164e-01
1.478760838508605957e-01
7.243934273719787598e-02
2.843913435935974121e-01
1.647951304912567139e-01
2.134502679109573364e-01
4.130193889141082764e-01
2.189965546131134033e-01
1.128010600805282593e-01
1.243518814444541931e-01
2.644952833652496338e-01
3.248123228549957275e-01
5.591852664947509766e-01
1.022372320294380188e-01
4.472610950469970703e-01
4.739927351474761963e-01
1.737949550151824951e-01
2.274515926837921143e-01
4.712529182434082031e-01
1.415421366691589355e-01
4.700192511081695557e-01
3.151788711547851562e-01
3.260193169116973877e-01
1.128251478075981140e-01
8.916363716125488281e-01
9.406850934028625488e-01
2.083031386137008667e-01
1.724160909652709961e-01
1.097976714372634888e-01
1.564777046442031860e-01
1.705963015556335449e-01
1.007233858108520508e-01
2.771010100841522217e-01
7.248148322105407715e-02
8.028780668973922729e-02
5.387409776449203491e-02
1.057757884263992310e-01
9.807294607162475586e-02
1.056070402264595032e-01
9.719081968069076538e-02
1.064505800604820251e-01
1.988677978515625000e-01
3.170870840549468994e-01
1.174929514527320862e-01
1.762519031763076782e-01
9.408856183290481567e-02
1.626264452934265137e-01
1.290893405675888062e-01
4.038524925708770752e-01
1.824655979871749878e-01
2.039118856191635132e-01
1.543079912662506104e-01
1.385794878005981445e-01
1.359983980655670166e-01
3.196518719196319580e-01
2.493012845516204834e-01
2.729309201240539551e-01
1.602770984172821045e-01
1.305808275938034058e-01
1.049715951085090637e-01
2.857011854648590088e-01
2.091978192329406738e-01
4.004537686705589294e-02
4.317393153905868530e-02
1.266719400882720947e-01
1.593283414840698242e-01
1.861043125391006470e-01
6.690018624067306519e-02
3.700071573257446289e-01
3.130499720573425293e-01
7.764322310686111450e-02
7.358576357364654541e-02
1.371803283691406250e-01
6.332431733608245850e-02
3.206938803195953369e-01
1.392316520214080811e-01
1.607768237590789795e-01
1.056091785430908203e-01
9.088058769702911377e-02
4.866935014724731445e-01
4.488402605056762695e-01
2.419149130582809448e-01
1.385790258646011353e-01
8.001898974180221558e-02
7.437526434659957886e-02
7.386855036020278931e-02
5.888514220714569092e-02
1.336302459239959717e-01
1.227351352572441101e-01
4.097092449665069580e-01
6.093503832817077637e-01
1.187179833650588989e-01
4.948479235172271729e-01
8.162027001380920410e-01
3.729840517044067383e-01
1.055517718195915222e-01
7.105593681335449219e-01
3.610874712467193604e-01
8.371294736862182617e-01
1.729090213775634766e-01
4.339608550071716309e-01
1.611372232437133789e-01
1.156496331095695496e-01
4.056104719638824463e-01
8.036258220672607422e-01
1.053640604019165039e+00
5.331506133079528809e-01
4.647813737392425537e-01
4.687795341014862061e-01
7.945963144302368164e-01
8.195828795433044434e-01
7.742511630058288574e-01
7.429606318473815918e-01
8.564903736114501953e-01
4.884288012981414795e-01
1.317538619041442871e-01
1.766679286956787109e-01
4.505501389503479004e-01
7.762672305107116699e-01
9.741912484169006348e-01
6.343935728073120117e-01
6.071084141731262207e-01
3.600878417491912842e-01
8.637035489082336426e-01
4.379976391792297363e-01
2.062883973121643066e-01
4.689248204231262207e-01
4.250150322914123535e-01
2.887919545173645020e-01
4.895075857639312744e-01
3.582623898983001709e-01
3.406642675399780273e-01
5.497304797172546387e-01
6.119510531425476074e-01
5.804703235626220703e-01
5.642334222793579102e-01
7.410805225372314453e-01
6.921035051345825195e-01
6.971670389175415039e-01
6.307689547538757324e-01
8.193077445030212402e-01
6.386729478836059570e-01
1.909573078155517578e-01
6.821950674057006836e-01
5.857304334640502930e-01
5.517321825027465820e-01
1.783611178398132324e-01
2.832985818386077881e-01
6.817667484283447266e-01
4.212172031402587891e-01
1.141581088304519653e-01
8.469302654266357422e-01
6.676957607269287109e-01
1.245733425021171570e-01
1.087383255362510681e-01
2.653725147247314453e-01
1.242327913641929626e-01
5.347938537597656250e-01
7.990428209304809570e-01
1.999493241310119629e-01
6.938073635101318359e-01
2.504323124885559082e-01
8.035907745361328125e-01
9.657007455825805664e-01
9.333018064498901367e-01
1.651834845542907715e-01
8.199669718742370605e-01
7.154052257537841797e-01
8.321625590324401855e-01
6.949316263198852539e-01
1.690768003463745117e-01
7.002103328704833984e-01
6.919055581092834473e-01
9.068805575370788574e-01
9.141149520874023438e-01
9.754076600074768066e-01
9.484301209449768066e-01
5.026385784149169922e-01
9.503303766250610352e-01
7.573294639587402344e-01
9.386159777641296387e-01
5.038236975669860840e-01
9.083200693130493164e-01
4.318792223930358887e-01
2.599065303802490234e-01
7.028766274452209473e-01
2.671684920787811279e-01
4.774234294891357422e-01
6.764392852783203125e-01
8.640334010124206543e-01
1.042558252811431885e-01
6.462903618812561035e-01
5.820986628532409668e-01
5.510424375534057617e-01
7.947531342506408691e-01
1.483014971017837524e-01
8.377850651741027832e-01
1.023366808891296387e+00
7.543983459472656250e-01
2.006784081459045410e-01
7.273184061050415039e-01
6.893259286880493164e-01
7.223049998283386230e-01
6.831347346305847168e-01
8.868743777275085449e-01
7.117202877998352051e-01
6.757657527923583984e-01
5.881167054176330566e-01
3.806384503841400146e-01
4.647891521453857422e-01
4.982498288154602051e-01
5.401282310485839844e-01
7.486307621002197266e-01
3.131292462348937988e-01
6.156574487686157227e-01
5.997577905654907227e-01
4.071995913982391357e-01
7.682155966758728027e-01
5.215369462966918945e-01
8.670701980590820312e-01
9.035628437995910645e-01
1.908498853445053101e-01
2.771645188331604004e-01
7.791585922241210938e-01
8.075966238975524902e-01
5.609447360038757324e-01
2.076442986726760864e-01
7.807550430297851562e-01
8.161781430244445801e-01
4.499451816082000732e-01
4.069355428218841553e-01
6.406365036964416504e-01
7.504520416259765625e-01
5.343630909919738770e-01
6.417605280876159668e-01
5.704521387815475464e-02
1.703331619501113892e-01
9.157679229974746704e-02
6.878422200679779053e-02
1.300585269927978516e-01
4.825423285365104675e-02
9.869421273469924927e-02
5.823168158531188965e-02
4.441799223423004150e-02
5.129382759332656860e-02
1.261471062898635864e-01
5.701361596584320068e-02
7.352259755134582520e-02
7.473047077655792236e-02
4.472180083394050598e-02
5.277830958366394043e-01
6.149874329566955566e-01
1.047773659229278564e-01
2.034654021263122559e-01
2.191846519708633423e-01
3.838787674903869629e-01
4.411559402942657471e-01
2.999160587787628174e-01
2.022585719823837280e-01
8.731612563133239746e-02
2.288672775030136108e-01
6.049373149871826172e-01
3.703080415725708008e-01
1.090381145477294922e-01
1.256254613399505615e-01
6.824763119220733643e-02
7.555025815963745117e-02
5.777505785226821899e-02
8.888454735279083252e-02
5.370455980300903320e-02
1.222758814692497253e-01
1.389547437429428101e-01
1.480689793825149536e-01
1.288580745458602905e-01
1.008643582463264465e-01
4.250804781913757324e-01
9.074861556291580200e-02
2.250478565692901611e-01
1.377200186252593994e-01
1.774562448263168335e-01
1.337336748838424683e-01
9.132184088230133057e-02
6.333032995462417603e-02
4.040216654539108276e-02
9.873737394809722900e-02
1.618730574846267700e-01
1.816415637731552124e-01
1.461230218410491943e-01
2.806675136089324951e-01
1.276526302099227905e-01
5.680996552109718323e-02
4.248630702495574951e-01
7.259587049484252930e-01
2.962818145751953125e-01
2.399764806032180786e-01
6.546438336372375488e-01
6.557002663612365723e-02
8.912029117345809937e-02
9.645885229110717773e-02
1.204491853713989258e-01
1.100255697965621948e-01
3.940284252166748047e-01
1.342742890119552612e-01
4.444319307804107666e-01
1.253506988286972046e-01
2.169025540351867676e-01
7.301837950944900513e-02
3.803389072418212891e-01
1.151996180415153503e-01
7.484115958213806152e-01
1.345808058977127075e-01
1.325543224811553955e-01
2.098510414361953735e-01
1.039770916104316711e-01
8.352374285459518433e-02
2.240059226751327515e-01
6.781204789876937866e-02
1.657364517450332642e-01
1.672594696283340454e-01
7.606755197048187256e-02
2.364956885576248169e-01
2.638784348964691162e-01
1.323028057813644409e-01
8.561778664588928223e-01
5.168772339820861816e-01
1.161713227629661560e-01
6.260743737220764160e-02
1.141895800828933716e-01
3.279698193073272705e-01
4.747151434421539307e-01
6.459601521492004395e-01
1.286175698041915894e-01
2.001331150531768799e-01
5.409809947013854980e-01
6.046266555786132812e-01
4.813966453075408936e-01
5.989630892872810364e-02
1.874198764562606812e-01
1.102212443947792053e-01
1.081000566482543945e-01
1.417212784290313721e-01
4.244142398238182068e-02
5.017348006367683411e-02
6.910436600446701050e-02
7.344440370798110962e-02
6.142232194542884827e-02
1.183858811855316162e-01
1.555051207542419434e-01
2.134231030941009521e-01
1.346344798803329468e-01
1.662609130144119263e-01
1.278771609067916870e-01
1.581114530563354492e-01
1.231865361332893372e-01
2.130064219236373901e-01
6.961844116449356079e-02
1.180120334029197693e-01
5.628145486116409302e-02
6.282465904951095581e-02
1.039898097515106201e-01
1.057353168725967407e-01
2.578709721565246582e-01
6.892261654138565063e-02
7.595849037170410156e-02
6.546989828348159790e-02
5.677041038870811462e-02
1.910649836063385010e-01
6.942872405052185059e-01
6.288161873817443848e-01
6.695933341979980469e-01
4.678659737110137939e-01
2.909001111984252930e-01
4.311470985412597656e-01
5.529149249196052551e-02
2.284831553697586060e-01
1.135617941617965698e-01
6.946116089820861816e-01
6.235452294349670410e-01
1.785000264644622803e-01
5.325449109077453613e-01
2.912855148315429688e-01
2.987124621868133545e-01
3.719275891780853271e-01
1.386724561452865601e-01
6.043173074722290039e-01
8.846451342105865479e-02
5.517589449882507324e-01
9.230756759643554688e-01
1.389618515968322754e-01
5.411925166845321655e-02
5.699226632714271545e-02
2.013385295867919922e-02
8.695641756057739258e-01
7.786579728126525879e-01
4.585793614387512207e-01
2.422234565019607544e-01
1.728028804063796997e-01
8.044554591178894043e-01
4.812114536762237549e-01
6.751918792724609375e-01
4.320408701896667480e-01
8.256359100341796875e-01
4.952028095722198486e-01
4.997512400150299072e-01
5.081518888473510742e-01
7.457958459854125977e-01
7.411389946937561035e-01
1.916366964578628540e-01
6.904597878456115723e-01
4.432306587696075439e-01
5.782801508903503418e-01
5.973871350288391113e-01
3.939632475376129150e-01
1.028143286705017090e+00
8.074654936790466309e-01
8.616368174552917480e-01
8.915615677833557129e-01
3.460492491722106934e-01
5.502269268035888672e-01
9.020730257034301758e-01
4.772058427333831787e-01
5.864795446395874023e-01
6.673674583435058594e-01
4.853661060333251953e-01
1.657283604145050049e-01
6.353424191474914551e-01
7.298164963722229004e-01
4.874526262283325195e-01
4.552239775657653809e-01
5.276924371719360352e-01
9.303506612777709961e-01
6.044183373451232910e-01
8.656350374221801758e-01
1.212773323059082031e-01
1.067386418581008911e-01
1.410292685031890869e-01
4.149535000324249268e-01
1.510189324617385864e-01
1.916876286268234253e-01
6.243579983711242676e-01
5.349934697151184082e-01
1.161580607295036316e-01
6.783029437065124512e-02
7.310394197702407837e-02
1.007690057158470154e-01
9.391006827354431152e-02
3.934491798281669617e-02
2.910580858588218689e-02
6.053197011351585388e-02
2.401501685380935669e-02
1.058277338743209839e-01
6.717726588249206543e-02
5.434583500027656555e-02
8.666175603866577148e-02
1.187354698777198792e-01
1.472214162349700928e-01
9.895914793014526367e-02
8.233556151390075684e-02
9.007968008518218994e-02
2.381669133901596069e-01
3.954143077135086060e-02
1.129425540566444397e-01
4.075927138328552246e-01
1.477980911731719971e-01
4.917572438716888428e-01
4.808652997016906738e-01
9.806353598833084106e-02
9.464239329099655151e-02
8.011624217033386230e-02
8.243197202682495117e-02
1.169788762927055359e-01
3.376375511288642883e-02
1.008653938770294189e-01
6.715328246355056763e-02
2.860117852687835693e-01
1.253823041915893555e-01
9.330260008573532104e-02
1.176938638091087341e-01
4.539410769939422607e-01
7.584966719150543213e-02
4.853661060333251953e-01
3.159749507904052734e-01
1.404705196619033813e-01
1.464804112911224365e-01
1.079145520925521851e-01
6.745464354753494263e-02
1.558777987957000732e-01
8.435200154781341553e-02
8.984824270009994507e-02
2.586378157138824463e-01
8.582061529159545898e-02
1.061011031270027161e-01
3.334232866764068604e-01
3.221389949321746826e-01
3.540248274803161621e-01
7.039732486009597778e-02
1.215584874153137207e-01
1.684119999408721924e-01
3.438850641250610352e-01
5.405727624893188477e-01
1.729371994733810425e-01
4.939842969179153442e-02
1.032113209366798401e-01
8.190646022558212280e-02
1.041370183229446411e-01
1.941250115633010864e-01
3.613338768482208252e-01
6.093776822090148926e-01
2.076955288648605347e-01
2.016745954751968384e-01
7.407750934362411499e-02
7.040747404098510742e-01
2.808263301849365234e-01
1.886051297187805176e-01
1.557488292455673218e-01
1.184342727065086365e-01
1.355109363794326782e-01
5.318188667297363281e-01
4.550369381904602051e-01
4.103096202015876770e-02
2.068981081247329712e-01
8.101474046707153320e-01
1.035552471876144409e-01
5.993859097361564636e-02
4.017528891563415527e-02
1.332448124885559082e-01
1.821388155221939087e-01
1.019672900438308716e-01
3.449519276618957520e-01
1.122789531946182251e-01
5.983892455697059631e-02
5.236716866493225098e-01
5.539733171463012695e-01
2.074188441038131714e-01
7.468935847282409668e-02
7.417783886194229126e-02
6.185381859540939331e-02
1.024907678365707397e-01
8.925001323223114014e-02
8.606187999248504639e-02
1.768780946731567383e-01
1.554863750934600830e-01
7.474522292613983154e-02
8.545137196779251099e-02
4.722480475902557373e-02
6.323244422674179077e-02
1.012067049741744995e-01
1.112794503569602966e-01
1.357143968343734741e-01
1.922137439250946045e-01
2.000654786825180054e-01
5.353370308876037598e-02
8.360818028450012207e-02
6.384331732988357544e-02
5.847743153572082520e-01
5.601605772972106934e-01
3.679633140563964844e-01
1.976525336503982544e-01
3.099205195903778076e-01
1.342349797487258911e-01
7.028313726186752319e-02
3.739557266235351562e-01
5.082310438156127930e-01
3.240436911582946777e-01
2.625577747821807861e-01
2.805462777614593506e-01
5.056451261043548584e-02
1.952940523624420166e-01
2.865983545780181885e-01
5.909328460693359375e-01
2.970520257949829102e-01
8.036694675683975220e-02
3.315827846527099609e-01
6.926333308219909668e-01
5.416942238807678223e-01
4.813975393772125244e-01
2.333805859088897705e-01
3.883277177810668945e-01
9.193189442157745361e-02
8.911328911781311035e-01
9.664381146430969238e-01
9.764180779457092285e-01
8.071021437644958496e-01
8.321500420570373535e-01
1.044028282165527344e+00
5.188787579536437988e-01
1.414975672960281372e-01
2.104325443506240845e-01
4.380730390548706055e-01
7.774385213851928711e-01
7.942502498626708984e-01
7.976297736167907715e-01
6.852086186408996582e-01
5.838555097579956055e-01
4.538301527500152588e-01
8.391117453575134277e-01
4.162402749061584473e-01
5.094010233879089355e-01
6.933816075325012207e-01
3.942391872406005859e-01
4.518157243728637695e-01
4.936713874340057373e-01
8.789238333702087402e-02
9.559950828552246094e-01
5.973734259605407715e-01
1.974849104881286621e-01
5.754641890525817871e-01
9.719647169113159180e-01
2.232516258955001831e-01
9.226335287094116211e-01
6.749735474586486816e-01
7.225701808929443359e-01
4.676626026630401611e-01
8.427522778511047363e-01
6.117576360702514648e-01
2.410663664340972900e-01
5.532339811325073242e-01
6.238673925399780273e-01
3.113973736763000488e-01
4.067811071872711182e-01
6.613072156906127930e-01
6.916384100914001465e-01
8.085433840751647949e-01
9.903590083122253418e-01
7.249014377593994141e-01
4.960875511169433594e-01
9.414193034172058105e-01
6.119439601898193359e-01
6.416777372360229492e-01
8.644466400146484375e-01
6.535871028900146484e-01
5.137576460838317871e-01
2.324863374233245850e-01
6.999746561050415039e-01
6.197937726974487305e-01
5.294404029846191406e-01
7.270144820213317871e-01
2.535625696182250977e-01
6.474238038063049316e-01
8.076655864715576172e-01
6.583926081657409668e-01
7.918886542320251465e-01
4.499499797821044922e-01
9.592309594154357910e-01
6.317504048347473145e-01
2.546123862266540527e-01
2.744064331054687500e-01
4.918913245201110840e-01
8.993348479270935059e-01
2.930894792079925537e-01
1.149855032563209534e-01
1.095442548394203186e-01
8.866754919290542603e-02
1.638875305652618408e-01
1.121859848499298096e-01
3.104513585567474365e-01
1.360814124345779419e-01
3.438266739249229431e-02
6.707090884447097778e-02
6.011382117867469788e-02
7.010410726070404053e-02
8.357553929090499878e-02
5.355748534202575684e-02
6.052577868103981018e-02
3.503529727458953857e-02
5.034999549388885498e-02
3.381289839744567871e-01
4.788143932819366455e-02
3.628749847412109375e-01
9.849462658166885376e-02
3.665018081665039062e-01
3.134676814079284668e-01
4.815651774406433105e-01
5.707802772521972656e-01
1.072321087121963501e-01
7.139007002115249634e-02
1.057252138853073120e-01
9.938085079193115234e-02
9.226448833942413330e-02
1.036743894219398499e-01
8.165204524993896484e-02
1.098008081316947937e-01
1.852412521839141846e-01
1.303130239248275757e-01
4.201175570487976074e-01
9.926748275756835938e-02
7.725962251424789429e-02
8.598753064870834351e-02
1.163280829787254333e-01
3.655607402324676514e-01
7.297718524932861328e-02
6.897190958261489868e-02
1.374951452016830444e-01
5.107750743627548218e-02
1.142540052533149719e-01
1.446943432092666626e-01
1.997971236705780029e-01
2.409811764955520630e-01
8.445398509502410889e-02
2.964771389961242676e-01
2.338920235633850098e-01
1.116390824317932129e-01
9.896855801343917847e-02
1.301296055316925049e-01
3.214226663112640381e-01
1.702751666307449341e-01
1.381002366542816162e-01
1.954648196697235107e-01
1.240061745047569275e-01
9.384249895811080933e-02
2.059777081012725830e-01
2.069654315710067749e-01
9.110854268074035645e-01
4.950105845928192139e-01
8.622530847787857056e-02
3.143157064914703369e-01
7.691887617111206055e-01
3.132944405078887939e-01
8.365345746278762817e-02
4.281993806362152100e-01
1.904943436384201050e-01
1.129335612058639526e-01
2.365410774946212769e-01
4.316237270832061768e-01
1.341501623392105103e-01
1.894965618848800659e-01
1.349438577890396118e-01
1.057074815034866333e-01
1.023970022797584534e-01
1.256402581930160522e-01
1.504701972007751465e-01
1.530573368072509766e-01
1.008942276239395142e-01
9.775877743959426880e-02
8.213452249765396118e-02
1.516928821802139282e-01
6.717245280742645264e-02
8.765713870525360107e-02
9.707207977771759033e-02
2.773704230785369873e-01
1.806686371564865112e-01
5.527640134096145630e-02
2.210106700658798218e-01
8.504739403724670410e-02
2.128140330314636230e-01
9.959384053945541382e-02
8.754203468561172485e-02
2.670617103576660156e-01
1.083392202854156494e-01
6.257374584674835205e-02
9.721302241086959839e-02
6.997200250625610352e-01
2.359361052513122559e-01
1.330078542232513428e-01
1.019399911165237427e-01
1.177639886736869812e-01
7.169936895370483398e-01
7.648739218711853027e-01
7.766965627670288086e-01
6.909146904945373535e-01
7.334917783737182617e-01
3.756664693355560303e-01
9.881348162889480591e-02
8.282147049903869629e-01
7.727665305137634277e-01
9.251848459243774414e-01
7.991791963577270508e-01
1.777480095624923706e-01
4.239896833896636963e-01
9.176668524742126465e-01
9.438098669052124023e-01
1.533820331096649170e-01
8.332604765892028809e-01
8.604446053504943848e-01
6.658028364181518555e-01
6.615591049194335938e-01
8.487165570259094238e-01
7.982831597328186035e-01
1.486362069845199585e-01
1.162830740213394165e-01
9.295639395713806152e-02
1.617081910371780396e-01
1.365445703268051147e-01
1.018346622586250305e-01
6.923475265502929688e-01
1.308871954679489136e-01
6.051689982414245605e-01
1.236730143427848816e-01
7.719045877456665039e-02
1.735743731260299683e-01
6.384717673063278198e-02
1.511626243591308594e-01
1.204191595315933228e-01
7.421856373548507690e-02
9.297648817300796509e-02
1.471879631280899048e-01
1.657600402832031250e-01
8.241502195596694946e-02
1.000579148530960083e-01
1.169306337833404541e-01
1.109303981065750122e-01
1.536837816238403320e-01
3.365521728992462158e-01
8.848799467086791992e-01
5.936818942427635193e-02
3.032576441764831543e-01
3.287441283464431763e-02
2.228576838970184326e-01
8.253512978553771973e-01
3.075219094753265381e-01
8.286765962839126587e-02
2.474551349878311157e-01
1.167581975460052490e-01
2.715296745300292969e-01
1.465696543455123901e-01
4.034849107265472412e-01
1.134747937321662903e-01
2.314297258853912354e-01
2.945542633533477783e-01
2.293325364589691162e-01
6.499353051185607910e-01
4.473494589328765869e-01
9.764718264341354370e-02
2.529198229312896729e-01
2.443415820598602295e-01
1.441375464200973511e-01
1.187760084867477417e-01
6.910358369350433350e-02
5.480400100350379944e-02
8.787897974252700806e-02
1.910948753356933594e-01
2.068857103586196899e-01
1.070931479334831238e-01
1.322814226150512695e-01
1.551573574542999268e-01
1.621857434511184692e-01
1.963186115026473999e-01
4.845210611820220947e-01
9.154213219881057739e-02
2.418045103549957275e-01
1.363160759210586548e-01
1.792216897010803223e-01
2.664030790328979492e-01
3.684272468090057373e-01
2.122160941362380981e-01
8.387969434261322021e-02
1.399012356996536255e-01
1.276757419109344482e-01
5.313498154282569885e-02
9.748685359954833984e-01
6.482904553413391113e-01
4.482213556766510010e-01
2.750876843929290771e-01
2.058252245187759399e-01
4.487635195255279541e-01
3.289755284786224365e-01
2.575220465660095215e-01
3.677331209182739258e-01
6.938796639442443848e-01
5.715868473052978516e-01
3.358739912509918213e-01
9.065915942192077637e-01
5.739622712135314941e-01
4.710157811641693115e-01
4.383912980556488037e-01
5.189546942710876465e-01
7.443066239356994629e-01
2.510709166526794434e-01
3.729316890239715576e-01
6.307693123817443848e-01
6.692714095115661621e-01
1.020870804786682129e+00
1.054255962371826172e-01
1.056260317564010620e-01
1.540046334266662598e-01
9.635290503501892090e-01
1.045411705970764160e+00
1.086479425430297852e+00
1.163493871688842773e+00
7.186213731765747070e-01
9.725691676139831543e-01
4.705036878585815430e-01
8.104745149612426758e-01
2.463541179895401001e-01
7.421967983245849609e-01
8.486899137496948242e-01
7.966976761817932129e-01
8.303346633911132812e-01
8.813787698745727539e-01
9.845647811889648438e-01
8.469814658164978027e-01
8.390183448791503906e-01
8.660743832588195801e-01
8.893803954124450684e-01
8.326847553253173828e-01
5.164489150047302246e-01
3.301786482334136963e-01
7.508611083030700684e-01
2.037023305892944336e-01
8.978152275085449219e-01
4.739426374435424805e-01
8.475195169448852539e-01
7.828491330146789551e-01
1.062280654907226562e+00
8.503305315971374512e-01
7.567098140716552734e-01
6.134181618690490723e-01
8.069494366645812988e-01
6.818294525146484375e-01
7.087315320968627930e-01
8.374771475791931152e-01
9.201462864875793457e-01
9.071449637413024902e-01
6.526005864143371582e-01
8.838889002799987793e-01
2.398748695850372314e-01
8.769322633743286133e-01
1.071210980415344238e+00
1.976428925991058350e-01
1.010701656341552734e+00
8.804752826690673828e-01
8.004647493362426758e-01
1.094281077384948730e+00
1.873422116041183472e-01
6.347939372062683105e-01
6.670829653739929199e-01
9.556373357772827148e-01
6.782354712486267090e-01
7.051454782485961914e-01
8.175552487373352051e-01
8.673456311225891113e-01
9.082829952239990234e-01
7.007599472999572754e-01
4.519085586071014404e-01
9.816834926605224609e-01
1.044376254081726074e+00
8.763596415519714355e-01
7.750115394592285156e-01
7.606675624847412109e-01
7.723929286003112793e-01
4.232273101806640625e-01
7.360435724258422852e-01
7.562755346298217773e-01
5.867595672607421875e-01
7.983218431472778320e-01
6.741480231285095215e-01
7.484670281410217285e-01
1.401542127132415771e-01
6.213641166687011719e-01
6.990638375282287598e-01
7.424090504646301270e-01
6.770886778831481934e-01
2.961190044879913330e-01
9.726263284683227539e-01
9.364783167839050293e-01
9.902438521385192871e-01
9.674865603446960449e-01
9.687011241912841797e-01
7.243344187736511230e-01
7.021707296371459961e-01
1.036081433296203613e+00
7.525890469551086426e-01
6.679748296737670898e-01
8.147280216217041016e-01
5.033110976219177246e-01
1.472225785255432129e-01
1.042600750923156738e+00
8.230155706405639648e-01
9.548659324645996094e-01
1.873605102300643921e-01
9.609476923942565918e-01
7.825568318367004395e-01
1.759015321731567383e-01
9.208651781082153320e-01
8.452745079994201660e-01
7.555734515190124512e-01
9.930887818336486816e-01
1.019745469093322754e+00
2.427246421575546265e-01
2.082101851701736450e-01
1.270376443862915039e-01
2.989774048328399658e-01
3.431485295295715332e-01
2.958261668682098389e-01
2.937049567699432373e-01
3.729852139949798584e-01
1.386833041906356812e-01
1.136258766055107117e-01
9.470793604850769043e-02
9.877900779247283936e-02
7.241585105657577515e-02
8.696099370718002319e-02
1.224354952573776245e-01
7.119791954755783081e-02
6.359242647886276245e-02
5.633473023772239685e-02
1.129753291606903076e-01
1.767217665910720825e-01
2.260542958974838257e-01
1.191414147615432739e-01
7.405682206153869629e-01
3.554350733757019043e-01
4.976702630519866943e-01
8.065270185470581055e-01
2.880554199218750000e-01
7.735973596572875977e-01
6.887937188148498535e-01
1.488434821367263794e-01
7.235015034675598145e-01
3.870219588279724121e-01
1.179518550634384155e-01
1.584524363279342651e-01
1.333798766136169434e-01
1.271995902061462402e-01
1.171639189124107361e-01
3.504159450531005859e-01
1.263655722141265869e-01
1.428999900817871094e-01
1.225034743547439575e-01
2.710669934749603271e-01
3.064307570457458496e-01
9.348618239164352417e-02
1.085244864225387573e-01
1.473412215709686279e-01
1.329597234725952148e-01
2.757450938224792480e-01
1.955847293138504028e-01
1.289712637662887573e-01
1.559056937694549561e-01
1.883280575275421143e-01
7.806751132011413574e-01
3.005438446998596191e-01
1.286065876483917236e-01
3.965245783329010010e-01
1.615165024995803833e-01
1.279352903366088867e-01
1.575883179903030396e-01
3.551737964153289795e-01
6.243930459022521973e-01
3.948341012001037598e-01
1.770265698432922363e-01
3.739134967327117920e-01
3.471796512603759766e-01
8.752259612083435059e-01
2.048436403274536133e-01
8.808524906635284424e-02
4.220039844512939453e-01
3.019571006298065186e-01
5.978671908378601074e-01
9.288147836923599243e-02
7.697550058364868164e-01
8.346943855285644531e-01
2.107112556695938110e-01
9.939376711845397949e-01
6.174353957176208496e-01
3.021698594093322754e-01
5.017428994178771973e-01
8.493557572364807129e-01
6.759889721870422363e-01
8.053690791130065918e-01
3.215594887733459473e-01
4.331805109977722168e-01
7.489341497421264648e-01
2.682276666164398193e-01
6.102504134178161621e-01
3.315245509147644043e-01
5.365978479385375977e-01
7.247927188873291016e-01
4.270567893981933594e-01
6.649383306503295898e-01
3.574997782707214355e-01
1.444434821605682373e-01
2.570995390415191650e-01
1.036175265908241272e-01
1.386363208293914795e-01
1.204085275530815125e-01
9.204659610986709595e-02
