3.681041896343231201e-01
7.858340144157409668e-01
6.720135211944580078e-01
8.466873168945312500e-01
8.429889678955078125e-01
2.155412882566452026e-01
9.563655853271484375e-01
1.077331542968750000e+00
7.018235921859741211e-01
8.039304018020629883e-01
8.809964060783386230e-01
7.898953557014465332e-01
7.845664620399475098e-01
9.249933362007141113e-01
5.509667992591857910e-01
8.697732090950012207e-01
9.395962357521057129e-01
8.905060887336730957e-01
4.912028610706329346e-01
9.459020942449569702e-02
1.575517356395721436e-01
1.452626436948776245e-01
2.102100104093551636e-01
1.842838972806930542e-01
1.219702586531639099e-01
8.031694293022155762e-01
5.578381419181823730e-01
3.298121094703674316e-01
8.744564652442932129e-02
2.104830443859100342e-01
6.711639463901519775e-02
3.384020030498504639e-01
6.904881596565246582e-01
5.731720924377441406e-01
3.456459343433380127e-01
6.228892132639884949e-02
4.444587975740432739e-02
3.229782283306121826e-01
1.025962159037590027e-01
1.721095591783523560e-01
7.693918049335479736e-02
1.442593783140182495e-01
3.253700137138366699e-01
1.875021904706954956e-01
3.706628382205963135e-01
2.634680569171905518e-01
1.973072588443756104e-01
1.284244507551193237e-01
1.179711222648620605e-01
2.983662784099578857e-01
3.368936777114868164e-01
3.525164723396301270e-01
3.733245432376861572e-01
5.479232966899871826e-02
7.017904520034790039e-01
8.668823242187500000e-01
1.001715064048767090e+00
7.235848307609558105e-01
7.533670067787170410e-01
8.364471793174743652e-01
2.692290544509887695e-01
3.460540771484375000e-01
7.474368214607238770e-01
1.072894692420959473e+00
7.757074832916259766e-01
8.172453641891479492e-01
9.008170962333679199e-01
7.258824110031127930e-01
7.892262339591979980e-01
9.320056438446044922e-01
8.275129199028015137e-01
8.845808506011962891e-01
8.005769252777099609e-01
6.863173842430114746e-01
1.066647887229919434e+00
1.060587406158447266e+00
7.329769730567932129e-01
7.464952468872070312e-01
1.107149124145507812e-01
1.120091453194618225e-01
1.757496893405914307e-01
6.737557053565979004e-02
1.374250948429107666e-01
6.013929843902587891e-01
2.980828285217285156e-01
2.110855281352996826e-01
1.523131579160690308e-01
1.230774447321891785e-01
9.265409409999847412e-02
1.074383035302162170e-01
1.727476418018341064e-01
9.256440997123718262e-01
9.059646725654602051e-01
7.391198277473449707e-01
2.986920177936553955e-01
7.499842047691345215e-01
4.962096214294433594e-01
1.910940855741500854e-01
1.307420730590820312e-01
3.536438643932342529e-01
8.755589127540588379e-01
8.179128170013427734e-01
7.611906528472900391e-01
5.755521059036254883e-01
8.609831929206848145e-01
8.331972956657409668e-01
7.567699551582336426e-01
7.635200619697570801e-01
7.332212924957275391e-01
8.792577385902404785e-01
6.694364547729492188e-01
7.689055204391479492e-01
3.924928307533264160e-01
3.316074311733245850e-01
9.859420359134674072e-02
8.130047321319580078e-01
7.864082455635070801e-01
7.981184720993041992e-01
7.942850589752197266e-01
8.094060420989990234e-01
8.454599380493164062e-01
8.276749849319458008e-01
1.847292184829711914e-01
8.641343116760253906e-01
6.461802721023559570e-01
8.444103598594665527e-01
1.434220075607299805e-01
6.826473027467727661e-02
1.042442247271537781e-01
2.012639343738555908e-01
1.815219409763813019e-02
3.214272856712341309e-01
1.804332733154296875e-01
2.047069668769836426e-01
2.479217052459716797e-01
3.103070557117462158e-01
9.037318080663681030e-02
1.721414327621459961e-01
6.466704010963439941e-01
2.959875464439392090e-01
2.085283547639846802e-01
6.265769004821777344e-01
7.234508991241455078e-01
7.683908939361572266e-01
6.812845468521118164e-01
1.022592186927795410e+00
5.716652274131774902e-01
2.514553070068359375e-01
8.905463814735412598e-01
8.681092858314514160e-01
8.186923265457153320e-01
8.232631683349609375e-01
7.210634946823120117e-01
6.809630393981933594e-01
7.191392779350280762e-01
7.653588652610778809e-01
4.808293581008911133e-01
7.085474729537963867e-01
7.633172720670700073e-02
8.833333849906921387e-02
1.729782521724700928e-01
7.169696092605590820e-01
1.449760794639587402e-01
3.614197373390197754e-01
2.292001843452453613e-01
1.918765604496002197e-01
3.089667856693267822e-01
1.382826119661331177e-01
2.930981814861297607e-01
1.607412248849868774e-01
9.728185087442398071e-02
2.616685032844543457e-01
5.431289076805114746e-01
6.587547659873962402e-01
1.420163065195083618e-01
9.277814030647277832e-01
7.953240275382995605e-01
9.889463335275650024e-02
9.138780087232589722e-02
1.043125465512275696e-01
9.020369648933410645e-01
8.604941368103027344e-01
4.257071912288665771e-01
8.390313982963562012e-01
1.765065491199493408e-01
2.204158157110214233e-01
8.288418054580688477e-01
9.980288743972778320e-01
8.301122784614562988e-01
8.281601071357727051e-01
7.224664688110351562e-01
6.809208393096923828e-01
5.209612250328063965e-01
2.210862934589385986e-01
2.258657813072204590e-01
6.822165250778198242e-01
6.592207551002502441e-01
9.452936053276062012e-02
2.198272794485092163e-01
1.989168226718902588e-01
1.389311105012893677e-01
1.658137738704681396e-01
8.899395912885665894e-02
7.895229756832122803e-02
1.516200304031372070e-01
6.836860626935958862e-02
3.283222615718841553e-01
6.314810514450073242e-01
1.818825453519821167e-01
1.800531893968582153e-01
2.086870968341827393e-01
7.228080034255981445e-01
1.168395876884460449e-01
9.643668681383132935e-02
1.875865757465362549e-01
4.800044596195220947e-01
2.563289403915405273e-01
1.085654720664024353e-01
6.838631033897399902e-01
2.076556533575057983e-01
6.973357200622558594e-01
7.667317986488342285e-01
8.859336376190185547e-01
8.402798175811767578e-01
7.718262076377868652e-01
7.613820433616638184e-01
7.532287240028381348e-01
8.610424399375915527e-01
8.293554782867431641e-01
9.330881237983703613e-01
7.267055511474609375e-01
8.141070604324340820e-01
7.595621347427368164e-01
7.234341502189636230e-01
7.432318329811096191e-01
6.050246357917785645e-01
6.288151144981384277e-01
6.827194094657897949e-01
5.790990591049194336e-01
7.455998659133911133e-01
8.206076025962829590e-01
8.235433101654052734e-01
7.389518022537231445e-01
8.927175402641296387e-01
1.123589038848876953e+00
7.461817264556884766e-01
7.649179100990295410e-01
8.133140802383422852e-01
8.405756354331970215e-01
8.043394684791564941e-01
7.296791672706604004e-01
9.265170097351074219e-01
9.101048111915588379e-01
7.724886536598205566e-01
3.516429066658020020e-01
5.108101665973663330e-02
1.059312447905540466e-01
3.229608237743377686e-01
7.165916562080383301e-01
6.627112627029418945e-01
8.396216034889221191e-01
8.708806633949279785e-01
1.746365576982498169e-01
5.844852924346923828e-01
8.502133190631866455e-02
8.274234086275100708e-02
8.270648121833801270e-02
1.569286137819290161e-01
3.023424744606018066e-01
8.281102180480957031e-01
6.744357943534851074e-01
6.586708426475524902e-01
1.000794887542724609e+00
2.454594969749450684e-01
3.215120732784271240e-01
9.410300850868225098e-01
8.033623099327087402e-01
6.351516842842102051e-01
6.964222788810729980e-01
7.455362677574157715e-01
7.849758267402648926e-01
8.000111579895019531e-01
6.969542503356933594e-01
7.196900844573974609e-01
3.689318001270294189e-01
8.605263829231262207e-01
2.224711626768112183e-01
3.357331827282905579e-02
4.553173780441284180e-01
4.580214321613311768e-01
5.938359498977661133e-01
7.282204627990722656e-01
6.428461074829101562e-01
7.677972316741943359e-01
7.190323472023010254e-01
7.614549994468688965e-02
1.043213456869125366e-01
1.632583737373352051e-01
3.787856921553611755e-02
1.117674484848976135e-01
1.443019062280654907e-01
4.293771982192993164e-01
7.688639312982559204e-02
1.627725362777709961e-01
3.149571120738983154e-01
1.975422501564025879e-01
6.927219629287719727e-01
2.093043476343154907e-01
1.059850379824638367e-01
1.165652349591255188e-01
1.368211358785629272e-01
1.111207678914070129e-01
9.589691758155822754e-01
8.951151371002197266e-01
6.883476972579956055e-01
6.153980493545532227e-01
6.573873758316040039e-01
5.153915882110595703e-01
7.517596483230590820e-01
7.506315708160400391e-01
2.295405268669128418e-01
7.383524179458618164e-01
6.584473252296447754e-01
8.567628264427185059e-02
1.784788668155670166e-01
2.642161250114440918e-01
1.693097651004791260e-01
7.854779064655303955e-02
1.269969344139099121e-01
1.238194927573204041e-01
1.086190044879913330e-01
3.023574650287628174e-01
6.869524717330932617e-02
7.269234955310821533e-02
7.280755043029785156e-02
5.619686096906661987e-02
2.190549969673156738e-01
1.366600245237350464e-01
2.212053835391998291e-01
4.775462448596954346e-01
3.313996493816375732e-01
2.233299762010574341e-01
3.576328158378601074e-01
1.981378793716430664e-01
1.361807137727737427e-01
7.469245046377182007e-02
1.182016432285308838e-01
6.861805319786071777e-01
7.846717834472656250e-01
5.843489766120910645e-01
4.177778661251068115e-01
3.850904703140258789e-01
7.337875366210937500e-01
6.811723709106445312e-01
7.149612903594970703e-01
2.569619417190551758e-01
7.077066302299499512e-01
8.046265840530395508e-01
8.994994163513183594e-01
1.942765861749649048e-01
8.556033372879028320e-01
7.950553894042968750e-01
8.922194689512252808e-02
7.559498399496078491e-02
9.435632079839706421e-02
8.828616142272949219e-02
2.282815128564834595e-01
1.692625880241394043e-01
2.708853185176849365e-01
1.229876726865768433e-01
1.565000563859939575e-01
1.852737069129943848e-01
7.640590667724609375e-01
8.620055317878723145e-01
7.399603128433227539e-01
8.727154135704040527e-01
8.487592339515686035e-01
6.983317136764526367e-01
6.893911957740783691e-01
8.739575147628784180e-01
6.872670650482177734e-01
8.529062867164611816e-01
8.746104240417480469e-01
5.372853279113769531e-01
7.737352848052978516e-01
6.115601658821105957e-01
1.943495571613311768e-01
3.499208390712738037e-02
6.679624319076538086e-01
3.439657390117645264e-01
6.300171613693237305e-01
5.288527607917785645e-01
7.722193598747253418e-01
6.088600158691406250e-01
7.089394330978393555e-01
7.211472988128662109e-01
9.133468270301818848e-01
7.176568508148193359e-01
6.900803446769714355e-01
8.341564536094665527e-01
6.570210456848144531e-01
6.221337318420410156e-01
7.395970821380615234e-01
7.966294884681701660e-01
7.826817631721496582e-01
6.527977585792541504e-01
6.483313441276550293e-02
7.293718308210372925e-02
1.177025586366653442e-02
1.290237903594970703e-01
3.764307200908660889e-01
5.256699919700622559e-01
7.353057861328125000e-01
4.529263079166412354e-01
5.426375940442085266e-02
2.643591463565826416e-01
5.842083692550659180e-01
2.209811061620712280e-01
6.103897690773010254e-01
8.540989756584167480e-01
8.421506285667419434e-01
1.157929971814155579e-01
8.440808206796646118e-02
3.615143299102783203e-01
8.830364942550659180e-01
7.707819342613220215e-01
1.950267553329467773e-01
5.332512855529785156e-01
2.497089952230453491e-01
9.063783884048461914e-01
7.516986131668090820e-01
4.869690835475921631e-01
7.245095968246459961e-01
5.769180655479431152e-01
1.149488568305969238e+00
8.289307355880737305e-01
8.107140064239501953e-01
1.003226876258850098e+00
2.942846417427062988e-01
1.311313062906265259e-01
2.577089369297027588e-01
1.937352120876312256e-01
4.816708266735076904e-01
7.355995774269104004e-01
2.387853115797042847e-01
1.082677394151687622e-01
1.558903604745864868e-01
1.610978394746780396e-01
1.080512478947639465e-01
2.444133013486862183e-01
1.975438892841339111e-01
3.337719440460205078e-01
1.831949055194854736e-01
5.445186495780944824e-01
2.468392699956893921e-01
1.792201101779937744e-01
8.128968477249145508e-01
2.706103026866912842e-01
3.296056091785430908e-01
2.149894833564758301e-01
