0.607619333759
0.594406630885
0.615852096466
0.618599860276
0.627187894645
0.622742999709
0.624800434179
0.609566129392
0.626633566148
0.631982564203
0.641395532681
0.639375908539
0.637524831206
0.629925478751
0.627154010774
0.638180724062
0.635627945206
0.642879384471
0.643534899224
0.624610131888
0.646014093364
0.63644837116
0.637061218412
0.636355561347
0.633677194032
0.630837871057
0.631001967882
0.639782631331
0.641150347244
0.626242723693
0.632918806101
0.637395025441
0.63974438473
0.628878830695
0.639978110728
0.643254841031
0.631684153459
0.638149952272
0.638510168361
0.639127087494
0.635471235938
0.641307376446
0.641641125305
0.633190604192
0.634570157646
0.636517098703
0.635658716997
0.638862298856
0.636750650192
0.634658197541
0.63514490372
0.635609098212
0.635386511718
0.635942643477
0.645845691978
0.635133822386
0.640817121913
0.635590134878
0.642392445613
0.641614628991
0.644174620893
0.637751693176
0.63742149267
0.634547965892
0.638839932593
0.639403248314
0.644458605543
0.640775530552
0.646611816484
0.633826748422
0.645661788359
0.63941086855
0.638253465317
0.64080999612
0.627334947737
0.6370385613
0.633156545811
0.638249073502
0.636888977824
0.638330540217
0.633340362176
0.63521438747
0.634064546302
0.630600218602
0.642541709155
0.63206816097
0.638000979578
0.640656544357
0.639833239001
0.63810853542
0.636219066062
0.638660159024
0.639564552992
0.634559745263
0.628476965075
0.646351623256
0.639000975506
0.637165458578
0.642745157806
0.643515557787
