0.0861154888402
0.0784941808682
0.0754426910485
0.0726513868299
0.0706831410837
0.0698243590186
0.0686437750568
0.0672807787689
0.0668674272286
0.0662702604968
0.0651510375566
0.064277020346
0.0642630689772
0.0633754741386
0.0626741395044
0.0623116100582
0.0619677071473
0.0610443150263
0.061066042565
0.0605263856058
0.0600487497648
0.0601591174468
0.0595887038617
0.0594466099592
0.0597367338314
0.058929157404
0.0598568043171
0.0577570770655
0.0582786083115
0.058334345135
0.0578412154301
0.0573427572605
0.0585638449909
0.057656452725
0.0569815889465
0.0565524791327
0.0566172226012
0.0567677898102
0.0562398983919
0.0562807103838
0.0565343794874
0.0559986472578
0.0558906360752
0.0558215625044
0.055579090624
0.0556756594873
0.0557302952476
0.0554428222536
0.0555478692767
0.054768514573
0.0556452573398
0.0553903861239
0.0551966726911
0.0564595693775
0.0563116827095
0.0561284704447
0.0562633172374
0.0562896228819
0.0560403213922
0.0559151073063
0.0556318294706
0.0558711104095
0.0558401228517
0.0562268316131
0.0565059909372
0.0566384029771
0.0560357669319
0.0556386855761
0.0554104540569
0.0556135316596
0.0557382922858
0.0550901126149
0.0548221036716
0.0546843087413
0.0555401973474
0.0548501461823
0.055895165013
0.0549891396314
0.0548020807376
0.0565219264213
0.0561627970122
0.0550906197682
0.0544587234035
0.0550812509492
0.0548834541293
0.0551828468595
0.0552222514977
0.0560392880315
0.0576079103153
0.0628150767508
0.0626992910378
0.0630208750227
0.062991594761
0.0652848401262
0.0600283307913
0.0546885081118
0.055018550268
0.0543459706948
0.0543361276003
0.0549500553609
