0.434212888171
0.369314943577
0.443196464739
0.450463421218
0.47279052431
0.456010137581
0.466734555329
0.439622475082
0.456651224355
0.479088717053
0.492130901824
0.487862640616
0.484486873508
0.465610403883
0.466602468703
0.480779545861
0.479294076533
0.48915917504
0.488976167098
0.4508536703
0.496853206328
0.478190918842
0.482609821352
0.485541469882
0.475839044105
0.464462964697
0.472358292512
0.484420513726
0.490965627364
0.454935622318
0.469798657718
0.47967842787
0.483635716827
0.467730496454
0.484575267391
0.490910672349
0.473596927642
0.48177636235
0.482788977903
0.48491697818
0.474838474838
0.492051602164
0.490029952931
0.473566907373
0.477549234136
0.480767553423
0.478283898305
0.487438880459
0.483276450512
0.478731698865
0.479799723757
0.47619047619
0.478725267029
0.475627500909
0.494786235662
0.475763016158
0.488732756405
0.474118942731
0.490089154332
0.487159120995
0.492685882455
0.477939161414
0.483074265976
0.469152157456
0.481815744795
0.48341904593
0.490008065239
0.483643592988
0.498952835721
0.475254537406
0.494012761122
0.483842486315
0.481632653061
0.483958183129
0.457651178196
0.479422768573
0.46889240212
0.486600370807
0.480253878702
0.477634011091
0.470814624759
0.475079149706
0.473850031506
0.464425770308
0.492017663043
0.46624156039
0.476650264599
0.48506932101
0.476843910806
0.474269951489
0.471025543271
0.478023503285
0.480498077275
0.465913517725
0.460775135742
0.495340938779
0.481374842541
0.475412878085
0.489681706891
0.490476608444
