0.621603687263
0.711522668455
0.738437339851
0.762266310358
0.795239097974
0.7978984147
0.80679117123
0.8033641885
0.81218333123
0.825659135819
0.818964962623
0.829396832193
0.833968537153
0.826839603352
0.825866365503
0.828951891883
0.829499908964
0.815899243037
0.828154908333
0.83806563524
0.824917151754
0.834429299631
0.829378246962
0.827994534372
0.824752095128
0.842209210945
0.838054495735
0.831443039904
0.831581105772
0.829412741615
0.837372746432
0.840381256082
0.841085982432
0.829994351719
0.827592523328
0.844952670194
0.836016257278
0.840561378669
0.84131648001
0.83744569128
0.84409065288
0.82995665773
0.842166834292
0.840622718656
0.846562924821
0.83538377774
0.825300752077
0.844358786277
0.82991913825
0.840890968392
0.836651848896
0.817114466988
0.82688733162
0.841492385291
0.836836246958
0.82716712805
0.83967603529
0.840074207132
0.82461074267
0.842136324266
0.837970178703
0.837149810919
0.821674625256
0.812998172889
0.832965254635
0.833701130878
0.831899963179
0.834927668842
0.832835099851
0.840342864057
0.840584530224
0.841990899927
0.845186512532
