0.465595385249
0.588703043597
0.614940801731
0.645157007236
0.68672271243
0.685695187166
0.704939341421
0.695412211107
0.707990723171
0.726777522936
0.735765482806
0.742106476147
0.739826112369
0.728381772515
0.730079754152
0.736991414707
0.737061273052
0.736815796051
0.738559611444
0.745009140768
0.745346663415
0.751662104028
0.750100798323
0.746351965553
0.741589119542
0.756941802967
0.749717896637
0.739304812834
0.740629909479
0.750161290323
0.755291728501
0.757643780478
0.751805793432
0.738089912771
0.751859811539
0.750701489316
0.757386998882
0.757714020571
0.759763497744
0.757221783741
0.753984651712
0.746369416752
0.753831202811
0.758054522924
0.760195268494
0.755129525469
0.750837240455
0.752278859476
0.758312989309
0.757896362653
0.749260747593
0.742525200752
0.751075802714
0.754293461886
0.755597454631
0.751677852349
0.756493506494
0.751083221276
0.747849106552
0.755901937046
0.749623833885
0.746144721234
0.739298358545
0.735982302391
0.750039178812
0.751156772018
0.75121330257
0.754150197628
0.752083829483
0.756640234044
0.760047003525
0.758817187741
0.751661369546
