0.144395620365
0.127901322715
0.115576083719
0.107939380413
0.100987176759
0.095585154747
0.0922622127599
0.0902753271173
0.0875841905714
0.0856072048379
0.0841023741574
0.082456476428
0.0809701232791
0.0801309083341
0.0802742347651
0.0784349827087
0.0779713506166
0.0775120220259
0.0771728638169
0.0761195711154
0.075922266316
0.0754976799275
0.0745460694023
0.0742862803474
0.0736457127023
0.0731355868585
0.0729344587309
0.0727872342883
0.0726782079251
0.0731532905116
0.0713218125481
0.0722358892518
0.0710517614156
0.0714382525687
0.0713542135377
0.0704190759827
0.070703958112
0.0704910248842
0.0707636764693
0.069954805704
0.070534162551
0.0694627248833
0.0702322548915
0.0696657250827
0.0696338932918
0.0690337421476
0.0693567997902
0.0689602258912
0.0690069424302
0.0689719853304
0.068594054532
0.0682972309885
0.0683564484666
0.0686861203989
0.068893008543
0.0681113935266
0.0677897462098
0.0677746495967
0.0682329033665
0.0672808626017
0.0669275543297
0.0683364756169
0.067437203137
0.0680969380882
0.0678877549804
0.0672704004057
0.06714427589
0.0672982141145
0.0673877932878
0.0675961645648
0.0672195237327
0.0670294167427
0.0674024646975
