0.436444358653
0.445219029675
0.469054812257
0.415473652147
0.437058413773
0.475468409586
0.457824690225
0.445249213762
0.441767068273
0.453643004308
0.444739588274
0.453634776215
0.463347287788
0.449391955098
0.466953528399
0.41436236071
0.361992995142
0.44089456869
0.447982020788
0.441590099381
0.472253979421
0.472072371151
0.459128555996
0.473799864773
0.437671557028
0.467901456573
0.459501133787
0.443413202008
0.455850614619
0.423033879337
0.465320771646
0.420407753339
0.471757322176
0.469791481019
0.447861692448
0.418949076892
0.463396911898
0.425969447709
0.458792184725
0.446991404011
0.451772464963
0.448852157943
0.466145370535
0.481365672272
0.46295468764
0.470609065156
0.419487179487
0.417132216015
0.473638570933
0.455550394798
0.437378829003
0.471264367816
0.456476543433
0.466643441909
0.437386047404
0.46077563308
0.455536534823
0.440069821567
0.42841723089
0.418984943663
0.431763226618
0.467546174142
0.404312668464
0.440172905362
0.445111090278
0.476357883635
0.423679159511
0.417982989064
0.456841722697
0.456987788331
0.420497209538
0.41800511509
0.466511877121
0.449372463905
0.451734337187
0.439386814634
0.454445462878
0.481574611983
0.482154996601
0.437228182082
0.461383969326
0.439480717831
0.476174496644
0.436071043077
0.441908106526
0.478364160869
0.435342755504
0.440762858794
0.44776119403
0.415331010453
0.442334805903
0.448867924528
0.416905444126
0.426425269646
0.461254612546
0.426226304475
0.447227850433
0.43808411215
0.431259044863
0.44053030303
