0.435181254775
0.502538071066
0.582418547466
0.634690375916
0.651129125651
0.704370179949
0.712193641399
0.726202463016
0.718488975845
0.733129770992
0.736304200797
0.728429365311
0.703967761934
0.715066107197
0.702239469642
0.72084006462
0.742245657568
0.731956333935
0.742584174436
0.745545911375
0.736983275481
0.749451926088
0.747642991829
0.748094079481
0.746971216915
0.746436911184
0.75634357762
0.757220921155
0.744365123927
0.754479723357
0.749450549451
0.754417373706
0.748046875
0.750865051903
0.756492284531
0.755738483457
0.75127452495
0.753670220986
0.752035065748
0.755531570426
0.759965809309
0.749715030125
0.751501911524
0.752629100612
0.756383298288
0.75437751004
0.745923510228
0.735763454318
0.754865059662
0.755948118087
0.757641247299
0.755656795748
0.753293041996
0.753700992354
0.749018992309
0.751143641354
0.751967000229
0.747973755307
0.750584932148
0.749360415536
0.75106888361
0.753776670301
0.743752511049
0.751333384865
0.741703449403
0.75149288011
0.744828662868
0.747865238317
0.738777459408
0.746163482618
0.750141643059
0.746551462786
0.75
0.744847419716
0.743293870823
0.745371103023
0.750141459866
0.745614035088
0.750240461686
0.751054852321
0.750467080188
0.71364764268
0.730176565008
0.749722266307
0.745836916582
0.751983659361
0.742746615087
0.745454545455
0.731731731732
0.72960076348
0.725086742516
0.738044924474
0.741183879093
0.747911624639
0.733464631544
0.717745201263
0.732268058047
0.694406779661
0.714779529551
0.720259429937
0.730142737196
0.722033321999
0.735872750105
0.730044992501
0.729965881668
0.715056570931
0.736215590642
0.73438925284
0.710950012644
0.728926723418
0.723618090452
0.714370596724
0.705924086556
0.736535190735
0.741596303967
0.741283517191
0.735815314583
0.732654949121
0.740577581987
0.739454500778
0.747203579418
0.737364976741
0.746337579618
0.744818546735
0.752305348408
0.732567291044
0.741591073292
0.750339104763
0.739984411535
0.736105652071
0.742508410922
0.732998065764
0.74589230519
0.74888337469
0.745349481517
0.736867547535
0.748051534913
0.744929611071
0.73932499052
0.744115534988
0.747013782542
0.744982478496
0.742680803925
0.736205111872
0.742442563482
0.742643472606
0.7507136795
0.73293550233
0.751231918614
0.753682552186
0.753697649074
0.742042755344
0.746156310058
0.745416890389
0.741043223669
0.732160688225
0.729051601704
0.752578981302
0.744231236337
0.729975488258
0.739866514732
0.739766562551
0.732433766661
0.748387096774
0.72408346496
0.722160796083
0.732803374432
0.744061109712
0.726648022373
0.726724769895
0.722235802167
0.724318049913
0.72976725194
0.735087131367
0.736876110483
0.728536728369
0.729822324914
0.738015607581
0.726233931122
0.726610786555
0.692995399705
0.686582628216
0.723820875192
0.702656675749
0.689006156552
0.705700283725
0.691870132143
0.675444250069
0.672749055387
0.721464341219
0.713593912141
0.719042209211
0.687083408395
0.714101128435
0.702317290553
0.72026714616
0.706335003579
0.681089145841
0.703279266573
0.705955777461
