0.602755122282
0.64969719744
0.705742225469
0.745707597026
0.76239012464
0.796034278262
0.807531497458
0.816182006123
0.813360832106
0.823207048776
0.827591389018
0.82460542014
0.799076962632
0.805404899171
0.793888076775
0.807647226147
0.828342971089
0.818995327225
0.82940070048
0.833202528987
0.822268451004
0.832620308102
0.830811345658
0.827193711619
0.832585638939
0.826856356236
0.836993421585
0.838913459139
0.825794671303
0.835939415057
0.832298396784
0.837161910224
0.826741500093
0.833126268464
0.843320543747
0.835954830037
0.835766738196
0.837568080405
0.834620939825
0.839300404221
0.841630742007
0.827898961496
0.834632399263
0.83472445287
0.843558138033
0.83303453479
0.837011832306
0.822345002376
0.833778031269
0.835414491361
0.840768317504
0.841465656297
0.836908900958
0.830930564531
0.831991784107
0.837387783308
0.8377749029
0.833317675979
0.833984679255
0.833823636341
0.832409646404
0.836621513379
0.825127813452
0.83572075502
0.821594321936
0.837111884252
0.829492841341
0.832509058482
0.822567501616
0.830125262709
0.828945202364
0.834578388663
0.836617412412
0.826649301062
0.833493610345
0.82821290356
0.829106158023
0.822966546003
0.830236686838
0.836498687982
0.839533810286
0.800066546178
0.815224270508
0.831118074675
0.830063922723
0.834103578195
0.824027881918
0.827316158913
0.812139442164
0.815806724072
0.8108819579
0.824012205174
0.825698633069
0.83181925267
0.81517087069
0.80510238746
0.815025155502
0.784287859918
0.799054945387
0.801730258791
0.810315181079
0.803351420243
0.814692017425
0.81106245859
0.811139097217
0.796288130989
0.816339907871
0.814680412563
0.796372099003
0.810088988062
0.805953614289
0.798131355407
0.788462091074
0.818884542963
0.824575811744
0.823054382304
0.81794175697
0.811921072976
0.821004073627
0.819724019505
0.823959212545
0.822621046857
0.828170817756
0.823594982744
0.831716088644
0.819213812753
0.823644572444
0.830884348676
0.825985962479
0.822023120143
0.827438577122
0.821520853559
0.825227603634
0.825373435161
0.828147753456
0.819731494317
0.829588879575
0.827247140521
0.82882944459
0.826250692947
0.833616522997
0.827120679516
0.826193104909
0.820601364546
0.823774930822
0.822931847756
0.835486941767
0.815212985579
0.832045591112
0.835038773037
0.836602346451
0.825637380338
0.827327705605
0.832152478002
0.828212583626
0.821723895022
0.816278044357
0.831275394725
0.824568336933
0.816734153255
0.820751093446
0.819543926003
0.81413608926
0.831194626047
0.807041999131
0.810989019299
0.815975590815
0.820191878691
0.813089441204
0.811081363755
0.807773803492
0.807482722134
0.813016874459
0.814051975822
0.819459405377
0.809433647818
0.815768419301
0.821942787738
0.81353394524
0.806957885693
0.781436641233
0.777431480414
0.804447570745
0.78966509938
0.777734457483
0.790949138128
0.780045482916
0.76570812637
0.763914462567
0.801431440859
0.795874136979
0.798622249808
0.774741420982
0.796579299601
0.785641324246
0.801412186676
0.78799077079
0.76853290691
0.787185759816
0.788036724881
