0.0912739304651
0.0811144470216
0.0710338523446
0.0603352661122
0.0547222111795
0.0500649351844
0.0466818330284
0.0438547897602
0.0425314489755
0.0395557519683
0.0378756951049
0.0374482756823
0.0438826379768
0.0411042681381
0.0414866470924
0.0401038721366
0.0380800073894
0.0389010569097
0.0347369164808
0.0330849762968
0.0333759308574
0.0314894967515
0.0307103399188
0.0297522639114
0.0298835102106
0.0291020819568
0.0284546371956
0.0282250942035
0.029136531235
0.0282135399689
0.0276375444693
0.0270895021134
0.0269170771456
0.0265685176824
0.0266077562827
0.0262647525712
0.0260079024806
0.0262389031778
0.0259362487702
0.0255553608257
0.0258315822613
0.0251252971054
0.0284052539209
0.0269876980468
0.0249322320074
0.0246062379859
0.0246044907622
0.0257016431619
0.0252644045856
0.0242713417056
0.0246556063779
0.024138735729
0.0238840066452
0.0238966805292
0.023656968425
0.0240659188079
0.0236484783959
0.0235662125313
0.0234019153135
0.0245417830309
0.0245385131899
0.0243015331021
0.0240599611154
0.0237399103142
0.0240749044091
0.0239645161073
0.0241345432838
0.0236216743321
0.0231336828593
0.0230023888424
0.0230474053274
0.024756248111
0.0249406071671
0.0242738561493
0.0246532871365
0.0238851119247
0.024356340492
0.0244732446006
0.0239695575921
0.0238486227585
0.0235949783908
0.0302675215052
0.0418063003863
0.0338255231197
0.0266156470512
0.0264692477388
0.0276741044177
0.0277250885687
0.027289695634
0.0288655451308
0.0279853503075
0.0278472683965
0.0276761345472
0.0278712105269
0.0271927902338
0.0327060626801
0.0368675841035
0.0356277052613
0.0361157849536
0.0350277880684
0.0344263347194
0.0338298328762
0.0336464267489
0.033359753645
0.034457784672
0.0325601590808
0.0342905234198
0.0333005934616
0.0323854152285
0.0317074830118
0.030583228872
0.0297798110892
0.0303981787486
0.0286151882863
0.0275219172819
0.0270639043855
0.0270834482697
0.026487610838
0.0265125799768
0.0269633473002
0.0256435839375
0.0255056078145
0.0256150461814
0.0251778294983
0.0247273826297
0.0241426707055
0.0246438057994
0.0247603961719
0.0259737365387
0.0253123113558
0.0253135699932
0.0246092260635
0.0246639127982
0.0245375414816
0.0244686965571
0.0245771026607
0.024033096255
0.0228649696781
0.0230162931873
0.0232340438001
0.0228135607264
0.0234375619028
0.0229118313527
0.0229630442292
0.0227987340515
0.0227823917882
0.0229622345506
0.0233454682871
0.0235119700623
0.0225956555301
0.022451357866
0.0234244760715
0.0229597727076
0.0231459474784
0.0227594324027
0.0239418505365
0.02408954732
0.0241070924545
0.0237994540483
0.0290599495266
0.0264466328849
0.0264073515601
0.0264165175438
0.0263122872277
0.026147042945
0.0263156096142
0.0263623798402
0.0255318666259
0.0254731846939
0.0254420555686
0.0250252641219
0.025803239656
0.025460917707
0.0250526333136
0.0256254875334
0.0257164614223
0.0253785043594
0.0252082055665
0.0264774412869
0.0273516558515
0.0297647189342
0.0391669814835
0.0369065550325
0.0367409474532
0.0363000155276
0.0354747232984
0.0356743589439
0.0382521917157
0.0370011776489
0.0364777326389
0.036161758563
0.036554339601
0.036413766756
0.036469194847
0.0356967450411
0.0354085157174
0.0356983531956
0.0362726639097
0.0359850928114
0.0353936546887
