0.447488584475
0.591093117409
0.694063926941
0.67264573991
0.65
0.681818181818
0.65811965812
0.652719665272
0.663755458515
0.663755458515
0.663793103448
0.649789029536
0.652542372881
0.660944206009
0.697674418605
0.649789029536
0.663829787234
0.652542372881
0.660869565217
0.669565217391
0.663755458515
0.655319148936
0.65811965812
0.649789029536
0.649572649573
0.652360515021
0.658008658009
0.64135021097
0.647058823529
0.649572649573
0.64406779661
0.655319148936
0.64135021097
0.646808510638
0.652360515021
0.652719665272
0.65
0.652719665272
0.655462184874
0.647058823529
0.655462184874
0.658227848101
0.652719665272
0.655319148936
0.655462184874
0.655462184874
0.658227848101
