0.707681237633
0.774661096428
0.782541982781
0.789999146685
0.791277258567
0.789967063593
0.789061842659
0.784468963194
0.790018360875
0.786929199832
0.790585495675
0.790616129571
0.788524452647
0.788556176495
0.789688829565
0.790033222591
0.787054800234
0.787662121716
0.791241602389
0.790162567737
0.789838723155
0.789736754415
0.786214953271
0.787524040472
0.788519134775
0.787899047301
0.788222537326
0.787888898157
0.78868997825
0.790794630201
0.787914100216
0.787136549196
0.788389356911
0.787468671679
0.789171178676
0.788570476508
0.789105447276
0.790212126274
0.788990825688
0.787646076795
0.789666666667
0.789670970429
0.790008326395
0.789376983464
0.788889815664
0.788762920974
0.790271530901
