0.683823529412
0.779310344828
0.780487804878
0.764912280702
0.780821917808
0.777777777778
0.791666666667
0.776223776224
0.78445229682
0.771812080537
0.767676767677
0.775510204082
0.767123287671
0.764505119454
0.782006920415
0.779310344828
0.772413793103
0.773519163763
0.756756756757
0.760273972603
0.76254180602
0.77133105802
0.768707482993
0.765100671141
0.765100671141
0.772413793103
0.768707482993
0.77397260274
0.767676767677
0.77027027027
0.76254180602
0.765100671141
0.767676767677
0.767676767677
0.765100671141
0.77027027027
0.77027027027
0.772881355932
0.766101694915
0.761904761905
0.77027027027
0.77027027027
0.772881355932
0.766101694915
0.77027027027
0.77027027027
0.77027027027
0.77027027027
