0.294117647059
0.294117647059
0.487804878049
0.52380952381
0.235294117647
0.511627906977
0.487804878049
0.378378378378
0.410256410256
0.333333333333
0.5
0.368421052632
0.285714285714
0.333333333333
0.285714285714
0.511627906977
0.333333333333
0.333333333333
0.285714285714
0.333333333333
0.324324324324
0.324324324324
0.324324324324
0.388888888889
0.333333333333
0.333333333333
0.333333333333
0.333333333333
0.378378378378
0.333333333333
0.333333333333
0.333333333333
0.333333333333
0.333333333333
0.378378378378
0.388888888889
0.388888888889
0.378378378378
0.342857142857
0.342857142857
0.388888888889
0.388888888889
0.378378378378
0.388888888889
0.378378378378
0.388888888889
0.378378378378
0.378378378378
