0.913725490196
0.933333333333
0.932806324111
0.934393638171
0.934911242604
0.931726907631
0.929577464789
0.923694779116
0.934393638171
0.922772277228
0.936507936508
0.940711462451
0.936758893281
0.92828685259
0.935166994106
0.938613861386
0.930139720559
0.927710843373
0.937007874016
0.934911242604
0.934911242604
0.934393638171
0.937007874016
0.930966469428
0.934911242604
0.937007874016
0.936758893281
0.936758893281
0.936758893281
0.933070866142
0.933070866142
0.93041749503
0.932806324111
0.928571428571
0.93253968254
0.934653465347
0.928571428571
0.930693069307
0.934911242604
0.930966469428
0.93041749503
0.93041749503
0.92828685259
0.92828685259
0.92828685259
0.93041749503
0.93253968254
0.93253968254
