0.752808988764
0.787535410765
0.777464788732
0.795389048991
0.80701754386
0.790697674419
0.793201133144
0.78386167147
0.776203966006
0.779661016949
0.784090909091
0.774373259053
0.778711484594
0.766666666667
0.775280898876
0.790830945559
0.774373259053
0.782122905028
0.792134831461
0.781869688385
0.78431372549
0.797720797721
0.773480662983
0.804597701149
0.782122905028
0.786516853933
0.785310734463
0.770083102493
0.781869688385
0.780626780627
0.786516853933
0.782122905028
0.787535410765
0.786516853933
0.782122905028
0.782122905028
0.778711484594
0.782122905028
0.787535410765
0.783098591549
0.781869688385
0.785310734463
0.785310734463
0.786516853933
0.785310734463
0.783098591549
0.783098591549
0.786516853933
