0.827804107425
0.873846153846
0.854864433812
0.881656804734
0.88140556369
0.875
0.877611940299
0.872727272727
0.865443425076
0.864946889226
0.869822485207
0.87537993921
0.876876876877
0.871406959153
0.868098159509
0.875183553598
0.870229007634
0.873529411765
0.882005899705
0.879284649776
0.876304023845
0.872563718141
0.877458396369
0.870481927711
0.873323397914
0.872727272727
0.872023809524
0.872781065089
0.872340425532
0.86943620178
0.872180451128
0.872180451128
0.874051593323
0.871559633028
0.872944693572
0.869047619048
0.871406959153
0.871016691958
0.874626865672
0.872563718141
0.870870870871
0.869955156951
0.872563718141
0.870090634441
0.869172932331
0.870870870871
0.872563718141
0.870481927711
