0.656826568266
0.702702702703
0.668965517241
0.689393939394
0.699300699301
0.692857142857
0.702898550725
0.659340659341
0.690909090909
0.685512367491
0.673684210526
0.694158075601
0.683098591549
0.63358778626
0.696245733788
0.71186440678
0.661764705882
0.701388888889
0.718120805369
0.704225352113
0.702127659574
0.673835125448
0.664259927798
0.659420289855
0.705479452055
0.680701754386
0.685512367491
0.678571428571
0.687719298246
0.673835125448
0.676056338028
0.657243816254
0.68275862069
0.669117647059
0.68085106383
0.683274021352
0.698630136986
0.704225352113
0.678832116788
0.690391459075
0.698961937716
0.705882352941
0.710344827586
0.703832752613
0.703448275862
0.705882352941
0.696864111498
0.701030927835
