0.723404255319
0.772727272727
0.75
0.790697674419
0.786516853933
0.808988764045
0.776470588235
0.755555555556
0.744680851064
0.781609195402
0.760869565217
0.782608695652
0.75
0.786516853933
0.778947368421
0.777777777778
0.774193548387
0.760869565217
0.744680851064
0.760869565217
0.752688172043
0.760869565217
0.760869565217
0.769230769231
0.757894736842
0.757894736842
0.760869565217
0.760869565217
0.762886597938
0.769230769231
0.765957446809
0.75
0.744680851064
0.744680851064
0.75
0.742268041237
0.765957446809
0.778947368421
0.778947368421
0.760869565217
0.760869565217
0.769230769231
0.752688172043
0.769230769231
0.760869565217
0.752688172043
0.752688172043
0.760869565217
