0.623529411765
0.824074074074
0.827906976744
0.840182648402
0.824644549763
0.837209302326
0.844036697248
0.822429906542
0.818604651163
0.838709677419
0.845454545455
0.830188679245
0.829493087558
0.843049327354
0.855855855856
0.848214285714
0.859728506787
0.824074074074
0.845814977974
0.858407079646
0.844444444444
0.849557522124
0.843049327354
0.85201793722
0.849557522124
0.844444444444
0.846846846847
0.828828828829
0.827272727273
0.849557522124
0.837837837838
0.844444444444
0.837837837838
0.834080717489
0.841628959276
0.848214285714
0.834080717489
0.843049327354
0.839285714286
0.834080717489
0.834080717489
0.839285714286
0.839285714286
0.834080717489
0.834080717489
0.839285714286
0.844444444444
0.848214285714
