0.731481481481
0.733944954128
0.720812182741
0.738461538462
0.735294117647
0.747572815534
0.727272727273
0.708737864078
0.736842105263
0.721951219512
0.733333333333
0.752380952381
0.730769230769
0.761467889908
0.716417910448
0.734299516908
0.735294117647
0.741784037559
0.728155339806
0.70297029703
0.729857819905
0.728155339806
0.742857142857
0.73786407767
0.730769230769
0.741463414634
0.75117370892
0.735294117647
0.732673267327
0.739336492891
0.736842105263
0.728155339806
0.696517412935
0.748815165877
0.734299516908
0.741463414634
0.72380952381
0.729857819905
0.731707317073
0.728155339806
0.752380952381
0.739336492891
0.746411483254
0.740384615385
0.736842105263
0.743961352657
0.75
0.75
