0.463276836158
0.597014925373
0.624338624339
0.642424242424
0.643216080402
0.612716763006
0.631016042781
0.625
0.652631578947
0.645161290323
0.627659574468
0.621468926554
0.666666666667
0.636363636364
0.662721893491
0.67032967033
0.647398843931
0.658682634731
0.646341463415
0.64367816092
0.640449438202
0.648648648649
0.645161290323
0.648351648352
0.662790697674
0.647727272727
0.632768361582
0.64367816092
0.640883977901
0.662721893491
0.651685393258
0.651933701657
0.658959537572
0.650887573964
0.658682634731
0.644444444444
0.646706586826
0.651685393258
0.658959537572
0.654970760234
0.670520231214
0.655172413793
0.659090909091
0.650887573964
0.658823529412
0.662857142857
0.658823529412
0.666666666667
