0.260869565217
0.380952380952
0.35
0.372093023256
0.35
0.380952380952
0.3
0.380952380952
0.4
0.428571428571
0.390243902439
0.4
0.372093023256
0.428571428571
0.368421052632
0.318181818182
0.380952380952
0.372093023256
0.35
0.4
0.4
0.390243902439
0.390243902439
0.380952380952
0.358974358974
0.368421052632
0.35
0.35
0.410256410256
0.4
0.410256410256
0.368421052632
0.410256410256
0.4
0.410256410256
0.4
0.45
0.368421052632
0.35
0.390243902439
0.4
0.368421052632
0.4
0.368421052632
0.4
0.368421052632
0.368421052632
0.368421052632
