0.840336134454
0.887139107612
0.890625
0.900804289544
0.897637795276
0.888311688312
0.891820580475
0.890625
0.888888888889
0.887139107612
0.9
0.883116883117
0.880208333333
0.883116883117
0.884816753927
0.88188976378
0.883116883117
0.881266490765
0.880829015544
0.893506493506
0.888311688312
0.888311688312
0.88772845953
0.890052356021
0.881443298969
0.883116883117
0.883116883117
0.888311688312
0.886010362694
0.888311688312
0.883720930233
0.883116883117
0.883116883117
0.883116883117
0.878552971576
0.886597938144
0.890625
0.884910485934
0.886010362694
0.885416666667
0.885416666667
0.885416666667
0.884318766067
0.888888888889
0.886010362694
0.885416666667
0.883116883117
