0.503225806452
0.6
0.722772277228
0.69
0.710900473934
0.713615023474
0.692307692308
0.698564593301
0.701421800948
0.679611650485
0.688679245283
0.706976744186
0.679611650485
0.679611650485
0.688679245283
0.691943127962
0.694835680751
0.679245283019
0.672985781991
0.666666666667
0.672985781991
0.68544600939
0.672985781991
0.672985781991
0.68544600939
0.68544600939
0.672985781991
0.691588785047
0.688372093023
0.691588785047
0.688372093023
0.691588785047
0.68544600939
0.694835680751
0.691588785047
0.703196347032
0.688372093023
0.688372093023
0.682242990654
0.682242990654
0.682242990654
0.682242990654
0.682242990654
0.682242990654
0.68544600939
0.682242990654
0.682242990654
