0.75
0.863636363636
0.871287128713
0.871287128713
0.879746835443
0.875
0.875776397516
0.875
0.874213836478
0.86875
0.879256965944
0.886153846154
0.88
0.88
0.875776397516
0.874213836478
0.879256965944
0.884735202492
0.874213836478
0.875776397516
0.877742946708
0.875776397516
0.875776397516
0.875776397516
0.875
0.876543209877
0.878504672897
0.87306501548
0.87306501548
0.875776397516
0.878504672897
0.879256965944
0.879256965944
0.88198757764
0.878504672897
0.876543209877
0.879256965944
0.875776397516
0.875776397516
0.878504672897
0.875776397516
0.875776397516
0.875776397516
0.875776397516
0.876543209877
0.876543209877
0.875776397516
0.87306501548
