0.809045226131
0.843672456576
0.839024390244
0.846715328467
0.852941176471
0.86265060241
0.854368932039
0.853658536585
0.837647058824
0.856459330144
0.851063829787
0.848920863309
0.856447688564
0.855072463768
0.843373493976
0.864077669903
0.851674641148
0.854415274463
0.864077669903
0.864864864865
0.855769230769
0.857831325301
0.861313868613
0.855072463768
0.855769230769
0.855769230769
0.861985472155
0.859223300971
0.859903381643
0.866828087167
0.864077669903
0.859223300971
0.857142857143
0.855769230769
0.857831325301
0.861313868613
0.861313868613
0.859903381643
0.857142857143
0.864077669903
0.864077669903
0.864077669903
0.859903381643
0.864077669903
0.866180048662
0.861985472155
0.861985472155
