0.795986622074
0.875851231011
0.884065643197
0.883895131086
0.887944768986
0.888540031397
0.888075313808
0.878836833603
0.89014956163
0.891578947368
0.887605042017
0.890269151139
0.892259414226
0.889232354456
0.890852390852
0.887744593203
0.88877445932
0.890046899427
0.890275611024
0.889118102114
0.891666666667
0.889932185707
0.889698231009
0.891213389121
0.890275611024
0.892690513219
0.89175257732
0.891327063741
0.892243623113
0.89038961039
0.89038961039
0.890269151139
0.891089108911
0.88912024987
0.887163561077
0.890510948905
0.888311688312
0.892162019989
0.893550078658
0.892726321298
0.890046899427
0.888888888889
0.889932185707
0.889583333333
0.889702038683
0.890396659708
0.891191709845
0.890738813736
