0.461538461538
0.545454545455
0.461538461538
0.6
0.5
0.615384615385
0.727272727273
0.666666666667
0.615384615385
0.615384615385
0.571428571429
0.615384615385
0.533333333333
0.571428571429
0.470588235294
0.5
0.533333333333
0.470588235294
0.571428571429
0.533333333333
0.533333333333
0.533333333333
0.571428571429
0.533333333333
0.533333333333
0.571428571429
0.533333333333
0.533333333333
0.5
0.533333333333
0.533333333333
0.533333333333
0.533333333333
0.533333333333
0.5
0.5
0.571428571429
0.5
0.470588235294
0.5
0.5
0.5
0.470588235294
0.5
0.470588235294
0.470588235294
0.5
