0.605882352941
0.742705570292
0.811594202899
0.81862745098
0.830188679245
0.828571428571
0.818823529412
0.817757009346
0.826966292135
0.829493087558
0.825892857143
0.835266821346
0.832183908046
0.82096069869
0.837416481069
0.834101382488
0.832183908046
0.810068649886
0.832244008715
0.816964285714
0.826789838337
0.829931972789
0.821345707657
0.83295194508
0.829157175399
0.831050228311
0.822988505747
0.826484018265
0.831050228311
0.833333333333
0.825396825397
0.832183908046
0.828828828829
0.824053452116
0.829596412556
0.820276497696
0.824601366743
0.830626450116
0.820861678005
0.82618510158
0.827272727273
0.829157175399
0.829157175399
0.827272727273
0.824601366743
0.823798627002
0.821917808219
