0.765363128492
0.775623268698
0.780898876404
0.779944289694
0.785907859079
0.782122905028
0.784741144414
0.779005524862
0.781163434903
0.776536312849
0.774373259053
0.77094972067
0.782369146006
0.769662921348
0.776859504132
0.77628032345
0.776536312849
0.781420765027
0.773109243697
0.77094972067
0.773109243697
0.772222222222
0.775280898876
0.774373259053
0.767955801105
0.776536312849
0.762430939227
0.764542936288
0.762430939227
0.765363128492
0.763231197772
0.761111111111
0.763231197772
0.761111111111
0.762430939227
0.767955801105
0.765840220386
0.762430939227
0.764542936288
0.764542936288
0.766666666667
0.764542936288
0.763231197772
0.766666666667
0.763231197772
0.764542936288
0.766666666667
