0.77378435518
0.826883910387
0.803455723542
0.814814814815
0.821576763485
0.81466395112
0.816666666667
0.825203252033
0.81390593047
0.815573770492
0.81466395112
0.81390593047
0.814968814969
0.815573770492
0.818363273453
0.816326530612
0.81466395112
0.816326530612
0.819126819127
0.817427385892
0.821576763485
0.820618556701
0.815573770492
0.81390593047
0.816494845361
0.818181818182
0.815734989648
0.815573770492
0.815573770492
0.822085889571
0.814814814815
0.816326530612
0.811475409836
0.817248459959
0.819672131148
0.815573770492
0.818930041152
0.818181818182
0.820618556701
0.815573770492
0.817248459959
0.818930041152
0.81390593047
0.815573770492
0.817248459959
0.815573770492
0.818930041152
0.817248459959
