0.544600938967
0.623931623932
0.623931623932
0.632478632479
0.647058823529
0.595555555556
0.649789029536
0.635983263598
0.649789029536
0.635593220339
0.635193133047
0.663865546218
0.619469026549
0.669387755102
0.661087866109
0.623376623377
0.652719665272
0.666666666667
0.661087866109
0.661157024793
0.658436213992
0.661157024793
0.661224489796
0.661016949153
0.661087866109
0.663967611336
0.644351464435
0.66393442623
0.663967611336
0.658536585366
0.655737704918
0.655737704918
0.669387755102
0.661224489796
0.66393442623
0.66393442623
0.658536585366
0.663967611336
0.658634538153
0.655737704918
0.658536585366
0.655737704918
0.655737704918
0.655737704918
0.655737704918
0.658436213992
0.666666666667
0.663967611336
