0.844783715013
0.854111405836
0.847715736041
0.852941176471
0.848484848485
0.832904884319
0.85641025641
0.850855745721
0.859259259259
0.844783715013
0.861460957179
0.844221105528
0.852791878173
0.845771144279
0.852130325815
0.843672456576
0.835443037975
0.842105263158
0.863523573201
0.844221105528
0.848484848485
0.855721393035
0.849246231156
0.847117794486
0.85
0.841836734694
0.854271356784
0.834605597964
0.838874680307
0.845
0.851485148515
0.833759590793
0.848484848485
0.842639593909
0.844783715013
0.836734693878
0.843434343434
0.847715736041
0.849104859335
0.845569620253
0.847715736041
0.842639593909
0.852130325815
0.845569620253
0.845569620253
0.839694656489
0.849246231156
0.849246231156
