0.83044982699
0.932907348243
0.949044585987
0.939682539683
0.924590163934
0.926517571885
0.930379746835
0.934169278997
0.926045016077
0.923566878981
0.934169278997
0.925
0.923076923077
0.927444794953
0.927444794953
0.927444794953
0.930379746835
0.930379746835
0.923566878981
0.934169278997
0.926984126984
0.930817610063
0.926984126984
0.924050632911
0.927444794953
0.927444794953
0.920634920635
0.924050632911
0.927444794953
0.930379746835
0.924050632911
0.924050632911
0.927444794953
0.933333333333
0.933333333333
0.927444794953
0.930379746835
0.930379746835
0.926984126984
0.927444794953
0.927444794953
0.927444794953
0.927444794953
0.927444794953
0.924050632911
0.924050632911
0.927444794953
