0.24
0.3
0.434782608696
0.363636363636
0.421052631579
0.421052631579
0.461538461538
0.413793103448
0.416666666667
0.363636363636
0.48
0.384615384615
0.416666666667
0.260869565217
0.357142857143
0.357142857143
0.344827586207
0.413793103448
0.451612903226
0.37037037037
0.37037037037
0.357142857143
0.32
0.384615384615
0.428571428571
0.296296296296
0.37037037037
0.413793103448
0.37037037037
0.37037037037
0.37037037037
0.37037037037
0.357142857143
0.4
0.444444444444
0.37037037037
0.37037037037
0.32
0.428571428571
0.37037037037
0.357142857143
0.357142857143
0.357142857143
0.357142857143
0.37037037037
0.357142857143
0.357142857143
0.357142857143
