0.432432432432
0.6
0.621621621622
0.666666666667
0.685714285714
0.594594594595
0.575
0.575
0.571428571429
0.55
0.528735632184
0.530120481928
0.564102564103
0.543209876543
0.521739130435
0.586666666667
0.578947368421
0.511627906977
0.541176470588
0.530120481928
0.575
0.530120481928
0.560975609756
0.536585365854
0.52380952381
0.547619047619
0.560975609756
0.575
0.582278481013
0.578947368421
0.575
0.55421686747
0.547619047619
0.547619047619
0.55421686747
0.567901234568
0.575
0.582278481013
0.55421686747
0.560975609756
0.575
0.560975609756
0.567901234568
0.55421686747
0.55421686747
0.55421686747
0.55421686747
