0.505263157895
0.654708520179
0.704845814978
0.669683257919
0.718614718615
0.705357142857
0.730434782609
0.71615720524
0.746887966805
0.706896551724
0.698275862069
0.724137931034
0.715517241379
0.713656387665
0.675675675676
0.724137931034
0.701754385965
0.681614349776
0.712446351931
0.69298245614
0.67264573991
0.669683257919
0.663677130045
0.67264573991
0.666666666667
0.669683257919
0.669683257919
0.706896551724
0.675555555556
0.698689956332
0.684444444444
0.698689956332
0.698689956332
0.690265486726
0.69298245614
0.690265486726
0.690265486726
0.684444444444
0.675555555556
0.690265486726
0.687224669604
0.690265486726
0.690265486726
0.690265486726
0.690265486726
0.690265486726
0.684444444444
