0.812960235641
0.865090403338
0.878998609179
0.893732970027
0.891632373114
0.891598915989
0.890710382514
0.894806924101
0.894308943089
0.892223738063
0.900537634409
0.88948787062
0.894806924101
0.902964959569
0.891275167785
0.89552238806
0.894878706199
0.896644295302
0.901333333333
0.895161290323
0.89972899729
0.902702702703
0.893674293405
0.893048128342
0.892808683853
0.889807162534
0.890094979647
0.896086369771
0.89552238806
0.89851150203
0.895805142084
0.90243902439
0.898236092266
0.897959183673
0.89851150203
0.889495225102
0.893333333333
0.896086369771
0.89851150203
0.89932885906
0.897297297297
0.900269541779
0.901749663526
0.9
0.896921017403
0.897849462366
0.898123324397
