0.803883495146
0.838095238095
0.836501901141
0.835877862595
0.847457627119
0.838709677419
0.837476099426
0.81568627451
0.838095238095
0.837735849057
0.845437616387
0.829174664107
0.830769230769
0.833013435701
0.837121212121
0.831417624521
0.838709677419
0.832061068702
0.834586466165
0.833652007648
0.828516377649
0.834285714286
0.826923076923
0.829174664107
0.833013435701
0.840909090909
0.833013435701
0.838095238095
0.828516377649
0.828516377649
0.833013435701
0.830769230769
0.831417624521
0.815533980583
0.824662813102
0.838095238095
0.835249042146
0.838095238095
0.836501901141
0.823984526112
0.833652007648
0.833652007648
0.826923076923
0.833013435701
0.837476099426
0.830769230769
0.837476099426
0.833652007648
