0.584905660377
0.725868725869
0.734848484848
0.734848484848
0.754716981132
0.768060836502
0.741573033708
0.757142857143
0.757352941176
0.757142857143
0.735294117647
0.755555555556
0.749063670412
0.755555555556
0.75092936803
0.751824817518
0.75
0.758122743682
0.75
0.746268656716
0.752767527675
0.751824817518
0.745387453875
0.751824817518
0.756363636364
0.752767527675
0.75
0.742647058824
0.749063670412
0.761904761905
0.753623188406
0.758364312268
0.754578754579
0.75
0.747252747253
0.747252747253
0.751824817518
0.744525547445
0.743494423792
0.736059479554
0.736059479554
0.747252747253
0.747252747253
0.75
0.751824817518
0.757352941176
0.748148148148
