0.380952380952
0.42
0.45045045045
0.465517241379
0.5
0.468468468468
0.486486486486
0.5
0.52
0.5
0.473684210526
0.48
0.467289719626
0.477876106195
0.462962962963
0.495726495726
0.478632478632
0.509433962264
0.466666666667
0.45045045045
0.448598130841
0.448598130841
0.438596491228
0.456140350877
0.467289719626
0.454545454545
0.486956521739
0.477876106195
0.477064220183
0.491228070175
0.477876106195
0.432432432432
0.452830188679
0.495726495726
0.495726495726
0.486486486486
0.490909090909
0.468468468468
0.496
0.491228070175
0.495575221239
0.495575221239
0.508771929825
0.495575221239
0.495575221239
0.495575221239
0.5
