0.64406779661
0.76
0.739130434783
0.703703703704
0.705882352941
0.723404255319
0.69387755102
0.69387755102
0.769230769231
0.708333333333
0.754716981132
0.69387755102
0.679245283019
0.76
0.72
0.692307692308
0.723404255319
0.723404255319
0.745098039216
0.78431372549
0.708333333333
0.69387755102
0.69387755102
0.723404255319
0.708333333333
0.72
0.708333333333
0.708333333333
0.69387755102
0.708333333333
0.72
0.69387755102
0.69387755102
0.69387755102
0.69387755102
0.708333333333
0.708333333333
0.734693877551
0.72
0.708333333333
0.734693877551
0.72
0.734693877551
0.708333333333
0.708333333333
0.708333333333
0.734693877551
