0.543103448276
0.563025210084
0.583333333333
0.618357487923
0.560975609756
0.564315352697
0.561264822134
0.561085972851
0.567796610169
0.55
0.571428571429
0.579185520362
0.573913043478
0.577981651376
0.573839662447
0.55
0.544
0.544715447154
0.565400843882
0.58407079646
0.577586206897
0.55737704918
0.55737704918
0.570175438596
0.559670781893
0.55230125523
0.577586206897
0.571428571429
0.598130841121
0.570212765957
0.554621848739
0.564102564103
0.560344827586
0.56652360515
0.582959641256
0.564102564103
0.56652360515
0.563876651982
0.565217391304
0.550847457627
0.56652360515
0.565217391304
0.570175438596
0.570175438596
0.562770562771
0.559322033898
0.561403508772
