0.788446908773
0.839726991979
0.845242151885
0.850289743454
0.853156406204
0.851784356646
0.851692332124
0.848304294032
0.853574064907
0.850799281255
0.854501523175
0.853949666891
0.851757453143
0.852619732221
0.85340159164
0.854306043777
0.851550427053
0.852462557595
0.855382998266
0.853838504526
0.853259802909
0.853646864331
0.850891218522
0.851515961485
0.852976138193
0.851868557338
0.852382108851
0.85214448548
0.852282493178
0.854263928889
0.852470236
0.851780372019
0.852500920536
0.85161176704
0.853255934622
0.852815182534
0.853221439969
0.853612398763
0.852941672624
0.851860878933
0.853547219574
0.853612369678
0.853915143153
0.853018340336
0.852857355592
0.85285351639
0.854053121766
