0.714285714286
0.677966101695
0.676923076923
0.655172413793
0.688524590164
0.655737704918
0.688524590164
0.688524590164
0.677966101695
0.655737704918
0.7
0.689655172414
0.689655172414
0.677966101695
0.701754385965
0.701754385965
0.666666666667
0.655737704918
0.666666666667
0.655737704918
0.666666666667
0.677966101695
0.666666666667
0.666666666667
0.666666666667
0.666666666667
0.666666666667
0.655737704918
0.677966101695
0.689655172414
0.666666666667
0.666666666667
0.666666666667
0.666666666667
0.666666666667
0.677966101695
0.677966101695
0.677966101695
0.666666666667
0.677966101695
0.666666666667
0.666666666667
0.666666666667
0.666666666667
0.666666666667
0.655737704918
0.666666666667
0.666666666667
