0.891304347826
0.899182561308
0.899182561308
0.898395721925
0.895604395604
0.893732970027
0.907103825137
0.891891891892
0.893150684932
0.893732970027
0.903581267218
0.893150684932
0.889502762431
0.893732970027
0.895604395604
0.901098901099
0.895027624309
0.888888888889
0.893732970027
0.886426592798
0.89010989011
0.893150684932
0.895604395604
0.889502762431
0.892561983471
0.891966759003
0.895604395604
0.891966759003
0.895604395604
0.897506925208
0.898071625344
0.896174863388
0.898071625344
0.895027624309
0.895027624309
0.898071625344
0.891966759003
0.904632152589
0.898630136986
0.893732970027
0.896174863388
0.898630136986
0.898630136986
0.898071625344
0.901098901099
0.901098901099
0.898630136986
