0.290697674419
0.669603524229
0.686192468619
0.746987951807
0.743083003953
0.776923076923
0.708333333333
0.778625954198
0.753846153846
0.783269961977
0.813186813187
0.810218978102
0.774436090226
0.782287822878
0.786764705882
0.768656716418
0.769811320755
0.805653710247
0.792592592593
0.828571428571
0.81884057971
0.831541218638
0.794007490637
0.782287822878
0.812949640288
0.780303030303
0.801470588235
0.801470588235
0.791208791209
0.818505338078
0.795539033457
0.802919708029
0.822695035461
0.817204301075
0.821428571429
0.811594202899
0.812949640288
0.808664259928
0.805755395683
0.795620437956
0.814285714286
0.804347826087
0.808664259928
0.8
0.791208791209
0.8
0.802919708029
0.780669144981
