1.017394587397575378e-01
1.216580569744110107e-01
2.172636240720748901e-01
1.870752274990081787e-01
2.278258502483367920e-01
2.155220210552215576e-01
2.142478227615356445e-01
5.790443718433380127e-02
9.670803695917129517e-02
8.508101105690002441e-02
8.824592083692550659e-02
2.119755148887634277e-01
5.597672611474990845e-02
1.097699701786041260e-01
9.504698216915130615e-02
8.110832422971725464e-02
6.209899857640266418e-02
4.773672297596931458e-02
6.689414381980895996e-02
3.554405644536018372e-02
7.026357948780059814e-02
6.938194483518600464e-02
5.306403711438179016e-02
8.802490681409835815e-02
7.399731129407882690e-02
9.191999584436416626e-02
1.345800459384918213e-01
8.872486650943756104e-02
1.010817661881446838e-01
1.402384936809539795e-01
1.233225762844085693e-01
1.492962092161178589e-01
1.009267494082450867e-01
4.473904892802238464e-02
4.741319268941879272e-02
4.972245916724205017e-02
6.810323894023895264e-02
1.437748819589614868e-01
1.014065369963645935e-01
1.075373366475105286e-01
1.255752146244049072e-01
6.594765931367874146e-02
6.587907671928405762e-02
5.457068607211112976e-02
6.928911060094833374e-02
8.066517859697341919e-02
1.576223522424697876e-01
5.958946049213409424e-02
1.904091611504554749e-02
4.066495597362518311e-02
5.907635018229484558e-02
8.362950384616851807e-02
8.151604980230331421e-02
6.338552385568618774e-02
7.858613133430480957e-02
7.536078989505767822e-02
1.021790131926536560e-01
1.022399365901947021e-01
1.202865540981292725e-01
9.205011278390884399e-02
1.220506206154823303e-01
4.194281622767448425e-02
1.563644707202911377e-01
1.463233381509780884e-01
1.382986158132553101e-01
7.246140390634536743e-02
1.190175861120223999e-01
1.039356291294097900e-01
1.005870476365089417e-01
7.861223071813583374e-02
9.645673632621765137e-02
5.057132989168167114e-02
1.159767583012580872e-01
1.808990240097045898e-01
1.811937540769577026e-01
4.034850597381591797e-01
1.836154460906982422e-01
1.825868040323257446e-01
2.377756536006927490e-01
5.281322002410888672e-01
1.679958552122116089e-01
1.310472637414932251e-01
1.306512653827667236e-01
4.374002218246459961e-01
1.122326701879501343e-01
1.644778251647949219e-01
1.250948160886764526e-01
1.405874788761138916e-01
8.313427865505218506e-02
9.781985729932785034e-02
9.828963130712509155e-02
1.572149246931076050e-01
1.141275390982627869e-01
1.116292029619216919e-01
1.237328797578811646e-01
1.104834079742431641e-01
1.171323582530021667e-01
2.143412530422210693e-01
7.676105946302413940e-02
6.696803569793701172e-01
1.060257405042648315e-01
8.078366518020629883e-02
1.224547997117042542e-01
1.197023242712020874e-01
1.350021958351135254e-01
1.187133118510246277e-01
7.732064276933670044e-02
9.232401847839355469e-02
7.928813248872756958e-02
4.947421699762344360e-02
5.621010810136795044e-02
1.065763682126998901e-01
1.031536161899566650e-01
3.448834121227264404e-01
8.182852715253829956e-02
2.671685442328453064e-02
1.413117945194244385e-01
1.194326877593994141e-01
9.842582046985626221e-02
2.085497528314590454e-01
1.570792794227600098e-01
6.344294548034667969e-02
7.884993404150009155e-02
1.454507559537887573e-01
7.442875504493713379e-01
2.057695537805557251e-01
1.272224336862564087e-01
5.338728427886962891e-01
8.302042633295059204e-02
8.956973999738693237e-02
6.576200574636459351e-02
1.787316054105758667e-02
1.927001774311065674e-01
9.912367910146713257e-02
4.225296527147293091e-02
6.630203872919082642e-02
2.028720639646053314e-02
5.745590105652809143e-02
1.156384274363517761e-01
4.156428575515747070e-02
8.601130545139312744e-02
6.816463917493820190e-02
2.085977979004383087e-02
2.114838808774948120e-01
8.197073638439178467e-02
1.789043843746185303e-01
1.000490263104438782e-01
6.231298670172691345e-02
8.747956156730651855e-02
7.611117511987686157e-02
9.898104518651962280e-02
9.809367358684539795e-02
1.411387920379638672e-01
8.515521138906478882e-02
1.287698447704315186e-01
1.050345152616500854e-01
9.286263585090637207e-02
1.105973049998283386e-01
1.253395825624465942e-01
5.776905268430709839e-02
6.655423343181610107e-02
1.098853275179862976e-01
6.267205625772476196e-02
5.547178536653518677e-02
5.201908200979232788e-02
6.178213953971862793e-01
1.899443268775939941e-01
1.626462042331695557e-01
1.326446533203125000e-01
1.834281384944915771e-01
2.571837007999420166e-01
1.608205288648605347e-01
1.630251258611679077e-01
1.332585513591766357e-01
1.651088893413543701e-01
1.795645505189895630e-01
1.710787117481231689e-01
1.698812991380691528e-01
8.569115400314331055e-02
3.455169126391410828e-02
7.952678203582763672e-02
9.984537214040756226e-02
2.518272995948791504e-01
1.431574523448944092e-01
6.051393225789070129e-02
5.170468240976333618e-02
7.780157774686813354e-02
8.005336672067642212e-02
4.351334646344184875e-02
6.807572394609451294e-02
1.057007908821105957e-01
1.113167256116867065e-01
4.563584178686141968e-02
9.700382500886917114e-02
1.036499962210655212e-01
9.736175835132598877e-02
1.003059744834899902e-01
9.803380072116851807e-02
2.730695009231567383e-01
5.692955106496810913e-02
7.118324190378189087e-02
1.011238545179367065e-01
8.677397854626178741e-03
1.226712390780448914e-01
9.085236489772796631e-02
8.853992819786071777e-02
7.666200399398803711e-02
1.013034805655479431e-01
7.962380349636077881e-02
8.902021497488021851e-02
5.729080736637115479e-02
1.018921062350273132e-01
6.136982515454292297e-02
6.901733577251434326e-02
2.281986176967620850e-02
7.034949213266372681e-02
3.441499173641204834e-02
6.156816333532333374e-02
5.109804123640060425e-02
5.818580836057662964e-02
1.532849520444869995e-01
8.710411190986633301e-02
1.035158112645149231e-01
7.905444502830505371e-02
9.752696752548217773e-02
8.143766969442367554e-02
7.835827767848968506e-02
8.582033216953277588e-02
8.643472939729690552e-02
3.761340305209159851e-02
1.592796146869659424e-01
1.349906325340270996e-01
2.293076813220977783e-01
8.953658491373062134e-02
9.406664222478866577e-02
5.653329566121101379e-02
1.416828483343124390e-01
9.762530773878097534e-02
1.157591566443443298e-01
8.688627183437347412e-02
9.764271229505538940e-02
5.365375801920890808e-02
7.018145173788070679e-02
1.045719012618064880e-01
5.150650441646575928e-02
1.105044782161712646e-01
7.936074584722518921e-02
9.460877627134323120e-02
1.643639206886291504e-01
1.348412930965423584e-01
1.642717421054840088e-01
1.892353743314743042e-01
6.727875471115112305e-01
1.274634748697280884e-01
1.549959629774093628e-01
1.227239444851875305e-01
1.586688458919525146e-01
1.315252184867858887e-01
4.126426875591278076e-01
1.230443418025970459e-01
1.500064134597778320e-01
1.262963116168975830e-01
1.524173915386199951e-01
1.586660146713256836e-01
1.385916918516159058e-01
1.429628133773803711e-01
2.240547239780426025e-01
1.183659881353378296e-01
1.085809320211410522e-01
1.526912450790405273e-01
1.404784619808197021e-01
1.261859685182571411e-01
1.068067699670791626e-01
1.510424464941024780e-01
1.175036057829856873e-01
2.045062370598316193e-02
1.400663405656814575e-01
8.511265367269515991e-02
1.487704813480377197e-01
7.979607582092285156e-02
1.023575291037559509e-01
1.186905801296234131e-01
1.259343177080154419e-01
9.524197876453399658e-02
1.512616723775863647e-01
1.096656769514083862e-01
1.060890629887580872e-01
4.601381346583366394e-02
9.381593763828277588e-02
1.535954922437667847e-01
1.564241051673889160e-01
5.265173912048339844e-01
1.937333643436431885e-01
7.530388236045837402e-02
5.084635689854621887e-02
9.426195919513702393e-02
3.536736220121383667e-02
5.757994949817657471e-02
1.041673421859741211e-01
1.336101591587066650e-01
1.852681189775466919e-01
8.577441424131393433e-02
8.536203950643539429e-02
4.111199826002120972e-02
4.727658629417419434e-02
8.076479285955429077e-02
1.091324016451835632e-01
7.732310146093368530e-02
1.056888550519943237e-01
7.679203897714614868e-02
7.032436132431030273e-02
9.868180751800537109e-02
1.158471480011940002e-01
6.001240015029907227e-02
9.686274081468582153e-02
1.034108996391296387e-01
6.610999256372451782e-02
1.361506581306457520e-01
7.750670611858367920e-02
6.574408710002899170e-02
8.427446335554122925e-02
9.199088811874389648e-02
9.355270862579345703e-02
1.376300454139709473e-01
2.395768761634826660e-01
7.955598086118698120e-02
5.429324880242347717e-02
7.504796236753463745e-02
5.630552023649215698e-02
1.267632246017456055e-01
7.567304372787475586e-02
8.809135854244232178e-02
1.481430977582931519e-01
1.004724577069282532e-01
1.180032342672348022e-01
7.658289372920989990e-02
1.690129041671752930e-01
9.255590289831161499e-02
1.148735210299491882e-01
1.122522205114364624e-01
9.330325573682785034e-02
8.754266798496246338e-02
7.760737091302871704e-02
1.053764969110488892e-01
4.684419929981231689e-02
3.699197992682456970e-02
1.006120741367340088e-01
7.656645029783248901e-02
8.511713892221450806e-02
7.220677286386489868e-02
1.453180015087127686e-01
1.429136395454406738e-01
8.449338376522064209e-02
4.973021522164344788e-02
1.322504132986068726e-01
9.600065648555755615e-02
1.199178323149681091e-01
1.506914198398590088e-01
7.912493497133255005e-02
8.911216259002685547e-02
1.432396769523620605e-01
7.501047104597091675e-02
9.451687335968017578e-02
1.091439574956893921e-01
9.960602223873138428e-02
1.048427969217300415e-01
1.614386141300201416e-01
2.573968470096588135e-01
3.355078995227813721e-01
4.222884178161621094e-01
2.142024785280227661e-01
1.752427518367767334e-01
1.837963908910751343e-01
1.300419270992279053e-01
1.433669179677963257e-01
2.279046177864074707e-01
1.772127151489257812e-01
3.017059266567230225e-01
1.350813210010528564e-01
4.495237469673156738e-01
5.661030486226081848e-02
1.715207546949386597e-01
1.738536208868026733e-01
9.677567332983016968e-02
1.619964092969894409e-01
1.358722001314163208e-01
8.928018063306808472e-02
7.265267521142959595e-02
9.037416428327560425e-02
1.017828807234764099e-01
9.807199239730834961e-02
3.175989910960197449e-02
7.148718833923339844e-02
4.728826135396957397e-02
2.404351532459259033e-01
5.886325836181640625e-01
3.811734914779663086e-01
2.055378109216690063e-01
1.580357998609542847e-01
1.615131348371505737e-01
1.943406909704208374e-01
4.254932105541229248e-01
4.243301153182983398e-01
1.806486248970031738e-01
8.745874464511871338e-02
6.670124828815460205e-02
1.163992881774902344e-01
1.103539392352104187e-01
6.895868480205535889e-02
3.583613038063049316e-02
1.085323095321655273e-01
9.142965078353881836e-02
1.135007441043853760e-01
7.544104754924774170e-02
1.232543662190437317e-01
9.976093471050262451e-02
1.187833771109580994e-01
1.319034099578857422e-01
1.137083396315574646e-01
7.453589886426925659e-02
6.091083213686943054e-02
4.002073407173156738e-02
8.273883908987045288e-02
1.112449318170547485e-01
6.290726363658905029e-02
1.077683493494987488e-01
1.103556230664253235e-01
1.415230929851531982e-01
1.288190633058547974e-01
7.302031666040420532e-02
1.273216307163238525e-01
4.917588084936141968e-02
1.176841929554939270e-01
1.222808882594108582e-01
1.077311933040618896e-01
8.049371838569641113e-02
9.453917294740676880e-02
8.478444814682006836e-02
9.296046942472457886e-02
1.118761822581291199e-01
6.431527435779571533e-02
9.215800464153289795e-02
1.153010576963424683e-01
4.385512471199035645e-01
1.202871054410934448e-01
1.746300458908081055e-01
1.209660917520523071e-01
1.460558623075485229e-01
8.400577306747436523e-02
7.449925690889358521e-02
1.044198870658874512e-01
1.202582791447639465e-01
1.161248758435249329e-01
5.244607925415039062e-01
2.038963139057159424e-01
1.368458718061447144e-01
6.580175161361694336e-01
1.806425303220748901e-01
4.067453145980834961e-01
2.318048179149627686e-01
1.644890010356903076e-01
4.337681829929351807e-01
1.781470030546188354e-01
1.211077868938446045e-01
1.700883060693740845e-01
4.201247990131378174e-01
5.007477402687072754e-01
1.341870874166488647e-01
4.988366663455963135e-01
1.922924816608428955e-01
1.856227517127990723e-01
9.789567440748214722e-02
6.884101778268814087e-02
1.501025408506393433e-01
1.558097153902053833e-01
1.967051327228546143e-01
7.150463014841079712e-02
1.037936657667160034e-01
7.722585648298263550e-02
3.387859463691711426e-02
6.657099723815917969e-02
7.305786758661270142e-02
1.225852742791175842e-01
1.485689133405685425e-01
1.483246833086013794e-01
4.160819947719573975e-02
1.288116276264190674e-01
1.424758285284042358e-01
1.373764425516128540e-01
7.841033488512039185e-02
6.798340380191802979e-02
1.137956380844116211e-01
8.481229096651077271e-02
9.665365517139434814e-02
1.344472914934158325e-01
9.940481185913085938e-02
1.733353435993194580e-01
7.845089584589004517e-02
1.190950497984886169e-01
1.009803488850593567e-01
6.470572948455810547e-02
1.172647625207901001e-01
1.228725090622901917e-01
1.229219511151313782e-01
2.599597573280334473e-01
5.377579927444458008e-01
4.192233085632324219e-01
5.333232283592224121e-01
6.162445545196533203e-01
5.962376594543457031e-01
8.993202447891235352e-01
2.060209512710571289e-01
9.661252796649932861e-02
5.351586341857910156e-01
8.154774457216262817e-02
4.669939875602722168e-01
5.399653911590576172e-01
6.036774516105651855e-01
9.621387124061584473e-01
4.864328503608703613e-01
5.361800193786621094e-01
1.550484001636505127e-01
3.562293350696563721e-01
7.712711095809936523e-01
7.199562788009643555e-01
5.670395493507385254e-01
4.091058671474456787e-01
1.621863096952438354e-01
1.241831555962562561e-01
9.454520791769027710e-02
1.221154257655143738e-01
6.247968971729278564e-02
7.707625627517700195e-02
1.480855494737625122e-01
1.213525384664535522e-01
1.551175415515899658e-01
8.273034542798995972e-02
9.825237095355987549e-02
1.380974352359771729e-01
1.566455364227294922e-01
8.023431152105331421e-02
1.234624683856964111e-01
1.129691377282142639e-01
1.221533045172691345e-01
1.218863204121589661e-01
1.252007335424423218e-01
1.841182559728622437e-01
1.539701223373413086e-01
1.554033458232879639e-01
8.520544320344924927e-02
1.417900621891021729e-01
1.503870785236358643e-01
8.741493523120880127e-02
2.371703088283538818e-01
8.572997897863388062e-02
6.387195736169815063e-02
1.101998388767242432e-01
2.000484168529510498e-01
1.257477253675460815e-01
1.289549618959426880e-01
1.025964245200157166e-01
1.007902249693870544e-01
1.388613134622573853e-01
1.481332182884216309e-01
1.657295078039169312e-01
9.727146476507186890e-02
2.330956757068634033e-01
1.725809574127197266e-01
1.392463296651840210e-01
2.348873317241668701e-01
3.212175965309143066e-01
7.424844056367874146e-02
1.233631148934364319e-01
1.102384552359580994e-01
1.402990818023681641e-01
9.747684746980667114e-02
1.270332485437393188e-01
1.263276934623718262e-01
1.186671480536460876e-01
1.203901097178459167e-01
1.063834801316261292e-01
1.420169174671173096e-01
1.919498443603515625e-01
1.172963678836822510e-01
2.083827406167984009e-01
1.329773366451263428e-01
8.899845927953720093e-02
3.150361776351928711e-01
1.138470023870468140e-01
1.219755336642265320e-01
1.598743051290512085e-01
1.777744889259338379e-01
8.248648792505264282e-02
1.369242817163467407e-01
7.898361980915069580e-02
6.567291170358657837e-02
1.121555864810943604e-01
6.665492057800292969e-01
1.877155750989913940e-01
2.539668381214141846e-01
1.335606426000595093e-01
5.617966055870056152e-01
4.407851696014404297e-01
4.007109403610229492e-01
4.671849906444549561e-01
5.686871409416198730e-01
5.563001632690429688e-01
5.145579576492309570e-01
5.451148748397827148e-01
5.249690413475036621e-01
1.485608369112014771e-01
1.599444150924682617e-01
5.324761867523193359e-01
5.914185643196105957e-01
5.348876714706420898e-01
4.509544074535369873e-01
5.060849189758300781e-01
6.751497387886047363e-01
6.711565852165222168e-01
4.282694756984710693e-01
5.976578593254089355e-01
1.690888851881027222e-01
5.629820823669433594e-01
5.096902251243591309e-01
5.572882294654846191e-01
4.422852694988250732e-01
2.019417583942413330e-01
1.962136924266815186e-01
5.071736574172973633e-01
4.884358942508697510e-01
4.643586277961730957e-01
4.276737272739410400e-01
3.374930620193481445e-01
6.646545529365539551e-01
6.642279624938964844e-01
5.348384976387023926e-01
1.172376275062561035e-01
2.772581279277801514e-01
1.376437097787857056e-01
3.911876380443572998e-01
6.968965530395507812e-01
1.266585588455200195e-01
2.190803289413452148e-01
1.695044487714767456e-01
1.402550041675567627e-01
1.071900725364685059e-01
2.323128730058670044e-01
1.055414304137229919e-01
1.801042556762695312e-01
1.034633368253707886e-01
1.095241382718086243e-01
1.159053817391395569e-01
1.622325778007507324e-01
3.192323744297027588e-01
5.290905237197875977e-01
7.332772016525268555e-01
6.625345945358276367e-01
5.577622652053833008e-01
4.796877205371856689e-01
6.884458065032958984e-01
6.598720550537109375e-01
5.239244103431701660e-01
4.219154417514801025e-01
4.377741217613220215e-01
6.856211423873901367e-01
6.169168353080749512e-01
8.056659698486328125e-01
7.253000736236572266e-01
5.002989768981933594e-01
1.630372852087020874e-01
9.977995604276657104e-02
1.481987982988357544e-01
9.322863817214965820e-02
1.414715051651000977e-01
1.355153918266296387e-01
1.221728622913360596e-01
1.994422525167465210e-01
1.018125787377357483e-01
1.713820546865463257e-01
1.306365877389907837e-01
8.207223564386367798e-02
1.152479276061058044e-01
1.295049637556076050e-01
1.330343186855316162e-01
1.633873581886291504e-01
9.777478128671646118e-02
1.537055373191833496e-01
1.306678801774978638e-01
1.321194618940353394e-01
1.756192594766616821e-01
3.657745122909545898e-01
1.035783812403678894e-01
1.467174887657165527e-01
1.106217503547668457e-01
5.270383954048156738e-01
2.779031693935394287e-01
8.260814845561981201e-02
1.471624821424484253e-01
1.233131512999534607e-01
1.806296259164810181e-01
1.062448844313621521e-01
1.053312122821807861e-01
1.454569250345230103e-01
1.339518278837203979e-01
1.209986656904220581e-01
5.586676597595214844e-01
1.148627921938896179e-01
5.785589218139648438e-01
2.311104685068130493e-01
1.076248213648796082e-01
2.505606412887573242e-01
1.803958266973495483e-01
1.197812557220458984e-01
1.538743078708648682e-01
1.472653597593307495e-01
2.865661680698394775e-01
1.093026995658874512e-01
2.353609055280685425e-01
1.378612667322158813e-01
1.683324426412582397e-01
1.404287368059158325e-01
1.117123290896415710e-01
1.479240208864212036e-01
1.588697135448455811e-01
1.233278438448905945e-01
1.262477040290832520e-01
1.192545145750045776e-01
1.023572236299514771e-01
1.849922388792037964e-01
1.787596493959426880e-01
9.693406522274017334e-02
1.352469921112060547e-01
1.122112795710563660e-01
2.194003313779830933e-01
1.320046186447143555e-01
1.559085547924041748e-01
1.145718395709991455e-01
1.562273502349853516e-01
1.615123152732849121e-01
1.702632755041122437e-01
1.162083595991134644e-01
1.179041042923927307e-01
9.808921068906784058e-02
1.195947602391242981e-01
8.870326727628707886e-02
1.293373852968215942e-01
4.168306291103363037e-01
4.434436261653900146e-01
6.784000396728515625e-01
4.526011347770690918e-01
2.370225042104721069e-01
2.526131272315979004e-01
4.218358099460601807e-01
5.612143874168395996e-01
6.423659324645996094e-01
3.906854689121246338e-01
6.196405887603759766e-01
7.841576933860778809e-01
5.985856056213378906e-01
6.259447932243347168e-01
4.908209145069122314e-01
5.737190842628479004e-01
4.783335328102111816e-01
5.242716670036315918e-01
4.075283706188201904e-01
4.525264799594879150e-01
3.940987586975097656e-01
3.789807260036468506e-01
1.871508508920669556e-01
2.316972464323043823e-01
8.890230655670166016e-01
3.911451101303100586e-01
5.827580094337463379e-01
6.133394837379455566e-01
4.833938181400299072e-01
5.600617527961730957e-01
6.709384322166442871e-01
2.023258656263351440e-01
4.371162354946136475e-01
6.424220800399780273e-01
7.564314603805541992e-01
5.552454590797424316e-01
3.235038816928863525e-01
3.968971669673919678e-01
5.032633543014526367e-01
4.166177809238433838e-01
5.447292327880859375e-01
6.144192218780517578e-01
7.166686058044433594e-01
4.985682368278503418e-01
5.233528017997741699e-01
2.474100738763809204e-01
1.893906742334365845e-01
1.833906620740890503e-01
4.825374484062194824e-01
4.769517183303833008e-01
5.326038002967834473e-01
6.470142602920532227e-01
1.736546605825424194e-01
1.213244050741195679e-01
1.262031942605972290e-01
2.153871804475784302e-01
1.029605269432067871e-01
1.691267639398574829e-01
2.453294694423675537e-01
1.007253900170326233e-01
1.059123799204826355e-01
1.380618512630462646e-01
8.343658596277236938e-02
2.449201345443725586e-01
1.268040984869003296e-01
1.122222840785980225e-01
1.500616520643234253e-01
1.315157711505889893e-01
1.478049755096435547e-01
9.627684950828552246e-02
9.707132726907730103e-02
3.865661621093750000e-01
4.464433193206787109e-01
3.986997306346893311e-01
4.868298172950744629e-01
1.758371889591217041e-01
6.019018292427062988e-01
2.238816767930984497e-01
4.776295721530914307e-01
4.804669916629791260e-01
1.585107296705245972e-01
6.056401133537292480e-01
6.192203760147094727e-01
5.413814783096313477e-01
5.558567047119140625e-01
2.088614404201507568e-01
7.000210136175155640e-02
6.669185310602188110e-02
2.381341606378555298e-01
9.177800267934799194e-02
9.931641072034835815e-02
7.617223262786865234e-02
5.365220457315444946e-02
7.558357715606689453e-02
4.145441949367523193e-02
1.431032866239547729e-01
9.105173498392105103e-02
4.347110167145729065e-02
1.240301132202148438e-01
4.841626286506652832e-01
1.167205199599266052e-01
8.900525420904159546e-02
8.377020061016082764e-02
8.987754583358764648e-02
6.851266324520111084e-02
5.509558692574501038e-02
1.121699213981628418e-01
1.371641606092453003e-01
1.001946777105331421e-01
8.550303429365158081e-02
8.518661558628082275e-02
1.156116724014282227e-01
1.283431649208068848e-01
1.240098327398300171e-01
6.945980340242385864e-02
1.172524616122245789e-01
7.987567782402038574e-02
1.559410691261291504e-01
1.252009123563766479e-01
1.421753615140914917e-01
8.204638957977294922e-02
2.099237889051437378e-01
1.090825349092483521e-01
1.253900974988937378e-01
7.990105450153350830e-02
6.913571804761886597e-02
8.685714006423950195e-02
9.690607339143753052e-02
1.132059991359710693e-01
7.362059503793716431e-02
6.533462554216384888e-02
1.040177568793296814e-01
9.819483011960983276e-02
1.079506427049636841e-01
1.562840789556503296e-01
1.004020795226097107e-01
1.070616394281387329e-01
1.497294604778289795e-01
1.836268454790115356e-01
5.277322530746459961e-01
2.876909375190734863e-01
5.604434609413146973e-01
1.382947862148284912e-01
4.648916125297546387e-01
4.626110494136810303e-01
1.423434317111968994e-01
1.751710474491119385e-01
2.734744548797607422e-01
1.109508499503135681e-01
1.417106240987777710e-01
1.918460726737976074e-01
7.536408305168151855e-02
1.015246063470840454e-01
2.228894084692001343e-01
6.411574780941009521e-02
6.606257557868957520e-01
7.001415491104125977e-01
1.604705005884170532e-01
4.562522768974304199e-01
5.386627912521362305e-01
5.895841866731643677e-02
1.188131198287010193e-01
9.247366338968276978e-02
6.154036894440650940e-02
1.119594201445579529e-01
1.355538219213485718e-01
7.837762683629989624e-02
1.117821186780929565e-01
1.065165325999259949e-01
1.578707247972488403e-01
1.134704723954200745e-01
9.790609776973724365e-02
1.976605355739593506e-01
1.120428293943405151e-01
7.073546200990676880e-02
1.396123617887496948e-01
1.885726600885391235e-01
1.290181428194046021e-01
1.316848695278167725e-01
1.228995248675346375e-01
1.537105292081832886e-01
1.099931821227073669e-01
1.639666259288787842e-01
2.389292120933532715e-01
1.486048251390457153e-01
1.098170280456542969e-01
5.720131993293762207e-01
1.542502492666244507e-01
3.933544754981994629e-01
1.052624285221099854e-01
1.004157140851020813e-01
1.017618402838706970e-01
1.183796003460884094e-01
7.283851504325866699e-02
1.053206250071525574e-01
8.945216238498687744e-02
1.376507729291915894e-01
6.759356707334518433e-02
1.757954657077789307e-01
7.458221167325973511e-02
1.222977936267852783e-01
7.862656563520431519e-02
1.283298730850219727e-01
1.294624954462051392e-01
6.903544813394546509e-02
1.465367972850799561e-01
1.741255372762680054e-01
4.617515206336975098e-01
1.870035827159881592e-01
5.851338505744934082e-01
5.574446916580200195e-01
5.886217355728149414e-01
1.484501212835311890e-01
1.418225169181823730e-01
3.053060770034790039e-01
2.168027758598327637e-01
1.370084732770919800e-01
2.815743684768676758e-01
8.992339670658111572e-02
7.977853715419769287e-02
1.127215698361396790e-01
1.813898682594299316e-01
1.687888801097869873e-01
9.743397682905197144e-02
8.991565555334091187e-02
8.715351670980453491e-02
5.829482525587081909e-02
1.220219954848289490e-01
7.810897380113601685e-02
7.418224215507507324e-02
1.570216715335845947e-01
1.631808131933212280e-01
1.449076980352401733e-01
1.512802690267562866e-01
8.625982701778411865e-02
1.869300454854965210e-01
1.397885829210281372e-01
1.199895590543746948e-01
6.320425122976303101e-02
8.494412899017333984e-02
7.148884981870651245e-02
7.497534900903701782e-02
5.263405442237854004e-01
6.118986010551452637e-02
1.071447506546974182e-01
1.261941045522689819e-01
1.014420464634895325e-01
9.153570234775543213e-02
1.146545335650444031e-01
4.358195140957832336e-02
3.011734038591384888e-02
1.317184418439865112e-01
1.231333538889884949e-01
1.187220439314842224e-01
4.071771502494812012e-01
1.630053222179412842e-01
2.031170129776000977e-01
2.241753488779067993e-01
2.253092527389526367e-01
1.443015486001968384e-01
1.890368610620498657e-01
2.147344052791595459e-01
2.972958087921142578e-01
1.039656624197959900e-01
6.080905348062515259e-02
1.256386786699295044e-01
1.073477119207382202e-01
6.717674434185028076e-02
5.720727518200874329e-02
6.385305523872375488e-02
1.209751963615417480e-01
9.672456234693527222e-02
7.304693758487701416e-02
3.107702732086181641e-02
9.876950830221176147e-02
1.154934689402580261e-01
6.034283712506294250e-02
9.557321667671203613e-02
1.768039613962173462e-01
1.080369949340820312e-01
1.217455863952636719e-01
2.099342048168182373e-01
1.991380453109741211e-01
1.478599309921264648e-01
1.083918586373329163e-01
1.894595474004745483e-02
4.446958005428314209e-02
1.593051403760910034e-01
1.867732703685760498e-01
4.766268432140350342e-01
1.562513560056686401e-01
1.274488568305969238e-01
1.230844259262084961e-01
4.705673828721046448e-02
6.138030067086219788e-02
1.071482449769973755e-01
7.399725914001464844e-02
8.224663883447647095e-02
6.867881119251251221e-02
7.952426373958587646e-02
7.731741666793823242e-02
2.360813692212104797e-02
1.732818335294723511e-01
9.442579746246337891e-02
7.930386811494827271e-02
8.517552912235260010e-02
6.237225979566574097e-02
2.226780205965042114e-01
1.295302808284759521e-01
1.058993563055992126e-01
6.971383094787597656e-02
6.385683268308639526e-02
1.016990020871162415e-01
5.583781003952026367e-02
1.069647297263145447e-01
1.098307594656944275e-01
3.705222532153129578e-02
1.031668707728385925e-01
3.764922618865966797e-01
2.935689687728881836e-01
1.315920203924179077e-01
1.775015443563461304e-01
7.631330937147140503e-02
5.420855805277824402e-02
1.489603370428085327e-01
1.208664327859878540e-01
1.061771363019943237e-01
9.054177999496459961e-02
7.844919711351394653e-02
1.003836542367935181e-01
4.343717098236083984e-01
1.950352191925048828e-01
1.682647466659545898e-01
2.527095675468444824e-01
5.286349058151245117e-01
1.679063141345977783e-01
4.719785153865814209e-01
6.158073544502258301e-01
6.246237158775329590e-01
1.467017531394958496e-01
3.440012037754058838e-01
4.112735688686370850e-01
5.084393024444580078e-01
2.320687472820281982e-01
2.995304465293884277e-01
4.283248484134674072e-01
4.557299017906188965e-01
5.176616907119750977e-01
6.422669291496276855e-01
4.903170764446258545e-01
1.015600338578224182e-01
1.122505366802215576e-01
1.245064064860343933e-01
9.461984038352966309e-02
1.292127072811126709e-01
1.141598150134086609e-01
1.237067207694053650e-01
1.060557216405868530e-01
1.051836088299751282e-01
9.155871719121932983e-02
1.316640973091125488e-01
1.367106586694717407e-01
1.651911735534667969e-01
1.161525100469589233e-01
6.313505768775939941e-02
1.775258183479309082e-01
1.041863486170768738e-01
1.364717632532119751e-01
1.648089885711669922e-01
1.313587129116058350e-01
2.880848050117492676e-01
1.109346076846122742e-01
1.460317075252532959e-01
1.177808269858360291e-01
6.474168300628662109e-01
1.591652333736419678e-01
1.336996108293533325e-01
8.036863803863525391e-02
1.156229451298713684e-01
1.386392712593078613e-01
3.150818347930908203e-01
1.146882846951484680e-01
9.648454189300537109e-02
1.422615498304367065e-01
4.764334484934806824e-02
1.350072473287582397e-01
1.006361022591590881e-01
1.421677470207214355e-01
1.754729747772216797e-01
1.182707399129867554e-01
1.047066822648048401e-01
1.413780301809310913e-01
1.156088188290596008e-01
2.159737944602966309e-01
8.952715247869491577e-02
8.832302689552307129e-02
1.159231513738632202e-01
9.280544519424438477e-02
1.026842296123504639e-01
1.341835111379623413e-01
1.557590663433074951e-01
1.245157346129417419e-01
1.087223216891288757e-01
1.385645419359207153e-01
1.200120002031326294e-01
1.149635612964630127e-01
1.316450983285903931e-01
1.158916056156158447e-01
8.940699696540832520e-02
7.321535050868988037e-02
9.463474154472351074e-02
8.338063210248947144e-02
7.667076587677001953e-02
4.380589723587036133e-01
1.210307851433753967e-01
1.271137148141860962e-01
1.180270910263061523e-01
9.919282793998718262e-02
1.600330919027328491e-01
2.311483621597290039e-01
1.487703770399093628e-01
1.858438253402709961e-01
4.968969523906707764e-01
1.083100810647010803e-01
1.746832430362701416e-01
1.004571467638015747e-01
8.743138611316680908e-02
4.194156825542449951e-01
1.894505769014358521e-01
8.606516569852828979e-02
6.675072759389877319e-02
7.535631209611892700e-02
1.343815177679061890e-01
1.510642617940902710e-01
6.819689273834228516e-02
9.668088704347610474e-02
1.055031493306159973e-01
1.009007096290588379e-01
1.704490929841995239e-01
1.263654232025146484e-01
1.055882200598716736e-01
7.700173556804656982e-02
7.241144776344299316e-02
1.264492869377136230e-01
1.398844569921493530e-01
1.078114509582519531e-01
1.088643297553062439e-01
5.663830637931823730e-01
1.898279637098312378e-01
2.884966731071472168e-01
1.943906843662261963e-01
4.437956511974334717e-01
7.013088464736938477e-01
1.930996477603912354e-01
5.720611810684204102e-01
5.795598626136779785e-01
1.085587665438652039e-01
1.810320019721984863e-01
5.755153298377990723e-01
1.846613585948944092e-01
3.022095859050750732e-01
5.002278685569763184e-01
1.256448179483413696e-01
3.017181456089019775e-01
1.567511111497879028e-01
4.015617966651916504e-01
1.173911243677139282e-01
1.105473935604095459e-01
1.151830852031707764e-01
8.714217692613601685e-02
1.300290971994400024e-01
7.007668167352676392e-02
1.115385890007019043e-01
1.782927811145782471e-01
5.422257184982299805e-01
2.430459856986999512e-01
1.406719535589218140e-01
1.139350831508636475e-01
1.029298752546310425e-01
3.969745039939880371e-01
1.907235234975814819e-01
4.591231048107147217e-01
1.262126863002777100e-01
8.103915303945541382e-02
1.604957729578018188e-01
9.997807443141937256e-02
8.283117413520812988e-02
1.096339151263237000e-01
9.228289127349853516e-02
8.339148014783859253e-02
1.260616630315780640e-01
9.404351562261581421e-02
1.492536813020706177e-01
1.189304292201995850e-01
1.803106963634490967e-01
5.283598899841308594e-01
1.348910033702850342e-01
6.952352076768875122e-02
4.151666909456253052e-02
7.709999382495880127e-02
8.841745555400848389e-02
8.513440191745758057e-02
5.404183641076087952e-02
7.861403375864028931e-02
1.002773866057395935e-01
9.982853382825851440e-02
1.041766628623008728e-01
8.781190961599349976e-02
1.013083085417747498e-01
1.461068391799926758e-01
9.803307056427001953e-02
1.569426357746124268e-01
9.308447688817977905e-02
1.217431947588920593e-01
5.209597945213317871e-02
4.162345454096794128e-02
5.194182693958282471e-02
8.435175567865371704e-02
1.345451772212982178e-01
1.003605127334594727e-01
5.592979118227958679e-02
7.647904753684997559e-02
1.594654172658920288e-01
9.815543889999389648e-02
1.553098857402801514e-01
1.434034109115600586e-01
8.197112381458282471e-02
9.311637282371520996e-02
1.314043849706649780e-01
1.689249277114868164e-01
1.471505761146545410e-01
8.412113785743713379e-02
8.655525743961334229e-02
1.067826673388481140e-01
1.827569752931594849e-01
7.318594306707382202e-02
1.154295206069946289e-01
8.190558850765228271e-02
8.147839456796646118e-02
1.338403075933456421e-01
1.369819194078445435e-01
1.203900948166847229e-01
1.089038178324699402e-01
1.379913091659545898e-01
8.008787781000137329e-02
1.123816519975662231e-01
4.935113340616226196e-02
9.552178531885147095e-02
1.405768692493438721e-01
8.713679015636444092e-02
1.266454458236694336e-01
1.013056412339210510e-01
7.864554226398468018e-02
9.564895927906036377e-02
9.665390849113464355e-02
1.214438080787658691e-01
6.391356140375137329e-02
9.927632659673690796e-02
8.617246896028518677e-02
1.218943744897842407e-01
1.039141789078712463e-01
7.621168345212936401e-02
8.686956763267517090e-02
2.069965600967407227e-01
1.713065356016159058e-01
1.894033998250961304e-01
2.276682555675506592e-01
4.232919216156005859e-01
5.117995738983154297e-01
5.370792150497436523e-01
6.301751136779785156e-01
2.525256574153900146e-01
2.612140774726867676e-01
1.349771469831466675e-01
4.030720591545104980e-01
6.732463836669921875e-01
7.695384621620178223e-01
4.463514387607574463e-01
5.218349099159240723e-01
2.338029891252517700e-01
9.051830321550369263e-02
1.309330463409423828e-01
7.933638244867324829e-02
1.125661879777908325e-01
7.185373455286026001e-02
9.554856270551681519e-02
5.952732264995574951e-02
5.323245003819465637e-02
8.376908302307128906e-02
9.248705208301544189e-02
3.617893531918525696e-02
2.384101897478103638e-01
8.665063977241516113e-01
3.438499569892883301e-01
7.433825731277465820e-02
8.245913684368133545e-02
9.551027417182922363e-02
1.016699373722076416e-01
1.600470542907714844e-01
1.194671392440795898e-01
7.046663761138916016e-02
7.131511718034744263e-02
6.072059646248817444e-02
1.279832124710083008e-01
1.003091335296630859e-01
7.648797333240509033e-02
8.175372332334518433e-02
6.009573861956596375e-02
6.310648471117019653e-02
8.336891978979110718e-02
1.478443741798400879e-01
1.256070137023925781e-01
1.533247232437133789e-01
1.205940544605255127e-01
1.410085111856460571e-01
7.438734173774719238e-02
1.004165783524513245e-01
1.077327802777290344e-01
5.493244528770446777e-01
1.242149323225021362e-01
1.235468164086341858e-01
8.930141478776931763e-02
5.846882238984107971e-02
7.212842255830764771e-02
1.078678816556930542e-01
9.879231452941894531e-02
9.663830697536468506e-02
6.838407367467880249e-02
9.236635267734527588e-02
1.091653555631637573e-01
1.591695845127105713e-01
1.136477962136268616e-01
1.811558008193969727e-01
1.414963901042938232e-01
4.111981391906738281e-02
8.495120704174041748e-02
5.913224443793296814e-02
9.871897101402282715e-02
4.951598867774009705e-02
2.557254135608673096e-01
1.945982128381729126e-01
1.952531039714813232e-01
1.750461608171463013e-01
1.392443031072616577e-01
1.306424140930175781e-01
5.224006772041320801e-01
2.085698992013931274e-01
1.810671687126159668e-01
3.024288713932037354e-01
1.486979573965072632e-01
5.757388472557067871e-01
4.076296091079711914e-01
1.816220581531524658e-01
1.834221333265304565e-01
1.654161959886550903e-01
1.330170780420303345e-01
5.442368239164352417e-02
4.796083569526672363e-01
2.929491102695465088e-01
1.209909543395042419e-01
8.637720346450805664e-02
1.657694578170776367e-01
1.124835386872291565e-01
8.572170883417129517e-02
1.066749915480613708e-01
8.759615570306777954e-02
6.961603462696075439e-02
1.408331245183944702e-01
4.044140875339508057e-01
3.984010219573974609e-01
1.274502128362655640e-01
1.188358739018440247e-01
1.528286039829254150e-01
1.568897366523742676e-01
1.223827749490737915e-01
7.473223656415939331e-02
1.307381242513656616e-01
9.465021640062332153e-02
1.212148442864418030e-01
6.813890486955642700e-02
3.802504017949104309e-02
1.559112519025802612e-01
4.757767617702484131e-01
9.362714737653732300e-02
9.247383475303649902e-02
8.401477336883544922e-02
1.607412844896316528e-01
7.304824888706207275e-02
1.148936823010444641e-01
1.037061735987663269e-01
1.006796136498451233e-01
1.364230364561080933e-01
1.286125630140304565e-01
8.321017026901245117e-02
4.900158941745758057e-02
1.094331666827201843e-01
1.904385089874267578e-01
1.021085381507873535e-01
1.099204942584037781e-01
6.145673245191574097e-02
9.816078096628189087e-02
2.208464592695236206e-01
3.975087031722068787e-02
1.578122079372406006e-01
9.582963585853576660e-02
8.595743775367736816e-02
1.160721257328987122e-01
8.472009003162384033e-02
1.027883067727088928e-01
5.883441865444183350e-02
1.294425427913665771e-01
9.152945876121520996e-02
1.235890313982963562e-01
8.179144561290740967e-02
1.197131648659706116e-01
1.226161271333694458e-01
1.160158142447471619e-01
1.222869083285331726e-01
8.297661691904067993e-02
6.286903470754623413e-02
6.362439692020416260e-02
6.748519837856292725e-02
7.261137664318084717e-02
2.318736612796783447e-01
1.645381301641464233e-01
1.900618374347686768e-01
2.728287577629089355e-01
8.424375057220458984e-01
6.125275492668151855e-01
1.586667299270629883e-01
3.857581317424774170e-01
5.885787010192871094e-01
6.164964437484741211e-01
7.560145258903503418e-01
7.454133033752441406e-01
1.468872576951980591e-01
5.353185534477233887e-01
6.797556281089782715e-01
2.970723211765289307e-01
2.117942273616790771e-01
8.076139092445373535e-01
5.112516880035400391e-01
7.768980860710144043e-01
1.702343076467514038e-01
7.830023020505905151e-02
1.553962230682373047e-01
4.354457259178161621e-01
1.861665397882461548e-01
1.245315819978713989e-01
1.079482957720756531e-01
8.635777980089187622e-02
8.643213659524917603e-02
4.256175756454467773e-01
1.759425699710845947e-01
4.975664913654327393e-01
6.472613811492919922e-01
1.720704287290573120e-01
7.552952766418457031e-01
4.618879854679107666e-01
9.143660217523574829e-02
7.308007776737213135e-02
1.041132956743240356e-01
6.335237622261047363e-02
2.065870910882949829e-01
4.397417604923248291e-02
8.585860580205917358e-02
6.401997804641723633e-02
6.236113607883453369e-02
9.027070552110671997e-02
1.112706065177917480e-01
8.147238940000534058e-02
9.820331633090972900e-02
7.875490933656692505e-02
9.509270638227462769e-02
8.113985508680343628e-02
1.191362962126731873e-01
1.167519688606262207e-01
8.125697076320648193e-02
1.400975435972213745e-01
9.424722194671630859e-02
4.178640544414520264e-01
1.108042672276496887e-01
5.720107555389404297e-01
7.439557462930679321e-02
4.582774266600608826e-02
7.672286033630371094e-02
1.000525355339050293e-01
2.264433056116104126e-01
1.585508286952972412e-01
1.745858788490295410e-01
1.239576861262321472e-01
1.103866174817085266e-01
4.676126688718795776e-02
9.277114272117614746e-02
2.156174629926681519e-01
8.001377582550048828e-01
5.311875939369201660e-01
7.346468567848205566e-01
1.718646287918090820e-01
3.086886405944824219e-01
3.171021640300750732e-01
1.753665953874588013e-01
1.915949881076812744e-01
1.355583667755126953e-01
1.024555265903472900e-01
4.029136523604393005e-02
3.278892934322357178e-01
1.399958431720733643e-01
1.681458204984664917e-01
1.865708380937576294e-01
2.426869720220565796e-01
2.024116218090057373e-01
3.358992040157318115e-01
2.199195027351379395e-01
1.276490390300750732e-01
9.837595373392105103e-02
1.037636697292327881e-01
8.832805603742599487e-02
1.115132421255111694e-01
6.365787237882614136e-02
8.619821071624755859e-02
1.028433442115783691e-01
4.979180917143821716e-02
7.184816151857376099e-02
1.238093972206115723e-01
1.400532424449920654e-01
7.214421033859252930e-02
1.073244959115982056e-01
3.582535684108734131e-02
1.023656502366065979e-01
1.170061677694320679e-01
1.293511390686035156e-01
4.548154026269912720e-02
7.047478109598159790e-02
2.156856209039688110e-01
4.471420347690582275e-01
7.363102585077285767e-02
2.064220011234283447e-01
5.945447087287902832e-01
1.156083866953849792e-01
7.172181457281112671e-02
9.496016055345535278e-02
9.748938679695129395e-02
1.414691507816314697e-01
8.225948363542556763e-02
1.348805129528045654e-01
7.228020578622817993e-02
6.662196666002273560e-02
9.132621437311172485e-02
8.696512877941131592e-02
1.067371964454650879e-01
7.384983450174331665e-02
6.515637040138244629e-02
4.923143610358238220e-02
1.367429196834564209e-01
1.087128296494483948e-01
7.444739341735839844e-02
1.030050590634346008e-01
1.122492328286170959e-01
1.468006521463394165e-01
8.132301270961761475e-02
1.239890009164810181e-01
1.455289125442504883e-01
9.780370444059371948e-02
1.892018765211105347e-01
1.603435575962066650e-01
7.596682012081146240e-02
5.316195264458656311e-02
1.833742409944534302e-01
5.456383526325225830e-02
7.747086882591247559e-02
1.175931990146636963e-01
7.727002352476119995e-02
6.963331997394561768e-02
1.085814237594604492e-01
2.629634141921997070e-01
1.249558925628662109e-01
1.100991144776344299e-01
8.082157373428344727e-02
1.162591502070426941e-01
7.068750262260437012e-02
6.378447264432907104e-02
8.612911403179168701e-02
1.424997299909591675e-01
6.147887557744979858e-02
1.166100054979324341e-01
8.879563212394714355e-02
1.166343837976455688e-01
5.682726204395294189e-02
6.687677651643753052e-02
1.108383461833000183e-01
1.148941591382026672e-01
1.006513759493827820e-01
8.056783676147460938e-02
7.624168694019317627e-02
3.762013092637062073e-02
5.080563947558403015e-02
1.201263144612312317e-01
1.114578247070312500e-01
1.206148788332939148e-01
1.035055965185165405e-01
7.664755731821060181e-02
1.507138758897781372e-01
1.799500435590744019e-01
5.984853953123092651e-02
1.060087382793426514e-01
1.242749914526939392e-01
5.449699983000755310e-02
9.046189486980438232e-02
4.741678386926651001e-02
5.358682945370674133e-02
7.823868095874786377e-02
1.046932861208915710e-01
9.950844943523406982e-02
1.212084442377090454e-01
3.551683127880096436e-01
1.648384630680084229e-01
2.159843891859054565e-01
3.776646554470062256e-01
2.430275827646255493e-01
3.021681010723114014e-01
3.782443702220916748e-01
3.300485610961914062e-01
1.572656482458114624e-01
1.686267703771591187e-01
1.894762814044952393e-01
1.558856368064880371e-01
3.929398357868194580e-01
1.502482295036315918e-01
1.597163975238800049e-01
2.086697071790695190e-01
1.481875777244567871e-01
2.421049624681472778e-01
2.797455787658691406e-01
1.328136026859283447e-01
1.807678043842315674e-01
1.708453446626663208e-01
1.508838087320327759e-01
1.833189725875854492e-01
1.610910892486572266e-01
1.774169504642486572e-01
5.835424661636352539e-01
3.493834435939788818e-01
2.515011429786682129e-01
2.603656947612762451e-01
4.885685145854949951e-01
1.567165553569793701e-01
5.589523911476135254e-01
4.194519519805908203e-01
3.940375447273254395e-01
2.004730403423309326e-01
3.744954764842987061e-01
1.858320087194442749e-01
1.844662874937057495e-01
9.950307011604309082e-02
1.679804772138595581e-01
1.053256615996360779e-01
1.492802500724792480e-01
2.423097640275955200e-01
9.760504961013793945e-02
1.232092902064323425e-01
4.379629194736480713e-01
1.069005131721496582e-01
1.722739934921264648e-01
9.737540781497955322e-02
1.035972386598587036e-01
1.346966177225112915e-01
1.061715856194496155e-01
9.801432490348815918e-02
8.057105541229248047e-02
6.926618516445159912e-02
5.349574238061904907e-02
5.669344216585159302e-02
