2.139143943786621094e-01
2.291250079870223999e-01
2.926644086837768555e-01
5.217994451522827148e-01
5.359529852867126465e-01
6.430716067552566528e-02
1.053530946373939514e-01
1.337092965841293335e-01
5.493316799402236938e-02
6.082361936569213867e-02
9.599696099758148193e-02
1.330173760652542114e-01
8.978106826543807983e-02
7.956788688898086548e-02
2.527513541281223297e-02
5.161765217781066895e-02
6.015568971633911133e-02
6.252904236316680908e-02
5.274121090769767761e-02
9.574291110038757324e-02
9.839071333408355713e-02
3.727030381560325623e-02
7.929538190364837646e-02
7.641036063432693481e-02
1.216710135340690613e-01
6.194652244448661804e-02
1.058228388428688049e-01
3.675538301467895508e-02
4.317110478878021240e-01
6.224431991577148438e-01
2.802809476852416992e-01
2.257700562477111816e-01
1.136604622006416321e-01
6.030181646347045898e-01
5.337563753128051758e-01
5.267617702484130859e-01
5.059501528739929199e-01
5.882887244224548340e-01
1.768860220909118652e-01
6.985542178153991699e-01
7.581712603569030762e-01
4.321392178535461426e-01
3.432961702346801758e-01
4.816626906394958496e-01
1.472577005624771118e-01
8.949268609285354614e-02
1.422987431287765503e-01
4.660454690456390381e-01
4.690753221511840820e-01
5.329203009605407715e-01
9.871126711368560791e-02
1.103891506791114807e-01
1.549176275730133057e-01
9.770464897155761719e-02
4.463551193475723267e-02
7.478784024715423584e-02
6.360065937042236328e-01
8.314703591167926788e-03
9.633071720600128174e-02
1.303032338619232178e-01
8.570481091737747192e-02
1.809975057840347290e-01
6.177999079227447510e-02
7.778984308242797852e-02
9.817353636026382446e-02
9.311693906784057617e-02
1.011245027184486389e-01
6.688944995403289795e-02
1.121892333030700684e-01
6.915898621082305908e-02
5.883924290537834167e-02
1.822575926780700684e-01
4.226988852024078369e-01
4.487177133560180664e-01
4.211913347244262695e-01
3.921270072460174561e-01
1.160772591829299927e-01
1.676172204315662384e-02
9.430393576622009277e-02
6.477976590394973755e-02
5.276508629322052002e-02
4.392877519130706787e-01
1.351427733898162842e-01
1.113016977906227112e-01
1.797335147857666016e-01
3.402691781520843506e-01
1.402378827333450317e-01
2.593924403190612793e-01
1.115919575095176697e-01
1.312944740056991577e-01
8.484504371881484985e-02
1.505009531974792480e-01
1.493816822767257690e-02
9.618400782346725464e-02
6.860387325286865234e-02
1.492019444704055786e-01
2.145151793956756592e-01
1.918537318706512451e-01
1.277158707380294800e-01
9.260197728872299194e-02
9.675444662570953369e-02
5.339082702994346619e-02
3.852557763457298279e-02
1.105035021901130676e-01
7.800528407096862793e-02
8.835682272911071777e-02
9.362053126096725464e-02
7.803771644830703735e-02
2.695509195327758789e-01
9.294167160987854004e-02
1.229122802615165710e-01
2.731772363185882568e-01
1.262266635894775391e-01
1.111395508050918579e-01
1.164966076612472534e-01
6.222860515117645264e-02
1.027562096714973450e-01
1.238143369555473328e-01
1.068102642893791199e-01
1.275047063827514648e-01
5.590320751070976257e-02
2.032358944416046143e-01
2.417180389165878296e-01
1.468416452407836914e-01
1.417527049779891968e-01
1.906451284885406494e-01
1.781994104385375977e-01
1.490029245615005493e-01
1.532240509986877441e-01
8.632177114486694336e-02
6.751687824726104736e-02
5.427834987640380859e-01
4.981940984725952148e-01
7.023388743400573730e-01
4.451117813587188721e-01
1.035043299198150635e-01
2.827045321464538574e-02
3.201607987284660339e-02
5.002762675285339355e-01
5.134854316711425781e-01
8.483332395553588867e-02
1.222254112362861633e-01
5.549329146742820740e-02
1.277446746826171875e-01
2.949314713478088379e-01
5.212996900081634521e-02
1.483813524246215820e-01
1.246335282921791077e-01
1.361459046602249146e-01
1.012358292937278748e-01
1.465685814619064331e-01
1.566657871007919312e-01
8.653184771537780762e-02
1.911123692989349365e-01
3.730222210288047791e-02
2.868475206196308136e-02
1.592049598693847656e-01
2.596029341220855713e-01
1.703277677297592163e-01
1.468723267316818237e-01
1.643903404474258423e-01
1.277451068162918091e-01
1.052827462553977966e-01
1.421781629323959351e-01
1.666241139173507690e-01
2.098675072193145752e-01
1.855871379375457764e-01
4.607353731989860535e-02
1.137301698327064514e-01
1.462130993604660034e-01
7.710493355989456177e-02
1.660209298133850098e-01
9.340240806341171265e-02
2.006933391094207764e-01
3.231466710567474365e-01
4.681431055068969727e-01
1.757679134607315063e-01
4.240688681602478027e-01
4.102458059787750244e-01
4.976445138454437256e-01
5.611084103584289551e-01
1.817664802074432373e-01
1.484971791505813599e-01
7.956571131944656372e-02
4.178518950939178467e-01
7.551111578941345215e-01
4.458588659763336182e-01
5.809785127639770508e-01
2.002155184745788574e-01
1.253591328859329224e-01
6.319872736930847168e-01
6.161189079284667969e-01
5.600111484527587891e-01
5.430613756179809570e-01
5.595691800117492676e-01
2.133054733276367188e-01
9.782906621694564819e-02
3.714548051357269287e-01
2.158004939556121826e-01
1.311818659305572510e-01
5.102226734161376953e-01
4.735728502273559570e-01
5.196935534477233887e-01
7.366746664047241211e-02
8.917962014675140381e-02
4.848594069480895996e-01
1.656956523656845093e-01
1.155447587370872498e-01
1.075793355703353882e-01
2.553868889808654785e-01
3.229728639125823975e-01
1.348624378442764282e-01
1.479641050100326538e-01
1.141041591763496399e-01
1.798163056373596191e-01
1.849750280380249023e-01
9.279235452413558960e-02
6.822900176048278809e-01
5.515302419662475586e-01
5.036847591400146484e-01
7.332611680030822754e-01
1.703395694494247437e-01
4.868971407413482666e-01
2.354562729597091675e-01
2.179284095764160156e-01
2.724471390247344971e-01
7.606530189514160156e-02
1.358571201562881470e-01
2.856137454509735107e-01
4.520069062709808350e-01
2.464021742343902588e-01
6.036778688430786133e-01
4.478125572204589844e-01
3.134630322456359863e-01
8.646392822265625000e-01
3.550574183464050293e-01
3.877297639846801758e-01
2.310485988855361938e-01
5.372105240821838379e-01
1.952518373727798462e-01
1.863569021224975586e-01
1.324097812175750732e-01
1.316406279802322388e-01
1.494422554969787598e-01
9.366466104984283447e-02
6.427845954895019531e-01
1.312961280345916748e-01
9.870859980583190918e-02
1.735429316759109497e-01
1.310197114944458008e-01
2.053392827510833740e-01
1.554730087518692017e-01
1.309456676244735718e-01
1.782516986131668091e-01
2.116559743881225586e-01
1.536784917116165161e-01
1.570516228675842285e-01
4.247425198554992676e-01
1.205460280179977417e-01
2.792684733867645264e-01
1.417306810617446899e-01
1.013917475938796997e-01
3.701195418834686279e-01
2.320288419723510742e-01
1.949716210365295410e-01
1.531127691268920898e-01
1.487279832363128662e-01
1.204953566193580627e-01
1.374171823263168335e-01
2.321793884038925171e-01
3.934795558452606201e-01
3.787977695465087891e-01
1.676467359066009521e-01
1.834482550621032715e-01
1.623988002538681030e-01
8.384603261947631836e-02
1.707904934883117676e-01
1.174073740839958191e-01
1.707069575786590576e-01
3.103934526443481445e-01
6.304388642311096191e-01
3.076428174972534180e-01
9.548423290252685547e-01
6.121229529380798340e-01
7.913448214530944824e-01
8.035141229629516602e-01
1.994397342205047607e-01
3.746963739395141602e-01
5.147277116775512695e-01
5.951923131942749023e-01
9.228195548057556152e-01
6.238722801208496094e-01
5.877150297164916992e-01
2.311693578958511353e-01
4.238442182540893555e-01
6.106325984001159668e-01
9.275977015495300293e-01
1.299224644899368286e-01
2.223419994115829468e-01
4.586507678031921387e-01
5.229688882827758789e-01
1.855262368917465210e-01
5.834909081459045410e-01
6.798811554908752441e-01
1.535920649766921997e-01
2.181961238384246826e-01
3.947218060493469238e-01
1.789093911647796631e-01
3.974656462669372559e-01
1.002198010683059692e-01
6.025307253003120422e-02
7.633426040410995483e-02
1.075353696942329407e-01
9.701453894376754761e-02
1.630959659814834595e-01
5.474147200584411621e-01
5.907183885574340820e-01
4.220130443572998047e-01
4.071727097034454346e-01
1.323535591363906860e-01
7.684089243412017822e-02
2.751418948173522949e-02
7.429293543100357056e-02
9.975409507751464844e-02
1.026938781142234802e-01
1.107528880238533020e-01
7.928684353828430176e-02
8.627805113792419434e-02
2.686776816844940186e-01
1.238957718014717102e-01
1.363903433084487915e-01
6.520047783851623535e-02
1.488766670227050781e-01
1.499146074056625366e-01
2.296516299247741699e-01
1.004814654588699341e-01
1.496991664171218872e-01
9.322974830865859985e-02
1.220562160015106201e-01
9.349244832992553711e-02
7.146169990301132202e-02
5.672349929809570312e-01
2.590739130973815918e-01
2.166297435760498047e-01
2.160037606954574585e-01
5.925713777542114258e-01
3.366244733333587646e-01
2.506243884563446045e-01
1.824659407138824463e-01
1.805038303136825562e-01
1.834444850683212280e-01
1.490486115217208862e-01
1.975783407688140869e-01
1.790064424276351929e-01
2.307531386613845825e-01
6.720928847789764404e-02
4.992577806115150452e-02
5.884007811546325684e-01
5.003033876419067383e-01
5.245649218559265137e-01
4.867180883884429932e-01
1.225999370217323303e-01
9.451925009489059448e-02
6.324963569641113281e-01
3.031115531921386719e-01
4.464821815490722656e-01
2.001275420188903809e-01
4.671808779239654541e-01
1.000018492341041565e-01
1.587099581956863403e-01
2.035338729619979858e-01
1.294269859790802002e-01
9.083843231201171875e-02
5.858585834503173828e-01
6.689508557319641113e-01
1.481491923332214355e-01
3.819780051708221436e-01
8.308590203523635864e-02
8.496540039777755737e-02
1.529483199119567871e-01
1.118975579738616943e-01
7.611873745918273926e-02
1.123697012662887573e-01
1.041380092501640320e-01
1.312321722507476807e-01
5.849496275186538696e-02
1.750590354204177856e-01
2.230073213577270508e-01
2.446764856576919556e-01
1.699777245521545410e-01
1.190469413995742798e-01
6.130631640553474426e-02
1.676004081964492798e-01
7.552576810121536255e-02
8.426041156053543091e-02
8.423955738544464111e-02
1.446567475795745850e-01
3.852976858615875244e-01
4.293511509895324707e-01
3.805400729179382324e-01
2.852671146392822266e-01
1.215817853808403015e-01
4.345725849270820618e-02
2.067585736513137817e-01
9.501105546951293945e-02
1.177831292152404785e-01
6.326194405555725098e-01
1.563687771558761597e-01
5.552880093455314636e-02
3.260469436645507812e-01
2.786672711372375488e-01
8.080648183822631836e-01
3.477700650691986084e-01
3.679983317852020264e-01
2.066305577754974365e-01
1.407084017992019653e-01
5.840414166450500488e-01
6.198363751173019409e-02
1.628095656633377075e-01
3.115071654319763184e-01
1.430508196353912354e-01
5.390120670199394226e-02
1.040988191962242126e-01
1.022901907563209534e-01
2.161960601806640625e-01
2.974590957164764404e-01
2.014673203229904175e-01
7.293724268674850464e-02
1.809994578361511230e-01
1.632390618324279785e-01
7.120974361896514893e-02
1.281045973300933838e-01
1.079595983028411865e-01
8.184456080198287964e-02
1.442120820283889771e-01
7.077360898256301880e-02
1.356630921363830566e-01
1.455417722463607788e-01
3.577325344085693359e-01
6.954401731491088867e-01
7.087092399597167969e-01
6.775078773498535156e-01
6.682873964309692383e-01
1.365436315536499023e-01
2.788715958595275879e-01
2.509292960166931152e-01
2.721783816814422607e-01
3.240984380245208740e-01
2.730746865272521973e-01
1.442975401878356934e-01
1.667928844690322876e-01
1.821759194135665894e-01
1.652089357376098633e-01
1.708012819290161133e-01
3.945086002349853516e-01
2.031948417425155640e-01
1.928261369466781616e-01
7.753726094961166382e-02
4.209053218364715576e-01
5.748369097709655762e-01
4.327797591686248779e-01
1.840369552373886108e-01
4.763845801353454590e-01
1.032928898930549622e-01
2.002945393323898315e-01
3.138940632343292236e-01
5.942422747611999512e-01
5.565857887268066406e-01
5.298109650611877441e-01
1.684788167476654053e-01
2.873698472976684570e-01
2.044005244970321655e-01
7.780501991510391235e-02
4.509133473038673401e-02
1.035362929105758667e-01
1.813141107559204102e-01
6.621778607368469238e-01
1.021998971700668335e-01
9.349067509174346924e-02
8.289078623056411743e-02
5.654311552643775940e-02
1.168918982148170471e-01
1.132151409983634949e-01
1.533171534538269043e-01
1.296280026435852051e-01
7.809188216924667358e-02
6.645512580871582031e-02
5.217973515391349792e-02
6.543006747961044312e-02
7.391820847988128662e-02
8.581062406301498413e-02
7.766047865152359009e-02
9.877696633338928223e-02
9.336235374212265015e-02
1.083883941173553467e-01
5.877078697085380554e-02
1.328798383474349976e-01
1.498961597681045532e-01
1.017415300011634827e-01
2.266142368316650391e-01
4.790292680263519287e-01
4.599413275718688965e-01
1.746845692396163940e-01
1.531545370817184448e-01
2.926826179027557373e-01
3.079319298267364502e-01
1.682399809360504150e-01
2.327374666929244995e-01
1.124241501092910767e-01
1.059037744998931885e-01
1.128798648715019226e-01
1.741074919700622559e-01
1.547049432992935181e-01
1.200725734233856201e-01
1.117945015430450439e-01
5.938895791769027710e-02
1.047555729746818542e-01
2.656014077365398407e-02
5.987528562545776367e-01
9.864342212677001953e-02
7.055521011352539062e-02
1.066395193338394165e-01
9.767044335603713989e-02
2.847689390182495117e-01
9.437970817089080811e-02
2.473651915788650513e-01
1.484138220548629761e-01
1.297415345907211304e-01
1.021825000643730164e-01
9.713627398014068604e-02
1.154306903481483459e-01
2.023060619831085205e-01
7.699750363826751709e-02
9.745814651250839233e-02
4.992163181304931641e-02
7.297409325838088989e-02
9.740322828292846680e-02
1.384761333465576172e-01
1.598963588476181030e-01
4.573985040187835693e-01
4.624817073345184326e-01
2.768311202526092529e-01
1.835575103759765625e-01
3.044520616531372070e-01
5.634654164314270020e-01
2.518261671066284180e-01
4.602037370204925537e-01
5.829690098762512207e-01
5.045005679130554199e-01
5.677315592765808105e-01
5.920598506927490234e-01
1.513663828372955322e-01
1.460761129856109619e-01
1.342780292034149170e-01
1.889379024505615234e-01
5.611670017242431641e-02
1.292787492275238037e-01
9.426733851432800293e-02
8.877857774496078491e-02
1.066748574376106262e-01
5.177767202258110046e-02
1.258916854858398438e-01
9.060924500226974487e-02
9.119845181703567505e-02
9.113267064094543457e-02
4.070672392845153809e-01
4.896131753921508789e-01
3.210887312889099121e-01
2.570078969001770020e-01
1.809718310832977295e-01
4.379925429821014404e-01
1.630419641733169556e-01
6.448513269424438477e-01
4.097044467926025391e-01
1.523307859897613525e-01
6.030697226524353027e-01
1.652421206235885620e-01
6.105410456657409668e-01
4.092341363430023193e-01
7.469971776008605957e-01
5.828157067298889160e-01
3.361501097679138184e-01
2.541163861751556396e-01
1.481826603412628174e-01
7.117244601249694824e-02
4.070532023906707764e-01
1.140045821666717529e-01
9.018921107053756714e-02
6.936798989772796631e-02
2.710684537887573242e-01
9.974434971809387207e-02
3.214128017425537109e-01
3.144731819629669189e-01
7.570359110832214355e-02
6.767658144235610962e-02
2.429678738117218018e-01
1.112747862935066223e-01
8.096499741077423096e-02
9.773515164852142334e-02
6.385427713394165039e-02
1.700145006179809570e-01
6.119903326034545898e-01
4.084985256195068359e-01
2.051142752170562744e-01
3.440206050872802734e-01
1.186366230249404907e-01
4.462788701057434082e-01
1.007065996527671814e-01
1.265189796686172485e-01
7.661347836256027222e-02
9.407939016819000244e-02
1.673749536275863647e-01
1.925806254148483276e-01
7.751655578613281250e-02
1.613688841462135315e-02
5.979665368795394897e-02
1.050348579883575439e-01
5.962944030761718750e-02
9.040703624486923218e-02
4.878591001033782959e-02
8.623475581407546997e-02
5.229166522622108459e-02
5.343332141637802124e-02
1.083344891667366028e-01
1.591712683439254761e-01
5.286493897438049316e-01
2.913488745689392090e-01
1.718719899654388428e-01
1.573797166347503662e-01
4.286666810512542725e-01
1.864479780197143555e-01
2.847154736518859863e-01
1.807813048362731934e-01
1.197922900319099426e-01
3.464332520961761475e-01
1.491663157939910889e-01
9.044178575277328491e-02
4.095779359340667725e-01
4.208309352397918701e-01
5.355794429779052734e-01
4.370416700839996338e-01
4.611889719963073730e-01
1.995919644832611084e-01
4.374389946460723877e-01
5.105377435684204102e-01
4.966308176517486572e-01
5.808288455009460449e-01
